-1,0.0000,0.5000,1.0000,1.5000,2.0000,2.5000,3.0000,3.5000,4.0000,4.5000,5.0000,5.5000,6.0000,6.5000,7.0000,7.5000,8.0000,8.5000,9.0000,9.5000,10.0000,10.5000,11.0000,11.5000,12.0000,12.5000,13.0000,13.5000,14.0000,14.5000,15.0000,15.5000,16.0000,16.5000,17.0000,17.5000,18.0000,18.5000,19.0000,19.5000,20.0000,20.5000,21.0000,21.5000,22.0000,22.5000,23.0000,23.5000,24.0000,24.5000,25.0000,25.5000,26.0000,26.5000,27.0000,27.5000,28.0000,28.5000,29.0000,29.5000,30.0000,30.5000,31.0000,31.5000,32.0000,32.5000,33.0000,33.5000,34.0000,34.5000,35.0000,35.5000,36.0000,36.5000,37.0000,37.5000,38.0000,38.5000,39.0000,39.5000,40.0000,40.5000,41.0000,41.5000,42.0000,42.5000,43.0000,43.5000,44.0000,44.5000,45.0000,45.5000,46.0000,46.5000,47.0000,47.5000,48.0000,48.5000,49.0000,49.5000,50.0000,50.5000,51.0000,51.5000,52.0000,52.5000,53.0000,53.5000,54.0000,54.5000,55.0000,55.5000,56.0000,56.5000,57.0000,57.5000,58.0000,58.5000,59.0000,59.5000,60.0000,60.5000,61.0000,61.5000,62.0000,62.5000,63.0000,63.5000,64.0000,64.5000,65.0000,65.5000,66.0000,66.5000,67.0000,67.5000,68.0000,68.5000,69.0000,69.5000,70.0000,70.5000,71.0000,71.5000,72.0000,72.5000,73.0000,73.5000,74.0000,74.5000,75.0000,75.5000,76.0000,76.5000,77.0000,77.5000,78.0000,78.5000,79.0000,79.5000,80.0000,80.5000,81.0000,81.5000,82.0000,82.5000,83.0000,83.5000,84.0000,84.5000,85.0000,85.5000,86.0000,86.5000,87.0000,87.5000,88.0000,88.5000,89.0000,89.5000,90.0000,90.5000,91.0000,91.5000,92.0000,92.5000,93.0000,93.5000,94.0000,94.5000,95.0000,95.5000,96.0000,96.5000,97.0000,97.5000,98.0000,98.5000,99.0000,99.5000,100.0000,100.5000,101.0000,101.5000,102.0000,102.5000,103.0000,103.5000,104.0000,104.5000,105.0000,105.5000,106.0000,106.5000,107.0000,107.5000,108.0000,108.5000,109.0000,109.5000,110.0000,110.5000,111.0000,111.5000,112.0000,112.5000,113.0000,113.5000,114.0000,114.5000,115.0000,115.5000,116.0000,116.5000,117.0000,117.5000,118.0000,118.5000,119.0000,119.5000,120.0000,120.5000,121.0000,121.5000,122.0000,122.5000,123.0000,123.5000,124.0000,124.5000,125.0000,125.5000,126.0000,126.5000,127.0000,127.5000,128.0000,128.5000,129.0000,129.5000,130.0000,130.5000,131.0000,131.5000,132.0000,132.5000,133.0000,133.5000,134.0000,134.5000,135.0000,135.5000,136.0000,136.5000,137.0000,137.5000,138.0000,138.5000,139.0000,139.5000,140.0000,140.5000,141.0000,141.5000,142.0000,142.5000,143.0000,143.5000,144.0000,144.5000,145.0000,145.5000,146.0000,146.5000,147.0000,147.5000,148.0000,148.5000,149.0000,149.5000,150.0000,150.5000,151.0000,151.5000,152.0000,152.5000,153.0000,153.5000,154.0000,154.5000,155.0000,155.5000,156.0000,156.5000,157.0000,157.5000,158.0000,158.5000,159.0000,159.5000,160.0000,160.5000,161.0000,161.5000,162.0000,162.5000,163.0000,163.5000,164.0000,164.5000,165.0000,165.5000,166.0000,166.5000,167.0000,167.5000,168.0000,168.5000,169.0000,169.5000,170.0000,170.5000,171.0000,171.5000,172.0000,172.5000,173.0000,173.5000,174.0000,174.5000,175.0000,175.5000,176.0000,176.5000,177.0000,177.5000,178.0000,178.5000,179.0000,179.5000,180.0000,180.5000,181.0000,181.5000,182.0000,182.5000,183.0000,183.5000,184.0000,184.5000,185.0000,185.5000,186.0000,186.5000,187.0000,187.5000,188.0000,188.5000,189.0000,189.5000,190.0000,190.5000,191.0000,191.5000,192.0000,192.5000,193.0000,193.5000,194.0000,194.5000,195.0000,195.5000,196.0000,196.5000,197.0000,197.5000,198.0000,198.5000,199.0000,199.5000,200.0000,200.5000,201.0000,201.5000,202.0000,202.5000,203.0000,203.5000,204.0000,204.5000,205.0000,205.5000,206.0000,206.5000,207.0000,207.5000,208.0000,208.5000,209.0000,209.5000,210.0000,210.5000,211.0000,211.5000,212.0000,212.5000,213.0000,213.5000,214.0000,214.5000,215.0000,215.5000,216.0000,216.5000,217.0000,217.5000,218.0000,218.5000,219.0000,219.5000,220.0000,220.5000,221.0000,221.5000,222.0000,222.5000,223.0000,223.5000,224.0000,224.5000,225.0000,225.5000,226.0000,226.5000,227.0000,227.5000,228.0000,228.5000,229.0000,229.5000,230.0000,230.5000,231.0000,231.5000,232.0000,232.5000,233.0000,233.5000,234.0000,234.5000,235.0000,235.5000,236.0000,236.5000,237.0000,237.5000,238.0000,238.5000,239.0000,239.5000,240.0000,240.5000,241.0000,241.5000,242.0000,242.5000,243.0000,243.5000,244.0000,244.5000,245.0000,245.5000,246.0000,246.5000,247.0000,247.5000,248.0000,248.5000,249.0000,249.5000,250.0000,250.5000,251.0000,251.5000,252.0000,252.5000,253.0000,253.5000,254.0000,254.5000,255.0000,255.5000,256.0000,256.5000,257.0000,257.5000,258.0000,258.5000,259.0000,259.5000,260.0000,260.5000,261.0000,261.5000,262.0000,262.5000,263.0000,263.5000,264.0000,264.5000,265.0000,265.5000,266.0000,266.5000,267.0000,267.5000,268.0000,268.5000,269.0000,269.5000,270.0000,270.5000,271.0000,271.5000,272.0000,272.5000,273.0000,273.5000,274.0000,274.5000,275.0000,275.5000,276.0000,276.5000,277.0000,277.5000,278.0000,278.5000,279.0000,279.5000,280.0000,280.5000,281.0000,281.5000,282.0000,282.5000,283.0000,283.5000,284.0000,284.5000,285.0000,285.5000,286.0000,286.5000,287.0000,287.5000,288.0000,288.5000,289.0000,289.5000,290.0000,290.5000,291.0000,291.5000,292.0000,292.5000,293.0000,293.5000,294.0000,294.5000,295.0000,295.5000,296.0000,296.5000,297.0000,297.5000,298.0000,298.5000,299.0000,299.5000,300.0000,300.5000,301.0000,301.5000,302.0000,302.5000,303.0000,303.5000,304.0000,304.5000,305.0000,305.5000,306.0000,306.5000,307.0000,307.5000,308.0000,308.5000,309.0000,309.5000,310.0000,310.5000,311.0000,311.5000,312.0000,312.5000,313.0000,313.5000,314.0000,314.5000,315.0000,315.5000,316.0000,316.5000,317.0000,317.5000,318.0000,318.5000,319.0000,319.5000,320.0000,320.5000,321.0000,321.5000,322.0000,322.5000,323.0000,323.5000,324.0000,324.5000,325.0000,325.5000,326.0000,326.5000,327.0000,327.5000,328.0000,328.5000,329.0000,329.5000,330.0000,330.5000,331.0000,331.5000,332.0000,332.5000,333.0000,333.5000,334.0000,334.5000,335.0000,335.5000,336.0000,336.5000,337.0000,337.5000,338.0000,338.5000,339.0000,339.5000,340.0000,340.5000,341.0000,341.5000,342.0000,342.5000,343.0000,343.5000,344.0000,344.5000,345.0000,345.5000,346.0000,346.5000,347.0000,347.5000,348.0000,348.5000,349.0000,349.5000,350.0000,350.5000,351.0000,351.5000,352.0000,352.5000,353.0000,353.5000,354.0000,354.5000,355.0000,355.5000,356.0000,356.5000,357.0000,357.5000,358.0000,358.5000,359.0000,359.5000,360.0000,360.5000,361.0000,361.5000,362.0000,362.5000,363.0000,363.5000,364.0000,364.5000,365.0000,365.5000,366.0000,366.5000,367.0000,367.5000,368.0000,368.5000,369.0000,369.5000,370.0000,370.5000,371.0000,371.5000,372.0000,372.5000,373.0000,373.5000,374.0000,374.5000,375.0000,375.5000,376.0000,376.5000,377.0000,377.5000,378.0000,378.5000,379.0000,379.5000,380.0000,380.5000,381.0000,381.5000,382.0000,382.5000,383.0000,383.5000,384.0000,384.5000,385.0000,385.5000,386.0000,386.5000,387.0000,387.5000,388.0000,388.5000,389.0000,389.5000,390.0000,390.5000,391.0000,391.5000,392.0000,392.5000,393.0000,393.5000,394.0000,394.5000,395.0000,395.5000,396.0000,396.5000,397.0000,397.5000,398.0000,398.5000,399.0000,399.5000,400.0000,400.5000,401.0000,401.5000,402.0000,402.5000,403.0000,403.5000,404.0000,404.5000,405.0000,405.5000,406.0000,406.5000,407.0000,407.5000,408.0000,408.5000,409.0000,409.5000,410.0000,410.5000,411.0000,411.5000,412.0000,412.5000,413.0000,413.5000,414.0000,414.5000,415.0000,415.5000,416.0000,416.5000,417.0000,417.5000,418.0000,418.5000,419.0000,419.5000,420.0000,420.5000,421.0000,421.5000,422.0000,422.5000,423.0000,423.5000,424.0000,424.5000,425.0000,425.5000,426.0000,426.5000,427.0000,427.5000,428.0000,428.5000,429.0000,429.5000,430.0000,430.5000,431.0000,431.5000,432.0000,432.5000,433.0000,433.5000,434.0000,434.5000,435.0000,435.5000,436.0000,436.5000,437.0000,437.5000,438.0000,438.5000,439.0000,439.5000,440.0000,440.5000,441.0000,441.5000,442.0000,442.5000,443.0000,443.5000,444.0000,444.5000,445.0000,445.5000,446.0000,446.5000,447.0000,447.5000,448.0000,448.5000,449.0000,449.5000,450.0000,450.5000,451.0000,451.5000,452.0000,452.5000,453.0000,453.5000,454.0000,454.5000,455.0000,455.5000,456.0000,456.5000,457.0000,457.5000,458.0000,458.5000,459.0000,459.5000,460.0000,460.5000,461.0000,461.5000,462.0000,462.5000,463.0000,463.5000,464.0000,464.5000,465.0000,465.5000,466.0000,466.5000,467.0000,467.5000,468.0000,468.5000,469.0000,469.5000,470.0000,470.5000,471.0000,471.5000,472.0000,472.5000,473.0000,473.5000,474.0000,474.5000,475.0000,475.5000,476.0000,476.5000,477.0000,477.5000,478.0000,478.5000,479.0000,479.5000,480.0000,480.5000,481.0000,481.5000,482.0000,482.5000,483.0000,483.5000,484.0000,484.5000,485.0000,485.5000,486.0000,486.5000,487.0000,487.5000,488.0000,488.5000,489.0000,489.5000,490.0000,490.5000,491.0000,491.5000,492.0000,492.5000,493.0000,493.5000,494.0000,494.5000,495.0000,495.5000,496.0000,496.5000,497.0000,497.5000,498.0000,498.5000,499.0000,499.5000,500.0000,500.5000,501.0000,501.5000,502.0000,502.5000,503.0000,503.5000,504.0000,504.5000,505.0000,505.5000,506.0000,506.5000,507.0000,507.5000,508.0000,508.5000,509.0000,509.5000,510.0000,510.5000,511.0000,511.5000,512.0000,512.5000,513.0000,513.5000,514.0000,514.5000,515.0000,515.5000,516.0000,516.5000,517.0000,517.5000,518.0000,518.5000,519.0000,519.5000,520.0000,520.5000,521.0000,521.5000,522.0000,522.5000,523.0000,523.5000,524.0000,524.5000,525.0000,525.5000,526.0000,526.5000,527.0000,527.5000,528.0000,528.5000,529.0000,529.5000,530.0000,530.5000,531.0000,531.5000,532.0000,532.5000,533.0000,533.5000,534.0000,534.5000,535.0000,535.5000,536.0000,536.5000,537.0000,537.5000,538.0000,538.5000,539.0000,539.5000,540.0000,540.5000,541.0000,541.5000,542.0000,542.5000,543.0000,543.5000,544.0000,544.5000,545.0000,545.5000,546.0000,546.5000,547.0000,547.5000,548.0000,548.5000,549.0000,549.5000,550.0000,550.5000,551.0000,551.5000,552.0000,552.5000,553.0000,553.5000,554.0000,554.5000,555.0000,555.5000,556.0000,556.5000,557.0000,557.5000,558.0000,558.5000,559.0000,559.5000,560.0000,560.5000,561.0000,561.5000,562.0000,562.5000,563.0000,563.5000,564.0000,564.5000,565.0000,565.5000,566.0000,566.5000,567.0000,567.5000,568.0000,568.5000,569.0000,569.5000,570.0000,570.5000,571.0000,571.5000,572.0000,572.5000,573.0000,573.5000,574.0000,574.5000,575.0000,575.5000,576.0000,576.5000,577.0000,577.5000,578.0000,578.5000,579.0000,579.5000,580.0000,580.5000,581.0000,581.5000,582.0000,582.5000,583.0000,583.5000,584.0000,584.5000,585.0000,585.5000,586.0000,586.5000,587.0000,587.5000,588.0000,588.5000,589.0000,589.5000,590.0000,590.5000,591.0000,591.5000,592.0000,592.5000,593.0000,593.5000,594.0000,594.5000,595.0000,595.5000,596.0000,596.5000,597.0000,597.5000,598.0000,598.5000,599.0000,599.5000,600.0000,600.5000,601.0000,601.5000,602.0000,602.5000,603.0000,603.5000,604.0000,604.5000,605.0000,605.5000,606.0000,606.5000,607.0000,607.5000,608.0000,608.5000,609.0000,609.5000,610.0000,610.5000,611.0000,611.5000,612.0000,612.5000,613.0000,613.5000,614.0000,614.5000,615.0000,615.5000,616.0000,616.5000,617.0000,617.5000,618.0000,618.5000,619.0000,619.5000,620.0000,620.5000,621.0000,621.5000,622.0000,622.5000,623.0000,623.5000,624.0000,624.5000,625.0000,625.5000,626.0000,626.5000,627.0000,627.5000,628.0000,628.5000,629.0000,629.5000,630.0000,630.5000,631.0000,631.5000,632.0000,632.5000,633.0000,633.5000,634.0000,634.5000,635.0000,635.5000,636.0000,636.5000,637.0000,637.5000,638.0000,638.5000,639.0000,639.5000,640.0000,640.5000,641.0000,641.5000,642.0000,642.5000,643.0000,643.5000,644.0000,644.5000,645.0000,645.5000,646.0000,646.5000,647.0000,647.5000,648.0000,648.5000,649.0000,649.5000,650.0000,650.5000,651.0000,651.5000,652.0000,652.5000,653.0000,653.5000,654.0000,654.5000,655.0000,655.5000,656.0000,656.5000,657.0000,657.5000,658.0000,658.5000,659.0000,659.5000,660.0000,660.5000,661.0000,661.5000,662.0000,662.5000,663.0000,663.5000,664.0000,664.5000,665.0000,665.5000,666.0000,666.5000,667.0000,667.5000,668.0000,668.5000,669.0000,669.5000,670.0000,670.5000,671.0000,671.5000,672.0000,672.5000,673.0000,673.5000,674.0000,674.5000,675.0000,675.5000,676.0000,676.5000,677.0000,677.5000,678.0000,678.5000,679.0000,679.5000,680.0000,680.5000,681.0000,681.5000,682.0000,682.5000,683.0000,683.5000,684.0000,684.5000,685.0000,685.5000,686.0000,686.5000,687.0000,687.5000,688.0000,688.5000,689.0000,689.5000,690.0000,690.5000,691.0000,691.5000,692.0000,692.5000,693.0000,693.5000,694.0000,694.5000,695.0000,695.5000,696.0000,696.5000,697.0000,697.5000,698.0000,698.5000,699.0000,699.5000,700.0000,700.5000,701.0000,701.5000,702.0000,702.5000,703.0000,703.5000,704.0000,704.5000,705.0000,705.5000,706.0000,706.5000,707.0000,707.5000,708.0000,708.5000,709.0000,709.5000,710.0000,710.5000,711.0000,711.5000,712.0000,712.5000,713.0000,713.5000,714.0000,714.5000,715.0000,715.5000,716.0000,716.5000,717.0000,717.5000,718.0000,718.5000,719.0000,719.5000,720.0000,720.5000,721.0000,721.5000,722.0000,722.5000,723.0000,723.5000,724.0000,724.5000,725.0000,725.5000,726.0000,726.5000,727.0000,727.5000,728.0000,728.5000,729.0000,729.5000,730.0000,730.5000,731.0000,731.5000,732.0000,732.5000,733.0000,733.5000,734.0000,734.5000,735.0000,735.5000,736.0000,736.5000,737.0000,737.5000,738.0000,738.5000,739.0000,739.5000,740.0000,740.5000,741.0000,741.5000,742.0000,742.5000,743.0000,743.5000,744.0000,744.5000,745.0000,745.5000,746.0000,746.5000,747.0000,747.5000,748.0000,748.5000,749.0000,749.5000,750.0000,750.5000,751.0000,751.5000,752.0000,752.5000,753.0000,753.5000,754.0000,754.5000,755.0000,755.5000,756.0000,756.5000,757.0000,757.5000,758.0000,758.5000,759.0000,759.5000,760.0000,760.5000,761.0000,761.5000,762.0000,762.5000,763.0000,763.5000,764.0000,764.5000,765.0000,765.5000,766.0000,766.5000,767.0000,767.5000,768.0000,768.5000,769.0000,769.5000,770.0000,770.5000,771.0000,771.5000,772.0000,772.5000,773.0000,773.5000,774.0000,774.5000,775.0000,775.5000,776.0000,776.5000,777.0000,777.5000,778.0000,778.5000,779.0000,779.5000,780.0000,780.5000,781.0000,781.5000,782.0000,782.5000,783.0000,783.5000,784.0000,784.5000,785.0000,785.5000,786.0000,786.5000,787.0000,787.5000,788.0000,788.5000,789.0000,789.5000,790.0000,790.5000,791.0000,791.5000,792.0000,792.5000,793.0000,793.5000,794.0000,794.5000,795.0000,795.5000,796.0000,796.5000,797.0000,797.5000,798.0000,798.5000,799.0000,799.5000,800.0000,800.5000,801.0000,801.5000,802.0000,802.5000,803.0000,803.5000,804.0000,804.5000,805.0000,805.5000,806.0000,806.5000,807.0000,807.5000,808.0000,808.5000,809.0000,809.5000,810.0000,810.5000,811.0000,811.5000,812.0000,812.5000,813.0000,813.5000,814.0000,814.5000,815.0000,815.5000,816.0000,816.5000,817.0000,817.5000,818.0000,818.5000,819.0000,819.5000,820.0000,820.5000,821.0000,821.5000,822.0000,822.5000,823.0000,823.5000,824.0000,824.5000,825.0000,825.5000,826.0000,826.5000,827.0000,827.5000,828.0000,828.5000,829.0000,829.5000,830.0000,830.5000,831.0000,831.5000,832.0000,832.5000,833.0000,833.5000,834.0000,834.5000,835.0000,835.5000,836.0000,836.5000,837.0000,837.5000,838.0000,838.5000,839.0000,839.5000,840.0000,840.5000,841.0000,841.5000,842.0000,842.5000,843.0000,843.5000,844.0000,844.5000,845.0000,845.5000,846.0000,846.5000,847.0000,847.5000,848.0000,848.5000,849.0000,849.5000,850.0000,850.5000,851.0000,851.5000,852.0000,852.5000,853.0000,853.5000,854.0000,854.5000,855.0000,855.5000,856.0000,856.5000,857.0000,857.5000,858.0000,858.5000,859.0000,859.5000,860.0000,860.5000,861.0000,861.5000,862.0000,862.5000,863.0000,863.5000,864.0000,864.5000,865.0000,865.5000,866.0000,866.5000,867.0000,867.5000,868.0000,868.5000,869.0000,869.5000,870.0000,870.5000,871.0000,871.5000,872.0000,872.5000,873.0000,873.5000,874.0000,874.5000,875.0000,875.5000,876.0000,876.5000,877.0000,877.5000,878.0000,878.5000,879.0000,879.5000,880.0000,880.5000,881.0000,881.5000,882.0000,882.5000,883.0000,883.5000,884.0000,884.5000,885.0000,885.5000,886.0000,886.5000,887.0000,887.5000,888.0000,888.5000,889.0000,889.5000,890.0000,890.5000,891.0000,891.5000,892.0000,892.5000,893.0000,893.5000,894.0000,894.5000,895.0000,895.5000,896.0000,896.5000,897.0000,897.5000,898.0000,898.5000,899.0000,899.5000,900.0000,900.5000,901.0000,901.5000,902.0000,902.5000,903.0000,903.5000,904.0000,904.5000,905.0000,905.5000,906.0000,906.5000,907.0000,907.5000,908.0000,908.5000,909.0000,909.5000,910.0000,910.5000,911.0000,911.5000,912.0000,912.5000,913.0000,913.5000,914.0000,914.5000,915.0000,915.5000,916.0000,916.5000,917.0000,917.5000,918.0000,918.5000,919.0000,919.5000,920.0000,920.5000,921.0000,921.5000,922.0000,922.5000,923.0000,923.5000,924.0000,924.5000,925.0000,925.5000,926.0000,926.5000,927.0000,927.5000,928.0000,928.5000,929.0000,929.5000,930.0000,930.5000,931.0000,931.5000,932.0000,932.5000,933.0000,933.5000,934.0000,934.5000,935.0000,935.5000,936.0000,936.5000,937.0000,937.5000,938.0000,938.5000,939.0000,939.5000,940.0000,940.5000,941.0000,941.5000,942.0000,942.5000,943.0000,943.5000,944.0000,944.5000,945.0000,945.5000,946.0000,946.5000,947.0000,947.5000,948.0000,948.5000,949.0000,949.5000,950.0000,950.5000,951.0000,951.5000,952.0000,952.5000,953.0000,953.5000,954.0000,954.5000,955.0000,955.5000,956.0000,956.5000,957.0000,957.5000,958.0000,958.5000,959.0000,959.5000,960.0000,960.5000,961.0000,961.5000,962.0000,962.5000,963.0000,963.5000,964.0000,964.5000,965.0000,965.5000,966.0000,966.5000,967.0000,967.5000,968.0000,968.5000,969.0000,969.5000,970.0000,970.5000,971.0000,971.5000,972.0000,972.5000,973.0000,973.5000,974.0000,974.5000,975.0000,975.5000,976.0000,976.5000,977.0000,977.5000,978.0000,978.5000,979.0000,979.5000,980.0000,980.5000,981.0000,981.5000,982.0000,982.5000,983.0000,983.5000,984.0000,984.5000,985.0000,985.5000,986.0000,986.5000,987.0000,987.5000,988.0000,988.5000,989.0000,989.5000,990.0000,990.5000,991.0000,991.5000,992.0000,992.5000,993.0000,993.5000,994.0000,994.5000,995.0000,995.5000,996.0000,996.5000,997.0000,997.5000,998.0000,998.5000,999.0000,999.5000,1000.0000,1000.5000,1001.0000,1001.5000,1002.0000,1002.5000,1003.0000,1003.5000,1004.0000,1004.5000,1005.0000,1005.5000,1006.0000,1006.5000,1007.0000,1007.5000,1008.0000,1008.5000,1009.0000,1009.5000,1010.0000,1010.5000,1011.0000,1011.5000,1012.0000,1012.5000,1013.0000,1013.5000,1014.0000,1014.5000,1015.0000,1015.5000,1016.0000,1016.5000,1017.0000,1017.5000,1018.0000,1018.5000,1019.0000,1019.5000,1020.0000,1020.5000,1021.0000,1021.5000,1022.0000,1022.5000,1023.0000,1023.5000,1024.0000,1024.5000,1025.0000,1025.5000,1026.0000,1026.5000,1027.0000,1027.5000,1028.0000,1028.5000,1029.0000,1029.5000,1030.0000,1030.5000,1031.0000,1031.5000,1032.0000,1032.5000,1033.0000,1033.5000,1034.0000,1034.5000,1035.0000,1035.5000,1036.0000,1036.5000,1037.0000,1037.5000,1038.0000,1038.5000,1039.0000,1039.5000,1040.0000,1040.5000,1041.0000,1041.5000,1042.0000,1042.5000,1043.0000,1043.5000,1044.0000,1044.5000,1045.0000,1045.5000,1046.0000,1046.5000,1047.0000,1047.5000,1048.0000,1048.5000,1049.0000,1049.5000,1050.0000,1050.5000,1051.0000,1051.5000,1052.0000,1052.5000,1053.0000,1053.5000,1054.0000,1054.5000,1055.0000,1055.5000,1056.0000,1056.5000,1057.0000,1057.5000,1058.0000,1058.5000,1059.0000,1059.5000,1060.0000,1060.5000,1061.0000,1061.5000,1062.0000,1062.5000,1063.0000,1063.5000,1064.0000,1064.5000,1065.0000,1065.5000,1066.0000,1066.5000,1067.0000,1067.5000,1068.0000,1068.5000,1069.0000,1069.5000,1070.0000,1070.5000,1071.0000,1071.5000,1072.0000,1072.5000,1073.0000,1073.5000,1074.0000,1074.5000,1075.0000,1075.5000,1076.0000,1076.5000,1077.0000,1077.5000,1078.0000,1078.5000,1079.0000,1079.5000,1080.0000,1080.5000,1081.0000,1081.5000,1082.0000,1082.5000,1083.0000,1083.5000,1084.0000,1084.5000,1085.0000,1085.5000,1086.0000,1086.5000,1087.0000,1087.5000,1088.0000,1088.5000,1089.0000,1089.5000,1090.0000,1090.5000,1091.0000,1091.5000,1092.0000,1092.5000,1093.0000,1093.5000,1094.0000,1094.5000,1095.0000,1095.5000,1096.0000,1096.5000,1097.0000,1097.5000,1098.0000,1098.5000,1099.0000,1099.5000,1100.0000,1100.5000,1101.0000,1101.5000,1102.0000,1102.5000,1103.0000,1103.5000,1104.0000,1104.5000,1105.0000,1105.5000,1106.0000,1106.5000,1107.0000,1107.5000,1108.0000,1108.5000,1109.0000,1109.5000,1110.0000,1110.5000,1111.0000,1111.5000,1112.0000,1112.5000,1113.0000,1113.5000,1114.0000,1114.5000,1115.0000,1115.5000,1116.0000,1116.5000,1117.0000,1117.5000,1118.0000,1118.5000,1119.0000,1119.5000,1120.0000,1120.5000,1121.0000,1121.5000,1122.0000,1122.5000,1123.0000,1123.5000,1124.0000,1124.5000,1125.0000,1125.5000,1126.0000,1126.5000,1127.0000,1127.5000,1128.0000,1128.5000,1129.0000,1129.5000,1130.0000,1130.5000,1131.0000,1131.5000,1132.0000,1132.5000,1133.0000,1133.5000,1134.0000,1134.5000,1135.0000,1135.5000,1136.0000,1136.5000,1137.0000,1137.5000,1138.0000,1138.5000,1139.0000,1139.5000,1140.0000,1140.5000,1141.0000,1141.5000,1142.0000,1142.5000,1143.0000,1143.5000,1144.0000,1144.5000,1145.0000,1145.5000,1146.0000,1146.5000,1147.0000,1147.5000,1148.0000,1148.5000,1149.0000,1149.5000,1150.0000,1150.5000,1151.0000,1151.5000,1152.0000,1152.5000,1153.0000,1153.5000,1154.0000,1154.5000,1155.0000,1155.5000,1156.0000,1156.5000,1157.0000,1157.5000,1158.0000,1158.5000,1159.0000,1159.5000,1160.0000,1160.5000,1161.0000,1161.5000,1162.0000,1162.5000,1163.0000,1163.5000,1164.0000,1164.5000,1165.0000,1165.5000,1166.0000,1166.5000,1167.0000,1167.5000,1168.0000,1168.5000,1169.0000,1169.5000,1170.0000,1170.5000,1171.0000,1171.5000,1172.0000,1172.5000,1173.0000,1173.5000,1174.0000,1174.5000,1175.0000,1175.5000,1176.0000,1176.5000,1177.0000,1177.5000,1178.0000,1178.5000,1179.0000,1179.5000,1180.0000,1180.5000,1181.0000,1181.5000,1182.0000,1182.5000,1183.0000,1183.5000,1184.0000,1184.5000,1185.0000,1185.5000,1186.0000,1186.5000,1187.0000,1187.5000,1188.0000,1188.5000,1189.0000,1189.5000,1190.0000,1190.5000,1191.0000,1191.5000,1192.0000,1192.5000,1193.0000,1193.5000,1194.0000,1194.5000,1195.0000,1195.5000,1196.0000,1196.5000,1197.0000,1197.5000,1198.0000,1198.5000,1199.0000,1199.5000,1200.0000,1200.5000,1201.0000,1201.5000,1202.0000,1202.5000,1203.0000,1203.5000,1204.0000,1204.5000,1205.0000,1205.5000,1206.0000,1206.5000,1207.0000,1207.5000,1208.0000,1208.5000,1209.0000,1209.5000,1210.0000,1210.5000,1211.0000,1211.5000,1212.0000,1212.5000,1213.0000,1213.5000,1214.0000,1214.5000,1215.0000,1215.5000,1216.0000,1216.5000,1217.0000,1217.5000,1218.0000,1218.5000,1219.0000,1219.5000,1220.0000,1220.5000,1221.0000,1221.5000,1222.0000,1222.5000,1223.0000,1223.5000,1224.0000,1224.5000,1225.0000,1225.5000,1226.0000,1226.5000,1227.0000,1227.5000,1228.0000,1228.5000,1229.0000,1229.5000,1230.0000,1230.5000,1231.0000,1231.5000,1232.0000,1232.5000,1233.0000,1233.5000,1234.0000,1234.5000,1235.0000,1235.5000,1236.0000,1236.5000,1237.0000,1237.5000,1238.0000,1238.5000,1239.0000,1239.5000,1240.0000,1240.5000,1241.0000,1241.5000,1242.0000,1242.5000,1243.0000,1243.5000,1244.0000,1244.5000,1245.0000,1245.5000,1246.0000,1246.5000,1247.0000,1247.5000,1248.0000,1248.5000,1249.0000,1249.5000,1250.0000,1250.5000,1251.0000,1251.5000,1252.0000,1252.5000,1253.0000,1253.5000,1254.0000,1254.5000,1255.0000,1255.5000,1256.0000,1256.5000,1257.0000,1257.5000,1258.0000,1258.5000,1259.0000,1259.5000,1260.0000,1260.5000,1261.0000,1261.5000,1262.0000,1262.5000,1263.0000,1263.5000,1264.0000,1264.5000,1265.0000,1265.5000,1266.0000,1266.5000,1267.0000,1267.5000,1268.0000,1268.5000,1269.0000,1269.5000,1270.0000,1270.5000,1271.0000,1271.5000,1272.0000,1272.5000,1273.0000,1273.5000,1274.0000,1274.5000,1275.0000,1275.5000,1276.0000,1276.5000,1277.0000,1277.5000,1278.0000,1278.5000,1279.0000,1279.5000,1280.0000,1280.5000,1281.0000,1281.5000,1282.0000,1282.5000,1283.0000,1283.5000,1284.0000,1284.5000,1285.0000,1285.5000,1286.0000,1286.5000,1287.0000,1287.5000,1288.0000,1288.5000,1289.0000,1289.5000,1290.0000,1290.5000,1291.0000,1291.5000,1292.0000,1292.5000,1293.0000,1293.5000,1294.0000,1294.5000,1295.0000,1295.5000,1296.0000,1296.5000,1297.0000,1297.5000,1298.0000,1298.5000,1299.0000,1299.5000,1300.0000,1300.5000,1301.0000,1301.5000,1302.0000,1302.5000,1303.0000,1303.5000,1304.0000,1304.5000,1305.0000,1305.5000,1306.0000,1306.5000,1307.0000,1307.5000,1308.0000,1308.5000,1309.0000,1309.5000,1310.0000,1310.5000,1311.0000,1311.5000,1312.0000,1312.5000,1313.0000,1313.5000,1314.0000,1314.5000,1315.0000,1315.5000,1316.0000,1316.5000,1317.0000,1317.5000,1318.0000,1318.5000,1319.0000,1319.5000,1320.0000,1320.5000,1321.0000,1321.5000,1322.0000,1322.5000,1323.0000,1323.5000,1324.0000,1324.5000,1325.0000,1325.5000,1326.0000,1326.5000,1327.0000,1327.5000,1328.0000,1328.5000,1329.0000,1329.5000,1330.0000,1330.5000,1331.0000,1331.5000,1332.0000,1332.5000,1333.0000,1333.5000,1334.0000,1334.5000,1335.0000,1335.5000,1336.0000,1336.5000,1337.0000,1337.5000,1338.0000,1338.5000,1339.0000,1339.5000,1340.0000,1340.5000,1341.0000,1341.5000,1342.0000,1342.5000,1343.0000,1343.5000,1344.0000,1344.5000,1345.0000,1345.5000,1346.0000,1346.5000,1347.0000,1347.5000,1348.0000,1348.5000,1349.0000,1349.5000,1350.0000,1350.5000,1351.0000,1351.5000,1352.0000,1352.5000,1353.0000,1353.5000,1354.0000,1354.5000,1355.0000,1355.5000,1356.0000,1356.5000,1357.0000,1357.5000,1358.0000,1358.5000,1359.0000,1359.5000,1360.0000,1360.5000,1361.0000,1361.5000,1362.0000,1362.5000,1363.0000,1363.5000,1364.0000,1364.5000,1365.0000,1365.5000,1366.0000,1366.5000,1367.0000,1367.5000,1368.0000,1368.5000,1369.0000,1369.5000,1370.0000,1370.5000,1371.0000,1371.5000,1372.0000,1372.5000,1373.0000,1373.5000,1374.0000,1374.5000,1375.0000,1375.5000,1376.0000,1376.5000,1377.0000,1377.5000,1378.0000,1378.5000,1379.0000,1379.5000,1380.0000,1380.5000,1381.0000,1381.5000,1382.0000,1382.5000,1383.0000,1383.5000,1384.0000,1384.5000,1385.0000,1385.5000,1386.0000,1386.5000,1387.0000,1387.5000,1388.0000,1388.5000,1389.0000,1389.5000,1390.0000,1390.5000,1391.0000,1391.5000,1392.0000,1392.5000,1393.0000,1393.5000,1394.0000,1394.5000,1395.0000,1395.5000,1396.0000,1396.5000,1397.0000,1397.5000,1398.0000,1398.5000,1399.0000,1399.5000,1400.0000,1400.5000,1401.0000,1401.5000,1402.0000,1402.5000,1403.0000,1403.5000,1404.0000,1404.5000,1405.0000,1405.5000,1406.0000,1406.5000,1407.0000,1407.5000,1408.0000,1408.5000,1409.0000,1409.5000,1410.0000,1410.5000,1411.0000,1411.5000,1412.0000,1412.5000,1413.0000,1413.5000,1414.0000,1414.5000,1415.0000,1415.5000,1416.0000,1416.5000,1417.0000,1417.5000,1418.0000,1418.5000,1419.0000,1419.5000,1420.0000,1420.5000,1421.0000,1421.5000,1422.0000,1422.5000,1423.0000,1423.5000,1424.0000,1424.5000,1425.0000,1425.5000,1426.0000,1426.5000,1427.0000,1427.5000,1428.0000,1428.5000,1429.0000,1429.5000,1430.0000,1430.5000,1431.0000,1431.5000,1432.0000,1432.5000,1433.0000,1433.5000,1434.0000,1434.5000,1435.0000,1435.5000,1436.0000,1436.5000,1437.0000,1437.5000,1438.0000,1438.5000,1439.0000,1439.5000,1440.0000,1440.5000,1441.0000,1441.5000,1442.0000,1442.5000,1443.0000,1443.5000,1444.0000,1444.5000,1445.0000,1445.5000,1446.0000,1446.5000,1447.0000,1447.5000,1448.0000,1448.5000,1449.0000,1449.5000,1450.0000,1450.5000,1451.0000,1451.5000,1452.0000,1452.5000,1453.0000,1453.5000,1454.0000,1454.5000,1455.0000,1455.5000,1456.0000,1456.5000,1457.0000,1457.5000,1458.0000,1458.5000,1459.0000,1459.5000,1460.0000,1460.5000,1461.0000,1461.5000,1462.0000,1462.5000,1463.0000,1463.5000,1464.0000,1464.5000,1465.0000,1465.5000,1466.0000,1466.5000,1467.0000,1467.5000,1468.0000,1468.5000,1469.0000,1469.5000,1470.0000,1470.5000,1471.0000,1471.5000,1472.0000,1472.5000,1473.0000,1473.5000,1474.0000,1474.5000,1475.0000,1475.5000,1476.0000,1476.5000,1477.0000,1477.5000,1478.0000,1478.5000,1479.0000,1479.5000,1480.0000,1480.5000,1481.0000,1481.5000,1482.0000,1482.5000,1483.0000,1483.5000,1484.0000,1484.5000,1485.0000,1485.5000,1486.0000,1486.5000,1487.0000,1487.5000,1488.0000,1488.5000,1489.0000,1489.5000,1490.0000,1490.5000,1491.0000,1491.5000,1492.0000,1492.5000,1493.0000,1493.5000,1494.0000,1494.5000,1495.0000,1495.5000,1496.0000,1496.5000,1497.0000,1497.5000,1498.0000,1498.5000,1499.0000,1499.5000,1500.0000,1500.5000,1501.0000,1501.5000,1502.0000,1502.5000,1503.0000,1503.5000,1504.0000,1504.5000,1505.0000,1505.5000,1506.0000,1506.5000,1507.0000,1507.5000,1508.0000,1508.5000,1509.0000,1509.5000,1510.0000,1510.5000,1511.0000,1511.5000,1512.0000,1512.5000,1513.0000,1513.5000,1514.0000,1514.5000,1515.0000,1515.5000,1516.0000,1516.5000,1517.0000,1517.5000,1518.0000,1518.5000,1519.0000,1519.5000,1520.0000,1520.5000,1521.0000,1521.5000,1522.0000,1522.5000,1523.0000,1523.5000,1524.0000,1524.5000,1525.0000,1525.5000,1526.0000,1526.5000,1527.0000,1527.5000,1528.0000,1528.5000,1529.0000,1529.5000,1530.0000,1530.5000,1531.0000,1531.5000,1532.0000,1532.5000,1533.0000,1533.5000,1534.0000,1534.5000,1535.0000,1535.5000,1536.0000,1536.5000,1537.0000,1537.5000,1538.0000,1538.5000,1539.0000,1539.5000,1540.0000,1540.5000,1541.0000,1541.5000,1542.0000,1542.5000,1543.0000,1543.5000,1544.0000,1544.5000,1545.0000,1545.5000,1546.0000,1546.5000,1547.0000,1547.5000,1548.0000,1548.5000,1549.0000,1549.5000,1550.0000,1550.5000,1551.0000,1551.5000,1552.0000,1552.5000,1553.0000,1553.5000,1554.0000,1554.5000,1555.0000,1555.5000,1556.0000,1556.5000,1557.0000,1557.5000,1558.0000,1558.5000,1559.0000,1559.5000,1560.0000,1560.5000,1561.0000,1561.5000,1562.0000,1562.5000,1563.0000,1563.5000,1564.0000,1564.5000,1565.0000,1565.5000,1566.0000,1566.5000,1567.0000,1567.5000,1568.0000,1568.5000,1569.0000,1569.5000,1570.0000,1570.5000,1571.0000,1571.5000,1572.0000,1572.5000,1573.0000,1573.5000,1574.0000,1574.5000,1575.0000,1575.5000,1576.0000,1576.5000,1577.0000,1577.5000,1578.0000,1578.5000,1579.0000,1579.5000,1580.0000,1580.5000,1581.0000,1581.5000,1582.0000,1582.5000,1583.0000,1583.5000,1584.0000,1584.5000,1585.0000,1585.5000,1586.0000,1586.5000,1587.0000,1587.5000,1588.0000,1588.5000,1589.0000,1589.5000,1590.0000,1590.5000,1591.0000,1591.5000,1592.0000,1592.5000,1593.0000,1593.5000,1594.0000,1594.5000,1595.0000,1595.5000,1596.0000,1596.5000,1597.0000,1597.5000,1598.0000,1598.5000,1599.0000,1599.5000,1600.0000,1600.5000,1601.0000,1601.5000,1602.0000,1602.5000,1603.0000,1603.5000,1604.0000,1604.5000,1605.0000,1605.5000,1606.0000,1606.5000,1607.0000,1607.5000,1608.0000,1608.5000,1609.0000,1609.5000,1610.0000,1610.5000,1611.0000,1611.5000,1612.0000,1612.5000,1613.0000,1613.5000,1614.0000,1614.5000,1615.0000,1615.5000,1616.0000,1616.5000,1617.0000,1617.5000,1618.0000,1618.5000,1619.0000,1619.5000,1620.0000,1620.5000,1621.0000,1621.5000,1622.0000,1622.5000,1623.0000,1623.5000,1624.0000,1624.5000,1625.0000,1625.5000,1626.0000,1626.5000,1627.0000,1627.5000,1628.0000,1628.5000,1629.0000,1629.5000,1630.0000,1630.5000,1631.0000,1631.5000,1632.0000,1632.5000,1633.0000,1633.5000,1634.0000,1634.5000,1635.0000,1635.5000,1636.0000,1636.5000,1637.0000,1637.5000,1638.0000,1638.5000,1639.0000,1639.5000,1640.0000,1640.5000,1641.0000,1641.5000,1642.0000,1642.5000,1643.0000,1643.5000,1644.0000,1644.5000,1645.0000,1645.5000,1646.0000,1646.5000,1647.0000,1647.5000,1648.0000,1648.5000,1649.0000,1649.5000,1650.0000,1650.5000,1651.0000,1651.5000,1652.0000,1652.5000,1653.0000,1653.5000,1654.0000,1654.5000,1655.0000,1655.5000,1656.0000,1656.5000,1657.0000,1657.5000,1658.0000,1658.5000,1659.0000,1659.5000,1660.0000,1660.5000,1661.0000,1661.5000,1662.0000,1662.5000,1663.0000,1663.5000,1664.0000,1664.5000,1665.0000,1665.5000,1666.0000,1666.5000,1667.0000,1667.5000,1668.0000,1668.5000,1669.0000,1669.5000,1670.0000,1670.5000,1671.0000,1671.5000,1672.0000,1672.5000,1673.0000,1673.5000,1674.0000,1674.5000,1675.0000,1675.5000,1676.0000,1676.5000,1677.0000,1677.5000,1678.0000,1678.5000,1679.0000,1679.5000,1680.0000,1680.5000,1681.0000,1681.5000,1682.0000,1682.5000,1683.0000,1683.5000,1684.0000,1684.5000,1685.0000,1685.5000,1686.0000,1686.5000,1687.0000,1687.5000,1688.0000,1688.5000,1689.0000,1689.5000,1690.0000,1690.5000,1691.0000,1691.5000,1692.0000,1692.5000,1693.0000,1693.5000,1694.0000,1694.5000,1695.0000,1695.5000,1696.0000,1696.5000,1697.0000,1697.5000,1698.0000,1698.5000,1699.0000,1699.5000,1700.0000,1700.5000,1701.0000,1701.5000,1702.0000,1702.5000,1703.0000,1703.5000,1704.0000,1704.5000,1705.0000,1705.5000,1706.0000,1706.5000,1707.0000,1707.5000,1708.0000,1708.5000,1709.0000,1709.5000,1710.0000,1710.5000,1711.0000,1711.5000,1712.0000,1712.5000,1713.0000,1713.5000,1714.0000,1714.5000,1715.0000,1715.5000,1716.0000,1716.5000,1717.0000,1717.5000,1718.0000,1718.5000,1719.0000,1719.5000,1720.0000,1720.5000,1721.0000,1721.5000,1722.0000,1722.5000,1723.0000,1723.5000,1724.0000,1724.5000,1725.0000,1725.5000,1726.0000,1726.5000,1727.0000,1727.5000,1728.0000,1728.5000,1729.0000,1729.5000,1730.0000,1730.5000,1731.0000,1731.5000,1732.0000,1732.5000,1733.0000,1733.5000,1734.0000,1734.5000,1735.0000,1735.5000,1736.0000,1736.5000,1737.0000,1737.5000,1738.0000,1738.5000,1739.0000,1739.5000,1740.0000,1740.5000,1741.0000,1741.5000,1742.0000,1742.5000,1743.0000,1743.5000,1744.0000,1744.5000,1745.0000,1745.5000,1746.0000,1746.5000,1747.0000,1747.5000,1748.0000,1748.5000,1749.0000,1749.5000,1750.0000,1750.5000,1751.0000,1751.5000,1752.0000,1752.5000,1753.0000,1753.5000,1754.0000,1754.5000,1755.0000,1755.5000,1756.0000,1756.5000,1757.0000,1757.5000,1758.0000,1758.5000,1759.0000,1759.5000,1760.0000,1760.5000,1761.0000,1761.5000,1762.0000,1762.5000,1763.0000,1763.5000,1764.0000,1764.5000,1765.0000,1765.5000,1766.0000,1766.5000,1767.0000,1767.5000,1768.0000,1768.5000,1769.0000,1769.5000,1770.0000,1770.5000,1771.0000,1771.5000,1772.0000,1772.5000,1773.0000,1773.5000,1774.0000,1774.5000,1775.0000,1775.5000,1776.0000,1776.5000,1777.0000,1777.5000,1778.0000,1778.5000,1779.0000,1779.5000,1780.0000,1780.5000,1781.0000,1781.5000,1782.0000,1782.5000,1783.0000,1783.5000,1784.0000,1784.5000,1785.0000,1785.5000,1786.0000,1786.5000,1787.0000,1787.5000,1788.0000,1788.5000,1789.0000,1789.5000,1790.0000,1790.5000,1791.0000,1791.5000,1792.0000,1792.5000,1793.0000,1793.5000,1794.0000,1794.5000,1795.0000,1795.5000,1796.0000,1796.5000,1797.0000,1797.5000,1798.0000,1798.5000,1799.0000,1799.5000,1800.0000,1800.5000,1801.0000,1801.5000,1802.0000,1802.5000,1803.0000,1803.5000,1804.0000,1804.5000,1805.0000,1805.5000,1806.0000,1806.5000,1807.0000,1807.5000,1808.0000,1808.5000,1809.0000,1809.5000,1810.0000,1810.5000,1811.0000,1811.5000,1812.0000,1812.5000,1813.0000,1813.5000,1814.0000,1814.5000,1815.0000,1815.5000,1816.0000,1816.5000,1817.0000,1817.5000,1818.0000,1818.5000,1819.0000,1819.5000,1820.0000,1820.5000,1821.0000,1821.5000,1822.0000,1822.5000,1823.0000,1823.5000,1824.0000,1824.5000,1825.0000,1825.5000,1826.0000,1826.5000,1827.0000,1827.5000,1828.0000,1828.5000,1829.0000,1829.5000,1830.0000,1830.5000,1831.0000,1831.5000,1832.0000,1832.5000,1833.0000,1833.5000,1834.0000,1834.5000,1835.0000,1835.5000,1836.0000,1836.5000,1837.0000,1837.5000,1838.0000,1838.5000,1839.0000,1839.5000,1840.0000,1840.5000,1841.0000,1841.5000,1842.0000,1842.5000,1843.0000,1843.5000,1844.0000,1844.5000,1845.0000,1845.5000,1846.0000,1846.5000,1847.0000,1847.5000,1848.0000,1848.5000,1849.0000,1849.5000,1850.0000,1850.5000,1851.0000,1851.5000,1852.0000,1852.5000,1853.0000,1853.5000,1854.0000,1854.5000,1855.0000,1855.5000,1856.0000,1856.5000,1857.0000,1857.5000,1858.0000,1858.5000,1859.0000,1859.5000,1860.0000,1860.5000,1861.0000,1861.5000,1862.0000,1862.5000,1863.0000,1863.5000,1864.0000,1864.5000,1865.0000,1865.5000,1866.0000,1866.5000,1867.0000,1867.5000,1868.0000,1868.5000,1869.0000,1869.5000,1870.0000,1870.5000,1871.0000,1871.5000,1872.0000,1872.5000,1873.0000,1873.5000,1874.0000,1874.5000,1875.0000,1875.5000,1876.0000,1876.5000,1877.0000,1877.5000,1878.0000,1878.5000,1879.0000,1879.5000,1880.0000,1880.5000,1881.0000,1881.5000,1882.0000,1882.5000,1883.0000,1883.5000,1884.0000,1884.5000,1885.0000,1885.5000,1886.0000,1886.5000,1887.0000,1887.5000,1888.0000,1888.5000,1889.0000,1889.5000,1890.0000,1890.5000,1891.0000,1891.5000,1892.0000,1892.5000,1893.0000,1893.5000,1894.0000,1894.5000,1895.0000,1895.5000,1896.0000,1896.5000,1897.0000,1897.5000,1898.0000,1898.5000,1899.0000,1899.5000,1900.0000,1900.5000,1901.0000,1901.5000,1902.0000,1902.5000,1903.0000,1903.5000,1904.0000,1904.5000,1905.0000,1905.5000,1906.0000,1906.5000,1907.0000,1907.5000,1908.0000,1908.5000,1909.0000,1909.5000,1910.0000,1910.5000,1911.0000,1911.5000,1912.0000,1912.5000,1913.0000,1913.5000,1914.0000,1914.5000,1915.0000,1915.5000,1916.0000,1916.5000,1917.0000,1917.5000,1918.0000,1918.5000,1919.0000,1919.5000,1920.0000,1920.5000,1921.0000,1921.5000,1922.0000,1922.5000,1923.0000,1923.5000,1924.0000,1924.5000,1925.0000,1925.5000,1926.0000,1926.5000,1927.0000,1927.5000,1928.0000,1928.5000,1929.0000,1929.5000,1930.0000,1930.5000,1931.0000,1931.5000,1932.0000,1932.5000,1933.0000,1933.5000,1934.0000,1934.5000,1935.0000,1935.5000,1936.0000,1936.5000,1937.0000,1937.5000,1938.0000,1938.5000,1939.0000,1939.5000,1940.0000,1940.5000,1941.0000,1941.5000,1942.0000,1942.5000,1943.0000,1943.5000,1944.0000,1944.5000,1945.0000,1945.5000,1946.0000,1946.5000,1947.0000,1947.5000,1948.0000,1948.5000,1949.0000,1949.5000,1950.0000,1950.5000,1951.0000,1951.5000,1952.0000,1952.5000,1953.0000,1953.5000,1954.0000,1954.5000,1955.0000,1955.5000,1956.0000,1956.5000,1957.0000,1957.5000,1958.0000,1958.5000,1959.0000,1959.5000,1960.0000,1960.5000,1961.0000,1961.5000,1962.0000,1962.5000,1963.0000,1963.5000,1964.0000,1964.5000,1965.0000,1965.5000,1966.0000,1966.5000,1967.0000,1967.5000,1968.0000,1968.5000,1969.0000,1969.5000,1970.0000,1970.5000,1971.0000,1971.5000,1972.0000,1972.5000,1973.0000,1973.5000,1974.0000,1974.5000,1975.0000,1975.5000,1976.0000,1976.5000,1977.0000,1977.5000,1978.0000,1978.5000,1979.0000,1979.5000,1980.0000,1980.5000,1981.0000,1981.5000,1982.0000,1982.5000,1983.0000,1983.5000,1984.0000,1984.5000,1985.0000,1985.5000,1986.0000,1986.5000,1987.0000,1987.5000,1988.0000,1988.5000,1989.0000,1989.5000,1990.0000,1990.5000,1991.0000,1991.5000,1992.0000,1992.5000,1993.0000,1993.5000,1994.0000,1994.5000,1995.0000,1995.5000,1996.0000,1996.5000,1997.0000,1997.5000,1998.0000,1998.5000,1999.0000,1999.5000,2000.0000,2000.5000,2001.0000,2001.5000,2002.0000,2002.5000,2003.0000,2003.5000,2004.0000,2004.5000,2005.0000,2005.5000,2006.0000,2006.5000,2007.0000,2007.5000,2008.0000,2008.5000,2009.0000,2009.5000,2010.0000,2010.5000,2011.0000,2011.5000,2012.0000,2012.5000,2013.0000,2013.5000,2014.0000,2014.5000,2015.0000,2015.5000,2016.0000,2016.5000,2017.0000,2017.5000,2018.0000,2018.5000,2019.0000,2019.5000,2020.0000,2020.5000,2021.0000,2021.5000,2022.0000,2022.5000,2023.0000,2023.5000,2024.0000,2024.5000,2025.0000,2025.5000,2026.0000,2026.5000,2027.0000,2027.5000,2028.0000,2028.5000,2029.0000,2029.5000,2030.0000,2030.5000,2031.0000,2031.5000,2032.0000,2032.5000,2033.0000,2033.5000,2034.0000,2034.5000,2035.0000,2035.5000,2036.0000,2036.5000,2037.0000,2037.5000,2038.0000,2038.5000,2039.0000,2039.5000,2040.0000,2040.5000,2041.0000,2041.5000,2042.0000,2042.5000,2043.0000,2043.5000,2044.0000,2044.5000,2045.0000,2045.5000,2046.0000,2046.5000,2047.0000,2047.5000,2048.0000,2048.5000,2049.0000,2049.5000,2050.0000,2050.5000,2051.0000,2051.5000,2052.0000,2052.5000,2053.0000,2053.5000,2054.0000,2054.5000,2055.0000,2055.5000,2056.0000,2056.5000,2057.0000,2057.5000,2058.0000,2058.5000,2059.0000,2059.5000,2060.0000,2060.5000,2061.0000,2061.5000,2062.0000,2062.5000,2063.0000,2063.5000,2064.0000,2064.5000,2065.0000,2065.5000,2066.0000,2066.5000,2067.0000,2067.5000,2068.0000,2068.5000,2069.0000,2069.5000,2070.0000,2070.5000,2071.0000,2071.5000,2072.0000,2072.5000,2073.0000,2073.5000,2074.0000,2074.5000,2075.0000,2075.5000,2076.0000,2076.5000,2077.0000,2077.5000,2078.0000,2078.5000,2079.0000,2079.5000,2080.0000,2080.5000,2081.0000,2081.5000,2082.0000,2082.5000,2083.0000,2083.5000,2084.0000,2084.5000,2085.0000,2085.5000,2086.0000,2086.5000,2087.0000,2087.5000,2088.0000,2088.5000,2089.0000,2089.5000,2090.0000,2090.5000,2091.0000,2091.5000,2092.0000,2092.5000,2093.0000,2093.5000,2094.0000,2094.5000,2095.0000,2095.5000,2096.0000,2096.5000,2097.0000,2097.5000,2098.0000,2098.5000,2099.0000,2099.5000,2100.0000,2100.5000,2101.0000,2101.5000,2102.0000,2102.5000,2103.0000,2103.5000,2104.0000,2104.5000,2105.0000,2105.5000,2106.0000,2106.5000,2107.0000,2107.5000,2108.0000,2108.5000,2109.0000,2109.5000,2110.0000,2110.5000,2111.0000,2111.5000,2112.0000,2112.5000,2113.0000,2113.5000,2114.0000,2114.5000,2115.0000,2115.5000,2116.0000,2116.5000,2117.0000,2117.5000,2118.0000,2118.5000,2119.0000,2119.5000,2120.0000,2120.5000,2121.0000,2121.5000,2122.0000,2122.5000,2123.0000,2123.5000,2124.0000,2124.5000,2125.0000,2125.5000,2126.0000,2126.5000,2127.0000,2127.5000,2128.0000,2128.5000,2129.0000,2129.5000,2130.0000,2130.5000,2131.0000,2131.5000,2132.0000,2132.5000,2133.0000,2133.5000,2134.0000,2134.5000,2135.0000,2135.5000,2136.0000,2136.5000,2137.0000,2137.5000,2138.0000,2138.5000,2139.0000,2139.5000,2140.0000,2140.5000,2141.0000,2141.5000,2142.0000,2142.5000,2143.0000,2143.5000,2144.0000,2144.5000,2145.0000,2145.5000,2146.0000,2146.5000,2147.0000,2147.5000,2148.0000,2148.5000,2149.0000,2149.5000,2150.0000,2150.5000,2151.0000,2151.5000,2152.0000,2152.5000,2153.0000,2153.5000,2154.0000,2154.5000,2155.0000,2155.5000,2156.0000,2156.5000,2157.0000,2157.5000,2158.0000,2158.5000,2159.0000,2159.5000,2160.0000,2160.5000,2161.0000,2161.5000,2162.0000,2162.5000,2163.0000,2163.5000,2164.0000,2164.5000,2165.0000,2165.5000,2166.0000,2166.5000,2167.0000,2167.5000,2168.0000,2168.5000,2169.0000,2169.5000,2170.0000,2170.5000,2171.0000,2171.5000,2172.0000,2172.5000,2173.0000,2173.5000,2174.0000,2174.5000,2175.0000,2175.5000,2176.0000,2176.5000,2177.0000,2177.5000,2178.0000,2178.5000,2179.0000,2179.5000,2180.0000,2180.5000,2181.0000,2181.5000,2182.0000,2182.5000,2183.0000,2183.5000,2184.0000,2184.5000,2185.0000,2185.5000,2186.0000,2186.5000,2187.0000,2187.5000,2188.0000,2188.5000,2189.0000,2189.5000,2190.0000,2190.5000,2191.0000,2191.5000,2192.0000,2192.5000,2193.0000,2193.5000,2194.0000,2194.5000,2195.0000,2195.5000,2196.0000,2196.5000,2197.0000,2197.5000,2198.0000,2198.5000,2199.0000,2199.5000,2200.0000,2200.5000,2201.0000,2201.5000,2202.0000,2202.5000,2203.0000,2203.5000,2204.0000,2204.5000,2205.0000,2205.5000,2206.0000,2206.5000,2207.0000,2207.5000,2208.0000,2208.5000,2209.0000,2209.5000,2210.0000,2210.5000,2211.0000,2211.5000,2212.0000,2212.5000,2213.0000,2213.5000,2214.0000,2214.5000,2215.0000,2215.5000,2216.0000,2216.5000,2217.0000,2217.5000,2218.0000,2218.5000,2219.0000,2219.5000,2220.0000,2220.5000,2221.0000,2221.5000,2222.0000,2222.5000,2223.0000,2223.5000,2224.0000,2224.5000,2225.0000,2225.5000,2226.0000,2226.5000,2227.0000,2227.5000,2228.0000,2228.5000,2229.0000,2229.5000,2230.0000,2230.5000,2231.0000,2231.5000,2232.0000,2232.5000,2233.0000,2233.5000,2234.0000,2234.5000,2235.0000,2235.5000,2236.0000,2236.5000,2237.0000,2237.5000,2238.0000,2238.5000,2239.0000,2239.5000,2240.0000,2240.5000,2241.0000,2241.5000,2242.0000,2242.5000,2243.0000,2243.5000,2244.0000,2244.5000,2245.0000,2245.5000,2246.0000,2246.5000,2247.0000,2247.5000,2248.0000,2248.5000,2249.0000,2249.5000,2250.0000,2250.5000,2251.0000,2251.5000,2252.0000,2252.5000,2253.0000,2253.5000,2254.0000,2254.5000,2255.0000,2255.5000,2256.0000,2256.5000,2257.0000,2257.5000,2258.0000,2258.5000,2259.0000,2259.5000,2260.0000,2260.5000,2261.0000,2261.5000,2262.0000,2262.5000,2263.0000,2263.5000,2264.0000,2264.5000,2265.0000,2265.5000,2266.0000,2266.5000,2267.0000,2267.5000,2268.0000,2268.5000,2269.0000,2269.5000,2270.0000,2270.5000,2271.0000,2271.5000,2272.0000,2272.5000,2273.0000,2273.5000,2274.0000,2274.5000,2275.0000,2275.5000,2276.0000,2276.5000,2277.0000,2277.5000,2278.0000,2278.5000,2279.0000,2279.5000,2280.0000,2280.5000,2281.0000,2281.5000,2282.0000,2282.5000,2283.0000,2283.5000,2284.0000,2284.5000,2285.0000,2285.5000,2286.0000,2286.5000,2287.0000,2287.5000,2288.0000,2288.5000,2289.0000,2289.5000,2290.0000,2290.5000,2291.0000,2291.5000,2292.0000,2292.5000,2293.0000,2293.5000,2294.0000,2294.5000,2295.0000,2295.5000,2296.0000,2296.5000,2297.0000,2297.5000,2298.0000,2298.5000,2299.0000,2299.5000,2300.0000,2300.5000,2301.0000,2301.5000,2302.0000,2302.5000,2303.0000,2303.5000,2304.0000,2304.5000,2305.0000,2305.5000,2306.0000,2306.5000,2307.0000,2307.5000,2308.0000,2308.5000,2309.0000,2309.5000,2310.0000,2310.5000,2311.0000,2311.5000,2312.0000,2312.5000,2313.0000,2313.5000,2314.0000,2314.5000,2315.0000,2315.5000,2316.0000,2316.5000,2317.0000,2317.5000,2318.0000,2318.5000,2319.0000,2319.5000,2320.0000,2320.5000,2321.0000,2321.5000,2322.0000,2322.5000,2323.0000,2323.5000,2324.0000,2324.5000,2325.0000,2325.5000,2326.0000,2326.5000,2327.0000,2327.5000,2328.0000,2328.5000,2329.0000,2329.5000,2330.0000,2330.5000,2331.0000,2331.5000,2332.0000,2332.5000,2333.0000,2333.5000,2334.0000,2334.5000,2335.0000,2335.5000,2336.0000,2336.5000,2337.0000,2337.5000,2338.0000,2338.5000,2339.0000,2339.5000,2340.0000,2340.5000,2341.0000,2341.5000,2342.0000,2342.5000,2343.0000,2343.5000,2344.0000,2344.5000,2345.0000,2345.5000,2346.0000,2346.5000,2347.0000,2347.5000,2348.0000,2348.5000,2349.0000,2349.5000,2350.0000,2350.5000,2351.0000,2351.5000,2352.0000,2352.5000,2353.0000,2353.5000,2354.0000,2354.5000,2355.0000,2355.5000,2356.0000,2356.5000,2357.0000,2357.5000,2358.0000,2358.5000,2359.0000,2359.5000,2360.0000,2360.5000,2361.0000,2361.5000,2362.0000,2362.5000,2363.0000,2363.5000,2364.0000,2364.5000,2365.0000,2365.5000,2366.0000,2366.5000,2367.0000,2367.5000,2368.0000,2368.5000,2369.0000,2369.5000,2370.0000,2370.5000,2371.0000,2371.5000,2372.0000,2372.5000,2373.0000,2373.5000,2374.0000,2374.5000,2375.0000,2375.5000,2376.0000,2376.5000,2377.0000,2377.5000,2378.0000,2378.5000,2379.0000,2379.5000,2380.0000,2380.5000,2381.0000,2381.5000,2382.0000,2382.5000,2383.0000,2383.5000,2384.0000,2384.5000,2385.0000,2385.5000,2386.0000,2386.5000,2387.0000,2387.5000,2388.0000,2388.5000,2389.0000,2389.5000,2390.0000,2390.5000,2391.0000,2391.5000,2392.0000,2392.5000,2393.0000,2393.5000,2394.0000,2394.5000,2395.0000,2395.5000,2396.0000,2396.5000,2397.0000,2397.5000,2398.0000,2398.5000,2399.0000,2399.5000,2400.0000,2400.5000,2401.0000,2401.5000,2402.0000,2402.5000,2403.0000,2403.5000,2404.0000,2404.5000,2405.0000,2405.5000,2406.0000,2406.5000,2407.0000,2407.5000,2408.0000,2408.5000,2409.0000,2409.5000,2410.0000,2410.5000,2411.0000,2411.5000,2412.0000,2412.5000,2413.0000,2413.5000,2414.0000,2414.5000,2415.0000,2415.5000,2416.0000,2416.5000,2417.0000,2417.5000,2418.0000,2418.5000,2419.0000,2419.5000,2420.0000,2420.5000,2421.0000,2421.5000,2422.0000,2422.5000,2423.0000,2423.5000,2424.0000,2424.5000,2425.0000,2425.5000,2426.0000,2426.5000,2427.0000,2427.5000,2428.0000,2428.5000,2429.0000,2429.5000,2430.0000,2430.5000,2431.0000,2431.5000,2432.0000,2432.5000,2433.0000,2433.5000,2434.0000,2434.5000,2435.0000,2435.5000,2436.0000,2436.5000,2437.0000,2437.5000,2438.0000,2438.5000,2439.0000,2439.5000,2440.0000,2440.5000,2441.0000,2441.5000,2442.0000,2442.5000,2443.0000,2443.5000,2444.0000,2444.5000,2445.0000,2445.5000,2446.0000,2446.5000,2447.0000,2447.5000,2448.0000,2448.5000,2449.0000,2449.5000,2450.0000,2450.5000,2451.0000,2451.5000,2452.0000,2452.5000,2453.0000,2453.5000,2454.0000,2454.5000,2455.0000,2455.5000,2456.0000,2456.5000,2457.0000,2457.5000,2458.0000,2458.5000,2459.0000,2459.5000,2460.0000,2460.5000,2461.0000,2461.5000,2462.0000,2462.5000,2463.0000,2463.5000,2464.0000,2464.5000,2465.0000,2465.5000,2466.0000,2466.5000,2467.0000,2467.5000,2468.0000,2468.5000,2469.0000,2469.5000,2470.0000,2470.5000,2471.0000,2471.5000,2472.0000,2472.5000,2473.0000,2473.5000,2474.0000,2474.5000,2475.0000,2475.5000,2476.0000,2476.5000,2477.0000,2477.5000,2478.0000,2478.5000,2479.0000,2479.5000,2480.0000,2480.5000,2481.0000,2481.5000,2482.0000,2482.5000,2483.0000,2483.5000,2484.0000,2484.5000,2485.0000,2485.5000,2486.0000,2486.5000,2487.0000,2487.5000,2488.0000,2488.5000,2489.0000,2489.5000,2490.0000,2490.5000,2491.0000,2491.5000,2492.0000,2492.5000,2493.0000,2493.5000,2494.0000,2494.5000,2495.0000,2495.5000,2496.0000,2496.5000,2497.0000,2497.5000,2498.0000,2498.5000,2499.0000,2499.5000,2500.0000,2500.5000,2501.0000,2501.5000,2502.0000,2502.5000,2503.0000,2503.5000,2504.0000,2504.5000,2505.0000,2505.5000,2506.0000,2506.5000,2507.0000,2507.5000,2508.0000,2508.5000,2509.0000,2509.5000,2510.0000,2510.5000,2511.0000,2511.5000,2512.0000,2512.5000,2513.0000,2513.5000,2514.0000,2514.5000,2515.0000,2515.5000,2516.0000,2516.5000,2517.0000,2517.5000,2518.0000,2518.5000,2519.0000,2519.5000,2520.0000,2520.5000,2521.0000,2521.5000,2522.0000,2522.5000,2523.0000,2523.5000,2524.0000,2524.5000,2525.0000,2525.5000,2526.0000,2526.5000,2527.0000,2527.5000,2528.0000,2528.5000,2529.0000,2529.5000,2530.0000,2530.5000,2531.0000,2531.5000,2532.0000,2532.5000,2533.0000,2533.5000,2534.0000,2534.5000,2535.0000,2535.5000,2536.0000,2536.5000,2537.0000,2537.5000,2538.0000,2538.5000,2539.0000,2539.5000,2540.0000,2540.5000,2541.0000,2541.5000,2542.0000,2542.5000,2543.0000,2543.5000,2544.0000,2544.5000,2545.0000,2545.5000,2546.0000,2546.5000,2547.0000,2547.5000,2548.0000,2548.5000,2549.0000,2549.5000,2550.0000,2550.5000,2551.0000,2551.5000,2552.0000,2552.5000,2553.0000,2553.5000,2554.0000,2554.5000,2555.0000,2555.5000,2556.0000,2556.5000,2557.0000,2557.5000,2558.0000,2558.5000,2559.0000,2559.5000,2560.0000,2560.5000,2561.0000,2561.5000,2562.0000,2562.5000,2563.0000,2563.5000,2564.0000,2564.5000,2565.0000,2565.5000,2566.0000,2566.5000,2567.0000,2567.5000,2568.0000,2568.5000,2569.0000,2569.5000,2570.0000,2570.5000,2571.0000,2571.5000,2572.0000,2572.5000,2573.0000,2573.5000,2574.0000,2574.5000,2575.0000,2575.5000,2576.0000,2576.5000,2577.0000,2577.5000,2578.0000,2578.5000,2579.0000,2579.5000,2580.0000,2580.5000,2581.0000,2581.5000,2582.0000,2582.5000,2583.0000,2583.5000,2584.0000,2584.5000,2585.0000,2585.5000,2586.0000,2586.5000,2587.0000,2587.5000,2588.0000,2588.5000,2589.0000,2589.5000,2590.0000,2590.5000,2591.0000,2591.5000,2592.0000,2592.5000,2593.0000,2593.5000,2594.0000,2594.5000,2595.0000,2595.5000,2596.0000,2596.5000,2597.0000,2597.5000,2598.0000,2598.5000,2599.0000,2599.5000,2600.0000,2600.5000,2601.0000,2601.5000,2602.0000,2602.5000,2603.0000,2603.5000,2604.0000,2604.5000,2605.0000,2605.5000,2606.0000,2606.5000,2607.0000,2607.5000,2608.0000,2608.5000,2609.0000,2609.5000,2610.0000,2610.5000,2611.0000,2611.5000,2612.0000,2612.5000,2613.0000,2613.5000,2614.0000,2614.5000,2615.0000,2615.5000,2616.0000,2616.5000,2617.0000,2617.5000,2618.0000,2618.5000,2619.0000,2619.5000,2620.0000,2620.5000,2621.0000,2621.5000,2622.0000,2622.5000,2623.0000,2623.5000,2624.0000,2624.5000,2625.0000,2625.5000,2626.0000,2626.5000,2627.0000,2627.5000,2628.0000,2628.5000,2629.0000,2629.5000,2630.0000,2630.5000,2631.0000,2631.5000,2632.0000,2632.5000,2633.0000,2633.5000,2634.0000,2634.5000,2635.0000,2635.5000,2636.0000,2636.5000,2637.0000,2637.5000,2638.0000,2638.5000,2639.0000,2639.5000,2640.0000,2640.5000,2641.0000,2641.5000,2642.0000,2642.5000,2643.0000,2643.5000,2644.0000,2644.5000,2645.0000,2645.5000,2646.0000,2646.5000,2647.0000,2647.5000,2648.0000,2648.5000,2649.0000,2649.5000,2650.0000,2650.5000,2651.0000,2651.5000,2652.0000,2652.5000,2653.0000,2653.5000,2654.0000,2654.5000,2655.0000,2655.5000,2656.0000,2656.5000,2657.0000,2657.5000,2658.0000,2658.5000,2659.0000,2659.5000,2660.0000,2660.5000,2661.0000,2661.5000,2662.0000,2662.5000,2663.0000,2663.5000,2664.0000,2664.5000,2665.0000,2665.5000,2666.0000,2666.5000,2667.0000,2667.5000,2668.0000,2668.5000,2669.0000,2669.5000,2670.0000,2670.5000,2671.0000,2671.5000,2672.0000,2672.5000,2673.0000,2673.5000,2674.0000,2674.5000,2675.0000,2675.5000,2676.0000,2676.5000,2677.0000,2677.5000,2678.0000,2678.5000,2679.0000,2679.5000,2680.0000,2680.5000,2681.0000,2681.5000,2682.0000,2682.5000,2683.0000,2683.5000,2684.0000,2684.5000,2685.0000,2685.5000,2686.0000,2686.5000,2687.0000,2687.5000,2688.0000,2688.5000,2689.0000,2689.5000,2690.0000,2690.5000,2691.0000,2691.5000,2692.0000,2692.5000,2693.0000,2693.5000,2694.0000,2694.5000,2695.0000,2695.5000,2696.0000,2696.5000,2697.0000,2697.5000,2698.0000,2698.5000,2699.0000,2699.5000,2700.0000,2700.5000,2701.0000,2701.5000,2702.0000,2702.5000,2703.0000,2703.5000,2704.0000,2704.5000,2705.0000,2705.5000,2706.0000,2706.5000,2707.0000,2707.5000,2708.0000,2708.5000,2709.0000,2709.5000,2710.0000,2710.5000,2711.0000,2711.5000,2712.0000,2712.5000,2713.0000,2713.5000,2714.0000,2714.5000,2715.0000,2715.5000,2716.0000,2716.5000,2717.0000,2717.5000,2718.0000,2718.5000,2719.0000,2719.5000,2720.0000,2720.5000,2721.0000,2721.5000,2722.0000,2722.5000,2723.0000,2723.5000,2724.0000,2724.5000,2725.0000,2725.5000,2726.0000,2726.5000,2727.0000,2727.5000,2728.0000,2728.5000,2729.0000,2729.5000,2730.0000,2730.5000,2731.0000,2731.5000,2732.0000,2732.5000,2733.0000,2733.5000,2734.0000,2734.5000,2735.0000,2735.5000,2736.0000,2736.5000,2737.0000,2737.5000,2738.0000,2738.5000,2739.0000,2739.5000,2740.0000,2740.5000,2741.0000,2741.5000,2742.0000,2742.5000,2743.0000,2743.5000,2744.0000,2744.5000,2745.0000,2745.5000,2746.0000,2746.5000,2747.0000,2747.5000,2748.0000,2748.5000,2749.0000,2749.5000,2750.0000,2750.5000,2751.0000,2751.5000,2752.0000,2752.5000,2753.0000,2753.5000,2754.0000,2754.5000,2755.0000,2755.5000,2756.0000,2756.5000,2757.0000,2757.5000,2758.0000,2758.5000,2759.0000,2759.5000,2760.0000,2760.5000,2761.0000,2761.5000,2762.0000,2762.5000,2763.0000,2763.5000,2764.0000,2764.5000,2765.0000,2765.5000,2766.0000,2766.5000,2767.0000,2767.5000,2768.0000,2768.5000,2769.0000,2769.5000,2770.0000,2770.5000,2771.0000,2771.5000,2772.0000,2772.5000,2773.0000,2773.5000,2774.0000,2774.5000,2775.0000,2775.5000,2776.0000,2776.5000,2777.0000,2777.5000,2778.0000,2778.5000,2779.0000,2779.5000,2780.0000,2780.5000,2781.0000,2781.5000,2782.0000,2782.5000,2783.0000,2783.5000,2784.0000,2784.5000,2785.0000,2785.5000,2786.0000,2786.5000,2787.0000,2787.5000,2788.0000,2788.5000,2789.0000,2789.5000,2790.0000,2790.5000,2791.0000,2791.5000,2792.0000,2792.5000,2793.0000,2793.5000,2794.0000,2794.5000,2795.0000,2795.5000,2796.0000,2796.5000,2797.0000,2797.5000,2798.0000,2798.5000,2799.0000,2799.5000,2800.0000,2800.5000,2801.0000,2801.5000,2802.0000,2802.5000,2803.0000,2803.5000,2804.0000,2804.5000,2805.0000,2805.5000,2806.0000,2806.5000,2807.0000,2807.5000,2808.0000,2808.5000,2809.0000,2809.5000,2810.0000,2810.5000,2811.0000,2811.5000,2812.0000,2812.5000,2813.0000,2813.5000,2814.0000,2814.5000,2815.0000,2815.5000,2816.0000,2816.5000,2817.0000,2817.5000,2818.0000,2818.5000,2819.0000,2819.5000,2820.0000,2820.5000,2821.0000,2821.5000,2822.0000,2822.5000,2823.0000,2823.5000,2824.0000,2824.5000,2825.0000,2825.5000,2826.0000,2826.5000,2827.0000,2827.5000,2828.0000,2828.5000,2829.0000,2829.5000,2830.0000,2830.5000,2831.0000,2831.5000,2832.0000,2832.5000,2833.0000,2833.5000,2834.0000,2834.5000,2835.0000,2835.5000,2836.0000,2836.5000,2837.0000,2837.5000,2838.0000,2838.5000,2839.0000,2839.5000,2840.0000,2840.5000,2841.0000,2841.5000,2842.0000,2842.5000,2843.0000,2843.5000,2844.0000,2844.5000,2845.0000,2845.5000,2846.0000,2846.5000,2847.0000,2847.5000,2848.0000,2848.5000,2849.0000,2849.5000,2850.0000,2850.5000,2851.0000,2851.5000,2852.0000,2852.5000,2853.0000,2853.5000,2854.0000,2854.5000,2855.0000,2855.5000,2856.0000,2856.5000,2857.0000,2857.5000,2858.0000,2858.5000,2859.0000,2859.5000,2860.0000,2860.5000,2861.0000,2861.5000,2862.0000,2862.5000,2863.0000,2863.5000,2864.0000,2864.5000,2865.0000,2865.5000,2866.0000,2866.5000,2867.0000,2867.5000,2868.0000,2868.5000,2869.0000,2869.5000,2870.0000,2870.5000,2871.0000,2871.5000,2872.0000,2872.5000,2873.0000,2873.5000,2874.0000,2874.5000,2875.0000,2875.5000,2876.0000,2876.5000,2877.0000,2877.5000,2878.0000,2878.5000,2879.0000,2879.5000,2880.0000,2880.5000,2881.0000,2881.5000,2882.0000,2882.5000,2883.0000,2883.5000,2884.0000,2884.5000,2885.0000,2885.5000,2886.0000,2886.5000,2887.0000,2887.5000,2888.0000,2888.5000,2889.0000,2889.5000,2890.0000,2890.5000,2891.0000,2891.5000,2892.0000,2892.5000,2893.0000,2893.5000,2894.0000,2894.5000,2895.0000,2895.5000,2896.0000,2896.5000,2897.0000,2897.5000,2898.0000,2898.5000,2899.0000,2899.5000,2900.0000,2900.5000,2901.0000,2901.5000,2902.0000,2902.5000,2903.0000,2903.5000,2904.0000,2904.5000,2905.0000,2905.5000,2906.0000,2906.5000,2907.0000,2907.5000,2908.0000,2908.5000,2909.0000,2909.5000,2910.0000,2910.5000,2911.0000,2911.5000,2912.0000,2912.5000,2913.0000,2913.5000,2914.0000,2914.5000,2915.0000,2915.5000,2916.0000,2916.5000,2917.0000,2917.5000,2918.0000,2918.5000,2919.0000,2919.5000,2920.0000,2920.5000,2921.0000,2921.5000,2922.0000,2922.5000,2923.0000,2923.5000,2924.0000,2924.5000,2925.0000,2925.5000,2926.0000,2926.5000,2927.0000,2927.5000,2928.0000,2928.5000,2929.0000,2929.5000,2930.0000,2930.5000,2931.0000,2931.5000,2932.0000,2932.5000,2933.0000,2933.5000,2934.0000,2934.5000,2935.0000,2935.5000,2936.0000,2936.5000,2937.0000,2937.5000,2938.0000,2938.5000,2939.0000,2939.5000,2940.0000,2940.5000,2941.0000,2941.5000,2942.0000,2942.5000,2943.0000,2943.5000,2944.0000,2944.5000,2945.0000,2945.5000,2946.0000,2946.5000,2947.0000,2947.5000,2948.0000,2948.5000,2949.0000,2949.5000,2950.0000,2950.5000,2951.0000,2951.5000,2952.0000,2952.5000,2953.0000,2953.5000,2954.0000,2954.5000,2955.0000,2955.5000,2956.0000,2956.5000,2957.0000,2957.5000,2958.0000,2958.5000,2959.0000,2959.5000,2960.0000,2960.5000,2961.0000,2961.5000,2962.0000,2962.5000,2963.0000,2963.5000,2964.0000,2964.5000,2965.0000,2965.5000,2966.0000,2966.5000,2967.0000,2967.5000,2968.0000,2968.5000,2969.0000,2969.5000,2970.0000,2970.5000,2971.0000,2971.5000,2972.0000,2972.5000,2973.0000,2973.5000,2974.0000,2974.5000,2975.0000,2975.5000,2976.0000,2976.5000,2977.0000,2977.5000,2978.0000,2978.5000,2979.0000,2979.5000,2980.0000,2980.5000,2981.0000,2981.5000,2982.0000,2982.5000,2983.0000,2983.5000,2984.0000,2984.5000,2985.0000,2985.5000,2986.0000,2986.5000,2987.0000,2987.5000,2988.0000,2988.5000,2989.0000,2989.5000,2990.0000,2990.5000,2991.0000,2991.5000,2992.0000,2992.5000,2993.0000,2993.5000,2994.0000,2994.5000,2995.0000,2995.5000,2996.0000,2996.5000,2997.0000,2997.5000,2998.0000,2998.5000,2999.0000,2999.5000,3000.0000
0,-87.0000,-88.4297,-89.3244,-90.0251,-90.5843,-91.0603,-91.4835,-91.8699,-92.2284,-92.5640,-92.8796,-93.1769,-93.4571,-93.7212,-93.9697,-94.2032,-94.4225,-94.6174,-94.7605,-94.8609,-94.9384,-95.0066,-95.0724,-95.1390,-95.2076,-95.2783,-95.3508,-95.4248,-95.4996,-95.5748,-95.6497,-95.7241,-95.7974,-95.8694,-95.9398,-96.0083,-96.0748,-96.1391,-96.2011,-96.2606,-96.3177,-96.3724,-96.4245,-96.4742,-96.5214,-96.5662,-96.6086,-96.6487,-96.6866,-96.7223,-96.7560,-96.7877,-96.8174,-96.8454,-96.8716,-96.8961,-96.9191,-96.9406,-96.9607,-96.9795,-96.9970,-97.0134,-97.0286,-97.0428,-97.0182,-96.8309,-96.4842,-96.1493,-95.8730,-95.6559,-95.4736,-95.3131,-95.1750,-95.0619,-94.9742,-94.9112,-94.8709,-94.8510,-94.8490,-94.8626,-94.8894,-94.9273,-94.9746,-95.0293,-95.0902,-95.1558,-95.2249,-95.2967,-95.3701,-95.4444,-95.5190,-95.5933,-95.6669,-95.7392,-95.8101,-95.8792,-95.9462,-96.0111,-96.0737,-96.1307,-96.1642,-96.1691,-96.1553,-96.1334,-96.1106,-96.0909,-96.0766,-96.0684,-96.0665,-96.0706,-96.0801,-96.0868,-96.0518,-95.9883,-95.9169,-95.8494,-95.7921,-95.7477,-95.7170,-95.6994,-95.6939,-95.6991,-95.7135,-95.7358,-95.7645,-95.7958,-95.7989,-95.7681,-95.7238,-95.6811,-95.6471,-95.6244,-95.6132,-95.6130,-95.6224,-95.6404,-95.6656,-95.6969,-95.7331,-95.7734,-95.8168,-95.8625,-95.9099,-95.9584,-96.0075,-96.0568,-96.1058,-96.1543,-96.2019,-96.2480,-96.2717,-96.2508,-96.2016,-96.1418,-96.0463,-95.8957,-95.6853,-95.4595,-95.2474,-95.0633,-94.9127,-94.7825,-94.6448,-94.5078,-94.3871,-94.2886,-94.1802,-94.0588,-93.9446,-93.8509,-93.7836,-93.7436,-93.7296,-93.7390,-93.7687,-93.8147,-93.8604,-93.8912,-93.9106,-93.9265,-93.9453,-93.9707,-94.0046,-94.0477,-94.0997,-94.1601,-94.2279,-94.3021,-94.3818,-94.4657,-94.5530,-94.6427,-94.7340,-94.8262,-94.9185,-95.0104,-95.1014,-95.1614,-95.1632,-95.1387,-95.1083,-95.0825,-95.0481,-94.9963,-94.9395,-94.8872,-94.8449,-94.8154,-94.7996,-94.7972,-94.8073,-94.8188,-94.8001,-94.7609,-94.7177,-94.6809,-94.6559,-94.6449,-94.6480,-94.6588,-94.5716,-94.4525,-94.3520,-94.2814,-94.2411,-94.2241,-94.1953,-94.1514,-94.1063,-94.0701,-94.0483,-94.0431,-94.0414,-94.0168,-93.9784,-93.9427,-93.9194,-93.9126,-93.9228,-93.9490,-93.9895,-94.0423,-94.1056,-94.1774,-94.2562,-94.3405,-94.4289,-94.5204,-94.6138,-94.7083,-94.8031,-94.8976,-94.9911,-95.0833,-95.1736,-95.2617,-95.3171,-95.2997,-95.2509,-95.2037,-95.1708,-95.1548,-95.1459,-95.1199,-95.0822,-95.0426,-95.0077,-94.9811,-94.9647,-94.9591,-94.9618,-94.9504,-94.9156,-94.8695,-94.8245,-94.7884,-94.7649,-94.7549,-94.7581,-94.7734,-94.7994,-94.8348,-94.8780,-94.9277,-94.9827,-95.0419,-95.1044,-95.1692,-95.2356,-95.3031,-95.3708,-95.4385,-95.5056,-95.5717,-95.6366,-95.7000,-95.7618,-95.8216,-95.8795,-95.9352,-95.9888,-96.0402,-96.0893,-96.1363,-96.1810,-96.2236,-96.2634,-96.2882,-96.2845,-96.2573,-96.2040,-96.0831,-95.9317,-95.7803,-95.6435,-95.5272,-95.4333,-95.3612,-95.3092,-95.2755,-95.2577,-95.2538,-95.2611,-95.2428,-95.1898,-95.1286,-95.0730,-95.0289,-94.9984,-94.9820,-94.9790,-94.9882,-94.9920,-94.9654,-94.9195,-94.8709,-94.8299,-94.8013,-94.7865,-94.7851,-94.7962,-94.8183,-94.8500,-94.8897,-94.9363,-94.9884,-95.0450,-95.1050,-95.1677,-95.2321,-95.2977,-95.3638,-95.4299,-95.4957,-95.5606,-95.6244,-95.6868,-95.7476,-95.8066,-95.8638,-95.9189,-95.9719,-96.0227,-96.0714,-96.1179,-96.1623,-96.2045,-96.2447,-96.2828,-96.3189,-96.3531,-96.3854,-96.4159,-96.4448,-96.4720,-96.4976,-96.5217,-96.5445,-96.5659,-96.5860,-96.6012,-96.5613,-96.4781,-96.3822,-96.2896,-96.2078,-96.1396,-96.0856,-96.0449,-96.0164,-95.9987,-95.9904,-95.9901,-95.9966,-96.0086,-96.0253,-96.0458,-96.0692,-96.0949,-96.1224,-96.1511,-96.1807,-96.2108,-96.2410,-96.2711,-96.3010,-96.3304,-96.3592,-96.3872,-96.4145,-96.4409,-96.4663,-96.4909,-96.5144,-96.5370,-96.5585,-96.5791,-96.5987,-96.6174,-96.6102,-96.5169,-96.3943,-96.2751,-96.1721,-96.0891,-96.0260,-95.9810,-95.9516,-95.9356,-95.9307,-95.9348,-95.9465,-95.9640,-95.9863,-96.0123,-96.0411,-96.0721,-96.1044,-96.1378,-96.1694,-96.1859,-96.1824,-96.1640,-96.1377,-96.1093,-96.0824,-96.0595,-96.0416,-96.0293,-96.0226,-96.0213,-96.0249,-95.9925,-95.9089,-95.8153,-95.7308,-95.6617,-95.6091,-95.5723,-95.5496,-95.5395,-95.5403,-95.5504,-95.5684,-95.5930,-95.6232,-95.6578,-95.6960,-95.7370,-95.7801,-95.8247,-95.8702,-95.9163,-95.9625,-96.0085,-96.0540,-96.0988,-96.1426,-96.1853,-96.2267,-96.2668,-96.3055,-96.3427,-96.3784,-96.4126,-96.4453,-96.4764,-96.5060,-96.5342,-96.5609,-96.5862,-96.6102,-96.6329,-96.6543,-96.6745,-96.6935,-96.7115,-96.7284,-96.7443,-96.7593,-96.7733,-96.7866,-96.7990,-96.8108,-96.8218,-96.8321,-96.8418,-96.8510,-96.8595,-96.8676,-96.8752,-96.8824,-96.8891,-96.8955,-96.9014,-96.9071,-96.9124,-96.9174,-96.9222,-96.9267,-96.9309,-96.9349,-96.9388,-96.9424,-96.8795,-96.7391,-96.5863,-96.4490,-96.3358,-96.2473,-96.1810,-96.1337,-96.1023,-96.0840,-96.0765,-96.0778,-96.0862,-96.1004,-96.1090,-96.0849,-96.0349,-95.9753,-95.9177,-95.8514,-95.7566,-95.6482,-95.5411,-95.4447,-95.3639,-95.3007,-95.2552,-95.2265,-95.2130,-95.2130,-95.2248,-95.2467,-95.2770,-95.3143,-95.3573,-95.4048,-95.4559,-95.5097,-95.5652,-95.6220,-95.6793,-95.7367,-95.7937,-95.8501,-95.9054,-95.9595,-96.0122,-96.0632,-96.1125,-96.1600,-96.2056,-96.2493,-96.2911,-96.3310,-96.3690,-96.4051,-96.4394,-96.4718,-96.5026,-96.5317,-96.5591,-96.5850,-96.6095,-96.6325,-96.6541,-96.6745,-96.6937,-96.7117,-96.7286,-96.7445,-96.7594,-96.7734,-96.7866,-96.7989,-96.8105,-96.8214,-96.8316,-96.8411,-96.8501,-96.8586,-96.8665,-96.8740,-96.8810,-96.8876,-96.8938,-96.8997,-96.9052,-96.9104,-96.9153,-96.9200,-96.9244,-96.9285,-96.9325,-96.9362,-96.9398,-96.9432,-96.9464,-96.9495,-96.9524,-96.8983,-96.7425,-96.5754,-96.4320,-96.3168,-96.2159,-96.1194,-96.0270,-95.9415,-95.8657,-95.8015,-95.7499,-95.7108,-95.6837,-95.6678,-95.6620,-95.6652,-95.6764,-95.6912,-95.6554,-95.5686,-95.4718,-95.3872,-95.3227,-95.2795,-95.2560,-95.2496,-95.2577,-95.2779,-95.3080,-95.3460,-95.3903,-95.4394,-95.4923,-95.5477,-95.6049,-95.6632,-95.7218,-95.7804,-95.8384,-95.8955,-95.9514,-96.0037,-96.0226,-96.0004,-95.9590,-95.9149,-95.8765,-95.8473,-95.7949,-95.6947,-95.5838,-95.4820,-95.3976,-95.3331,-95.2885,-95.1750,-94.9886,-94.8123,-94.6080,-94.3931,-94.2069,-94.0651,-93.9686,-93.9125,-93.8906,-93.8970,-93.9263,-93.9742,-94.0370,-94.1116,-94.1953,-94.2861,-94.3819,-94.4814,-94.5830,-94.6858,-94.7887,-94.8910,-94.9920,-95.0911,-95.1880,-95.2822,-95.3735,-95.4616,-95.5465,-95.6280,-95.7060,-95.7805,-95.8516,-95.9192,-95.9834,-96.0443,-96.1019,-96.1564,-96.2079,-96.2564,-96.3021,-96.3452,-96.3857,-96.4237,-96.4594,-96.4929,-96.5243,-96.5537,-96.5813,-96.6071,-96.6313,-96.6539,-96.6582,-96.6132,-96.5404,-96.4587,-96.3791,-96.3075,-96.2468,-96.1668,-96.0352,-95.8958,-95.7709,-95.6675,-95.5868,-95.5272,-95.4866,-95.4627,-95.4532,-95.4559,-95.4541,-95.4121,-95.3459,-95.2753,-95.2123,-95.1633,-95.1304,-95.1136,-95.1120,-95.1238,-95.1470,-95.1800,-95.2209,-95.2681,-95.3204,-95.3764,-95.4352,-95.4959,-95.5576,-95.6198,-95.6818,-95.7433,-95.8039,-95.8631,-95.9209,-95.9770,-96.0313,-96.0831,-96.0212,-95.8889,-95.7641,-95.6649,-95.5935,-95.5469,-95.5017,-95.4355,-95.3593,-95.2865,-95.2254,-95.1794,-95.1496,-95.1349,-95.1338,-95.0812,-94.9790,-94.8790,-94.7991,-94.7435,-94.7112,-94.6997,-94.7062,-94.7277,-94.7618,-94.8062,-94.8589,-94.9181,-94.9824,-95.0504,-95.1212,-95.1937,-95.2671,-95.3408,-95.4141,-95.4867,-95.5534,-95.5917,-95.5976,-95.5738,-95.5244,-95.4596,-95.3898,-95.3230,-95.2643,-95.2166,-95.1811,-95.1579,-95.1467,-95.1411,-95.0839,-94.9838,-94.8800,-94.7930,-94.7294,-94.6896,-94.6718,-94.6730,-94.6899,-94.7114,-94.7260,-94.7329,-94.7357,-94.7385,-94.7444,-94.7557,-94.7733,-94.7978,-94.8291,-94.8665,-94.9024,-94.9239,-94.9315,-94.9311,-94.9289,-94.9291,-94.9342,-94.9299,-94.8497,-94.7466,-94.6544,-94.5837,-94.5363,-94.5107,-94.5046,-94.5153,-94.5402,-94.5770,-94.6237,-94.6784,-94.7396,-94.8059,-94.8600,-94.7853,-94.6797,-94.5926,-94.5345,-94.5050,-94.5006,-94.5168,-94.5498,-94.5960,-94.6525,-94.7168,-94.7870,-94.8523,-94.8815,-94.8794,-94.8647,-94.8505,-94.8432,-94.8455,-94.8578,-94.8796,-94.9099,-94.9476,-94.9915,-95.0295,-94.9757,-94.8791,-94.7862,-94.7145,-94.6681,-94.6456,-94.6438,-94.6591,-94.6885,-94.7291,-94.7786,-94.8349,-94.8964,-94.9618,-95.0297,-95.0994,-95.1699,-95.2406,-95.3109,-95.3804,-95.4486,-95.5153,-95.5803,-95.6432,-95.7041,-95.7544,-95.7618,-95.7323,-95.6861,-95.6375,-95.5948,-95.5617,-95.5396,-95.5283,-95.5270,-95.5346,-95.5498,-95.5714,-95.5983,-95.6294,-95.6639,-95.7010,-95.7399,-95.7802,-95.8213,-95.8628,-95.9043,-95.9455,-95.9862,-96.0261,-96.0651,-96.0946,-96.0978,-96.0792,-96.0481,-96.0120,-95.9760,-95.9436,-95.9166,-95.8959,-95.8819,-95.8743,-95.8728,-95.8768,-95.8858,-95.8992,-95.9162,-95.9364,-95.9592,-95.9842,-96.0109,-96.0389,-96.0678,-96.0974,-96.1273,-96.1573,-96.1873,-96.2170,-96.2463,-96.2750,-96.3030,-96.3303,-96.3568,-96.3825,-96.4072,-96.4310,-96.4538,-96.4758,-96.4967,-96.5167,-96.5358,-96.5541,-96.5714,-96.5878,-96.6035,-96.6183,-96.6324,-96.6458,-96.6585,-96.6705,-96.6818,-96.6926,-96.7028,-96.7124,-96.7216,-96.7302,-96.7385,-96.7462,-96.7536,-96.7606,-96.7673,-96.7736,-96.7796,-96.7853,-96.7907,-96.7959,-96.8008,-96.8055,-96.8101,-96.8144,-96.8185,-96.8224,-96.8262,-96.8299,-96.8334,-96.8367,-96.8400,-96.8431,-96.8462,-96.8491,-96.8520,-96.8547,-96.8574,-96.8600,-96.8625,-96.8650,-96.8674,-96.8698,-96.8721,-96.8743,-96.8765,-96.8787,-96.8808,-96.8829,-96.8849,-96.8869,-96.8889,-96.8909,-96.8928,-96.8947,-96.8966,-96.8874,-96.8113,-96.7023,-96.5922,-96.4932,-96.4093,-96.3406,-96.2863,-96.2449,-96.2149,-96.1903,-96.1487,-96.0902,-96.0248,-95.9602,-95.9017,-95.8519,-95.8123,-95.7831,-95.7641,-95.7545,-95.7536,-95.7604,-95.7739,-95.7932,-95.8174,-95.8457,-95.8773,-95.8800,-95.7557,-95.6133,-95.4930,-95.4029,-95.3419,-95.3062,-95.2915,-95.2941,-95.3104,-95.3376,-95.3733,-95.3793,-95.3341,-95.2750,-95.2201,-95.1769,-95.1481,-95.1339,-95.1334,-95.1452,-95.1676,-95.1990,-95.2379,-95.2828,-95.3325,-95.3859,-95.4419,-95.4998,-95.5587,-95.6182,-95.6776,-95.7366,-95.7876,-95.8103,-95.8090,-95.7944,-95.7745,-95.7549,-95.7389,-95.7282,-95.7236,-95.7253,-95.7331,-95.7465,-95.7650,-95.7879,-95.8146,-95.8446,-95.8771,-95.9117,-95.9478,-95.9851,-96.0231,-96.0615,-96.1000,-96.1383,-96.1762,-96.2135,-96.2501,-96.2857,-96.3203,-96.3539,-96.3863,-96.4175,-96.4474,-96.4761,-96.5036,-96.5298,-96.5548,-96.5786,-96.6011,-96.6226,-96.6429,-96.6621,-96.6803,-96.6975,-96.7138,-96.7291,-96.7435,-96.7572,-96.7700,-96.7822,-96.7936,-96.8043,-96.8140,-96.8014,-96.7499,-96.6746,-96.5919,-96.5123,-96.4413,-96.3810,-96.3321,-96.2836,-96.2086,-96.1199,-96.0311,-95.9498,-95.8797,-95.8224,-95.7782,-95.7465,-95.7264,-95.7170,-95.7170,-95.7252,-95.7405,-95.7619,-95.7884,-95.8190,-95.8530,-95.8897,-95.9285,-95.9687,-96.0099,-96.0516,-96.0935,-96.1353,-96.1766,-96.2173,-96.2571,-96.2960,-96.3337,-96.3702,-96.4054,-96.4302,-96.3334,-96.1931,-96.0625,-95.9565,-95.8770,-95.8216,-95.7868,-95.7647,-95.6881,-95.5496,-95.3879,-95.2302,-95.0910,-94.9763,-94.8877,-94.8241,-94.7704,-94.6762,-94.4897,-94.2786,-94.0855,-93.9264,-93.8055,-93.7217,-93.6719,-93.6518,-93.6575,-93.6850,-93.7308,-93.7917,-93.8650,-93.9483,-94.0394,-94.1365,-94.2381,-94.3424,-94.4266,-94.4688,-94.4843,-94.4906,-94.4989,-94.5149,-94.5408,-94.5770,-94.6228,-94.6648,-94.6455,-94.5938,-94.5394,-94.4968,-94.4715,-94.4647,-94.4756,-94.5019,-94.5415,-94.5920,-94.6513,-94.7174,-94.7888,-94.8641,-94.9419,-95.0213,-95.1015,-95.1817,-95.2612,-95.3397,-95.4166,-95.4917,-95.5647,-95.6353,-95.7035,-95.7692,-95.8322,-95.8925,-95.9501,-96.0050,-96.0572,-96.1069,-96.1540,-96.1986,-96.2408,-96.2807,-96.3184,-96.3539,-96.3874,-96.4189,-96.4485,-96.4764,-96.5026,-96.5248,-96.5244,-96.4983,-96.4554,-96.4045,-96.3181,-96.1756,-95.9995,-95.7705,-95.5300,-95.3064,-95.1122,-94.9518,-94.8252,-94.7296,-94.6370,-94.5281,-94.4195,-94.3249,-94.2513,-94.2007,-94.1727,-94.1652,-94.1761,-94.2028,-94.2429,-94.2943,-94.3478,-94.3655,-94.3477,-94.2830,-94.1910,-94.0974,-94.0172,-93.9574,-93.9198,-93.9040,-93.9081,-93.9299,-93.9670,-94.0171,-94.0780,-94.1479,-94.2250,-94.3078,-94.3949,-94.4851,-94.5773,-94.6707,-94.7645,-94.8580,-94.9505,-95.0416,-95.1309,-95.2181,-95.3028,-95.3848,-95.4640,-95.5403,-95.6135,-95.6836,-95.7507,-95.8146,-95.8755,-95.9334,-95.9883,-96.0404,-96.0897,-96.1363,-96.1802,-96.2217,-96.2608,-96.2977,-96.3323,-96.3649,-96.3956,-96.4244,-96.4514,-96.4768,-96.5006,-96.5229,-96.5439,-96.5636,-96.5820,-96.5993,-96.6155,-96.6307,-96.6450,-96.6584,-96.6710,-96.6828,-96.6939,-96.7043,-96.7141,-96.7234,-96.7320,-96.7402,-96.7480,-96.7553,-96.7621,-96.7687,-96.7748,-96.7807,-96.7862,-96.7915,-96.7965,-96.8013,-96.8058,-96.8101,-96.7644,-96.6215,-96.4705,-96.3374,-96.2278,-96.1412,-96.0751,-96.0268,-95.9933,-95.9723,-95.9617,-95.9595,-95.9643,-95.9747,-95.9888,-95.9792,-95.9338,-95.8692,-95.7999,-95.7348,-95.6788,-95.6340,-95.6010,-95.5792,-95.5678,-95.5656,-95.5714,-95.5840,-95.6023,-95.6253,-95.6522,-95.6821,-95.7143,-95.7444,-95.7542,-95.7405,-95.7119,-95.6769,-95.6418,-95.6105,-95.5853,-95.5671,-95.5561,-95.5522,-95.5549,-95.5634,-95.5770,-95.5932,-95.5997,-95.5897,-95.5674,-95.5394,-95.5110,-95.4855,-95.4650,-95.4169,-95.2626,-95.0889,-94.9398,-94.8249,-94.7427,-94.6887,-94.6582,-94.6472,-94.6137,-94.4844,-94.2678,-94.0421,-93.8473,-93.6950,-93.5851,-93.5135,-93.4750,-93.4645,-93.4774,-93.5096,-93.5578,-93.6189,-93.6903,-93.7698,-93.8556,-93.9461,-94.0398,-94.1356,-94.2324,-94.3294,-94.4259,-94.5212,-94.6148,-94.7064,-94.7594,-94.6866,-94.5528,-94.4085,-94.2781,-94.1711,-94.0903,-94.0347,-94.0022,-93.9900,-93.9954,-94.0157,-94.0486,-94.0919,-94.1432,-94.1870,-94.2082,-94.2122,-94.2094,-94.2075,-94.2113,-94.2229,-94.2430,-94.2713,-94.3072,-94.3498,-94.3981,-94.4511,-94.5080,-94.5678,-94.6297,-94.6932,-94.7576,-94.8223,-94.8870,-94.9511,-95.0143,-95.0765,-95.1372,-95.1963,-95.2537,-95.3092,-95.3628,-95.4142,-95.4636,-95.5108,-95.5560,-95.5989,-95.6398,-95.6786,-95.7154,-95.7502,-95.7830,-95.8140,-95.8400,-95.7898,-95.6940,-95.5931,-95.5016,-95.4244,-95.3625,-95.3153,-95.2813,-95.2591,-95.2471,-95.2439,-95.2480,-95.2583,-95.2737,-95.2932,-95.3034,-95.2817,-95.2361,-95.1815,-95.1282,-95.0817,-95.0443,-95.0109,-94.9512,-94.8657,-94.7734,-94.6877,-94.6154,-94.5588,-94.5180,-94.4921,-94.4797,-94.4792,-94.4891,-94.5079,-94.5342,-94.5670,-94.6049,-94.6471,-94.6927,-94.7409,-94.7909,-94.8423,-94.8944,-94.9468,-94.9992,-95.0511,-95.1023,-95.1525,-95.2016,-95.2493,-95.2956,-95.3404,-95.3835,-95.4250,-95.4647,-95.5028,-95.5391,-95.5736,-95.5964,-95.5664,-95.4997,-95.4208,-95.3438,-95.2757,-95.2193,-95.1752,-95.1430,-95.1216,-95.1098,-95.1065,-95.1103,-95.1202,-95.1164,-95.0440,-94.9192,-94.7718,-94.6228,-94.4802,-94.3146,-94.1309,-93.9518,-93.7917,-93.6214,-93.4120,-93.2034,-93.0229,-92.8798,-92.7751,-92.7057,-92.6678,-92.6568,-92.6683,-92.6745,-92.6609,-92.6405,-92.6242,-92.6144,-92.5990,-92.5764,-92.5529,-92.5345,-92.5257,-92.5290,-92.5454,-92.5748,-92.6152,-92.6551,-92.6864,-92.7103,-92.7312,-92.7535,-92.7805,-92.8141,-92.8553,-92.9042,-92.9605,-93.0238,-93.0931,-93.1678,-93.2468,-93.3294,-93.4147,-93.5020,-93.5907,-93.6801,-93.7655,-93.8276,-93.8622,-93.8789,-93.8879,-93.8963,-93.9081,-93.9153,-93.8941,-93.8547,-93.8107,-93.7702,-93.7271,-93.6745,-93.6184,-93.5664,-93.5235,-93.4925,-93.4741,-93.4680,-93.4736,-93.4897,-93.5152,-93.5489,-93.5899,-93.6370,-93.6893,-93.7459,-93.8061,-93.8692,-93.9345,-94.0014,-94.0694,-94.1380,-94.2069,-94.2755,-94.3436,-94.4109,-94.4772,-94.5421,-94.6055,-94.6673,-94.7273,-94.7854,-94.8415,-94.8955,-94.9475,-94.9974,-95.0451,-95.0907,-95.1343,-95.1757,-95.2046,-95.2017,-95.1700,-95.1219,-95.0685,-95.0169,-94.9713,-94.9335,-94.9042,-94.8832,-94.8701,-94.8639,-94.8606,-94.8232,-94.7503,-94.6635,-94.5787,-94.5040,-94.4432,-94.3970,-94.3649,-94.3458,-94.3384,-94.3410,-94.3524,-94.3713,-94.3965,-94.4177,-94.4048,-94.3641,-94.3120,-94.2608,-94.2173,-94.1844,-94.1630,-94.1530,-94.1534,-94.1631,-94.1810,-94.2060,-94.2368,-94.2623,-94.2528,-94.2122,-94.1591,-94.1079,-94.0664,-94.0375,-94.0199,-93.9792,-93.9075,-93.8251,-93.7474,-93.6825,-93.6338,-93.6019,-93.5860,-93.5847,-93.5962,-93.6189,-93.6511,-93.6914,-93.7384,-93.7908,-93.8477,-93.9079,-93.9708,-94.0354,-94.1009,-94.1460,-94.1475,-94.1192,-94.0796,-94.0415,-94.0118,-93.9935,-93.9867,-93.9751,-93.9355,-93.8761,-93.8108,-93.7505,-93.7015,-93.6666,-93.6465,-93.6407,-93.6478,-93.6664,-93.6949,-93.7318,-93.7756,-93.8117,-93.7805,-93.6853,-93.5598,-93.4297,-93.3043,-93.1412,-92.9597,-92.7885,-92.6417,-92.5191,-92.3937,-92.2647,-92.1474,-92.0519,-91.9823,-91.9388,-91.9198,-91.9231,-91.9459,-91.9858,-92.0403,-92.1074,-92.1848,-92.2710,-92.3641,-92.4629,-92.5660,-92.6723,-92.7807,-92.8904,-93.0006,-93.1106,-93.2198,-93.3276,-93.4338,-93.5378,-93.6393,-93.7381,-93.8341,-93.9269,-94.0165,-94.1009,-94.1509,-94.1567,-94.1374,-94.1104,-94.0856,-94.0678,-94.0588,-94.0589,-94.0675,-94.0837,-94.1066,-94.1352,-94.1685,-94.2058,-94.2463,-94.2894,-94.3343,-94.3806,-94.4278,-94.4756,-94.5235,-94.5712,-94.6186,-94.6653,-94.7111,-94.7560,-94.7998,-94.8424,-94.8836,-94.9235,-94.9453,-94.9256,-94.8800,-94.8249,-94.7700,-94.7207,-94.6791,-94.6459,-94.6007,-94.5240,-94.4297,-94.3333,-94.2445,-94.1360,-93.9961,-93.8507,-93.7158,-93.5994,-93.5045,-93.4316,-93.3797,-93.3473,-93.3322,-93.3325,-93.3461,-93.3713,-93.4062,-93.4493,-93.4993,-93.5548,-93.6147,-93.6782,-93.7442,-93.8120,-93.8808,-93.9093,-93.8400,-93.7228,-93.5932,-93.4698,-93.3618,-93.2736,-93.2062,-93.1594,-93.1317,-93.1213,-93.1263,-93.1448,-93.1750,-93.2150,-93.2633,-93.3185,-93.3794,-93.4448,-93.5137,-93.5730,-93.5217,-93.4237,-93.3369,-93.2768,-93.2442,-93.2354,-93.2462,-93.2728,-93.3120,-93.3612,-93.4180,-93.4808,-93.5481,-93.6185,-93.6911,-93.7651,-93.8396,-93.9089,-93.9185,-93.8863,-93.8422,-93.8012,-93.7696,-93.7501,-93.7429,-93.7473,-93.7621,-93.7860,-93.8176,-93.8557,-93.8991,-93.9467,-93.9976,-94.0511,-94.1064,-94.1629,-94.2161,-94.2470,-94.2530,-94.2426,-94.2245,-94.2052,-94.1888,-94.1776,-94.1717,-94.1483,-94.0941,-94.0235,-93.9513,-93.8865,-93.8316,-93.7603,-93.6675,-93.5687,-93.4754,-93.3944,-93.3291,-93.2807,-93.2490,-93.2333,-93.2321,-93.2440,-93.2675,-93.3009,-93.3355,-93.3416,-93.3223,-93.2928,-93.2645,-93.2439,-93.2340,-93.2356,-93.2399,-93.1999,-93.1354,-93.0696,-93.0132,-92.9691,-92.8976,-92.7982,-92.7000,-92.6172,-92.5547,-92.5133,-92.4919,-92.4889,-92.5024,-92.5302,-92.5706,-92.6211,-92.6647,-92.6851,-92.6837,-92.6581,-92.5658,-92.4015,-92.2053,-92.0074,-91.8253,-91.6678,-91.5391,-91.4399,-91.3695,-91.3259,-91.2943,-91.1491,-90.8764,-90.5518,-90.2264,-89.8992,-89.6069,-89.3657,-89.1789,-89.0445,-88.9400,-88.8158,-88.7004,-88.6125,-88.5273,-88.4371,-88.3608,-88.3116,-88.2950,-88.3117,-88.3600,-88.4368,-88.5387,-88.6622,-88.8039,-88.9609,-89.1305,-89.3102,-89.4978,-89.6914,-89.8893,-90.0901,-90.2923,-90.4948,-90.6960,-90.8879,-91.0617,-91.2160,-91.3541,-91.4805,-91.5994,-91.6812,-91.6271,-91.4826,-91.3283,-91.1972,-91.0991,-91.0350,-91.0026,-90.9376,-90.8151,-90.7055,-90.6324,-90.5981,-90.5986,-90.6286,-90.6751,-90.7016,-90.6942,-90.6549,-90.5874,-90.5062,-90.4255,-90.3555,-90.3021,-90.2423,-90.1560,-90.0666,-89.9894,-89.9052,-89.8054,-89.7120,-89.6376,-89.5878,-89.5645,-89.5671,-89.5939,-89.6366,-89.6837,-89.7313,-89.7805,-89.8303,-89.8369,-89.8010,-89.7472,-89.6912,-89.6429,-89.6082,-89.5906,-89.5913,-89.6106,-89.6479,-89.7019,-89.7693,-89.8265,-89.8585,-89.8536,-89.7769,-89.6460,-89.5035,-89.3732,-89.2669,-89.1900,-89.1437,-89.0857,-88.9046,-88.6794,-88.4811,-88.3316,-88.2332,-88.1823,-88.1735,-88.2013,-88.2606,-88.3374,-88.3376,-88.2833,-88.2144,-88.0930,-87.9279,-87.7258,-87.5158,-87.3213,-87.1438,-86.9861,-86.8558,-86.7583,-86.6954,-86.6468,-86.5865,-86.4315,-86.1988,-85.9387,-85.7003,-85.5072,-85.3586,-85.1842,-85.0064,-84.8497,-84.7254,-84.6388,-84.5912,-84.5820,-84.6089,-84.6689,-84.7588,-84.8183,-84.8361,-84.8454,-84.8440,-84.7889,-84.6464,-84.4605,-84.2871,-84.0756,-83.8049,-83.5251,-83.2767,-83.0406,-82.8200,-82.6439,-82.5229,-82.4578,-82.4153,-82.3188,-82.1912,-82.0379,-81.8937,-81.7806,-81.7090,-81.6823,-81.7000,-81.7598,-81.8581,-81.9908,-82.1453,-82.3031,-82.4253,-82.5161,-82.5475,-82.5026,-82.4248,-82.3462,-82.2558,-82.1402,-82.0126,-81.8919,-81.7926,-81.7065,-81.5988,-81.4386,-81.2700,-81.1272,-81.0262,-80.9722,-80.9647,-81.0004,-81.0362,-81.0578,-81.0922,-81.1525,-81.2436,-81.3658,-81.5162,-81.6646,-81.7927,-81.9159,-82.0480,-82.1968,-82.3656,-82.5548,-82.7638,-82.9909,-83.2342,-83.4918,-83.7615,-84.0413,-84.3172,-84.5751,-84.8180,-85.0517,-85.2811,-85.5096,-85.7396,-85.9588,-86.1356,-86.2839,-86.4215,-86.5605,-86.7075,-86.8655,-87.0353,-87.2165,-87.4071,-87.5765,-87.6827,-87.7389,-87.7709,-87.7976,-87.8309,-87.8774,-87.9404,-88.0168,-88.0601,-88.0332,-87.9523,-87.7937,-87.5937,-87.3841,-87.1692,-86.9596,-86.7368,-86.4808,-86.2326,-86.0198,-85.8110,-85.6099,-85.4388,-85.3082,-85.2215,-85.1780,-85.1751,-85.2092,-85.2763,-85.3724,-85.4940,-85.6376,-85.7938,-85.8420,-85.7674,-85.6397,-85.4752,-85.2548,-85.0358,-84.8459,-84.6969,-84.5928,-84.5334,-84.5163,-84.5378,-84.5942,-84.6815,-84.7961,-84.9346,-85.0937,-85.2708,-85.3975,-85.4399,-85.4871,-85.5622,-85.6686,-85.8018,-85.8967,-85.9236,-85.9242,-85.9270,-85.9473,-85.9920,-86.0629,-86.1593,-86.2790,-86.4193,-86.5776,-86.7512,-86.9376,-87.1348,-87.3402,-87.5187,-87.6445,-87.6502,-87.6205,-87.6037,-87.6132,-87.6514,-87.7163,-87.7801,-87.8188,-87.8467,-87.8584,-87.8562,-87.8545,-87.8629,-87.8869,-87.9286,-87.9611,-87.9573,-87.9486,-87.9492,-87.9295,-87.8675,-87.7869,-87.7079,-87.6441,-87.5975,-87.5515,-87.5049,-87.4120,-87.2244,-87.0460,-86.9054,-86.7859,-86.6602,-86.5094,-86.3422,-86.1806,-86.0416,-85.9335,-85.8213,-85.6870,-85.5638,-85.4145,-85.2523,-85.1185,-85.0251,-84.9738,-84.9624,-84.9873,-85.0438,-85.1004,-85.1413,-85.1806,-85.2307,-85.2986,-85.3871,-85.4930,-85.6043,-85.6922,-85.6866,-85.6196,-85.5321,-85.4494,-85.3854,-85.3350,-85.2831,-85.2254,-85.1083,-84.9229,-84.7181,-84.5197,-84.3275,-84.1489,-83.9939,-83.8700,-83.7811,-83.7282,-83.7102,-83.7250,-83.7699,-83.8421,-83.9390,-84.0582,-84.1976,-84.3554,-84.5298,-84.7164,-84.8037,-84.7905,-84.7019,-84.6306,-84.6079,-84.6368,-84.7017,-84.7646,-84.7910,-84.6719,-84.5300,-84.4179,-84.3495,-84.3262,-84.3454,-84.3888,-84.4107,-84.4332,-84.4741,-84.5396,-84.6311,-84.7475,-84.8868,-85.0337,-85.1321,-85.1677,-85.1682,-85.1647,-85.1766,-85.2133,-85.2781,-85.3706,-85.4889,-85.6303,-85.7920,-85.9711,-86.1652,-86.3719,-86.5890,-86.8147,-87.0197,-87.1513,-87.1338,-87.0795,-87.0459,-87.0342,-87.0314,-87.0392,-87.0590,-87.0639,-87.0495,-87.0336,-87.0315,-87.0516,-87.0971,-87.1679,-87.2622,-87.3773,-87.5106,-87.6593,-87.8210,-87.9935,-88.1746,-88.3612,-88.5334,-88.6815,-88.8024,-88.8889,-88.9500,-88.9987,-89.0109,-88.9751,-88.9285,-88.8909,-88.8712,-88.8725,-88.8943,-88.9270,-88.9613,-88.9961,-89.0235,-89.0366,-89.0408,-89.0447,-89.0553,-89.0772,-89.1126,-89.1625,-89.2267,-89.3046,-89.3948,-89.4877,-89.4758,-89.4278,-89.3932,-89.3857,-89.4068,-89.4539,-89.5234,-89.6116,-89.7152,-89.8313,-89.9547,-90.0701,-90.1533,-90.2016,-90.2266,-90.2400,-90.2371,-90.2128,-90.1770,-90.1400,-90.1091,-90.0797,-90.0153,-89.9327,-89.8529,-89.7877,-89.7425,-89.7155,-89.6936,-89.6729,-89.6569,-89.6500,-89.6555,-89.6752,-89.7094,-89.7582,-89.8206,-89.8956,-89.9822,-90.0788,-90.1844,-90.2977,-90.4174,-90.5395,-90.6513,-90.7303,-90.7652,-90.7674,-90.7531,-90.7351,-90.7219,-90.7184,-90.7213,-90.6740,-90.5962,-90.5160,-90.4242,-90.3193,-90.1697,-89.9831,-89.8009,-89.6440,-89.5211,-89.4341,-89.3374,-89.1807,-88.9912,-88.7729,-88.5401,-88.3000,-88.0712,-87.8694,-87.7037,-87.5781,-87.4928,-87.4463,-87.4357,-87.4578,-87.5031,-87.5126,-87.5014,-87.4982,-87.5159,-87.5233,-87.4942,-87.4630,-87.4538,-87.4750,-87.5274,-87.6083,-87.7143,-87.8243,-87.9021,-87.9696,-88.0431,-88.1301,-88.2328,-88.3513,-88.4841,-88.6297,-88.7863,-88.9520,-89.1251,-89.3043,-89.4872,-89.6399,-89.7504,-89.8419,-89.9291,-90.0196,-90.1151,-90.1811,-90.2170,-90.2434,-90.2731,-90.3128,-90.3655,-90.4320,-90.5119,-90.6038,-90.7063,-90.8178,-90.9269,-90.9954,-91.0168,-90.9960,-90.9279,-90.7922,-90.6391,-90.4997,-90.3880,-90.3083,-90.2605,-90.2424,-90.2509,-90.2826,-90.3344,-90.4035,-90.4872,-90.5833,-90.6897,-90.8046,-90.9265,-91.0538,-91.1786,-91.2794,-91.3523,-91.3932,-91.3850,-91.3362,-91.2654,-91.1843,-91.0925,-90.9510,-90.7896,-90.6335,-90.4784,-90.3230,-90.1715,-90.0133,-89.8452,-89.6327,-89.4085,-89.1999,-89.0217,-88.8805,-88.7781,-88.7134,-88.6839,-88.6866,-88.7178,-88.7654,-88.7982,-88.7207,-88.6039,-88.5057,-88.4437,-88.4201,-88.4322,-88.4759,-88.5470,-88.6414,-88.7556,-88.8855,-89.0118,-89.1212,-89.2189,-89.3012,-89.3610,-89.4074,-89.4511,-89.4997,-89.5576,-89.6271,-89.7088,-89.8025,-89.9074,-90.0224,-90.1462,-90.2775,-90.4152,-90.5579,-90.7034,-90.8158,-90.8871,-90.9410,-90.9921,-91.0392,-91.0581,-91.0615,-91.0639,-91.0734,-91.0941,-91.1276,-91.1743,-91.1587,-91.0466,-90.9477,-90.8851,-90.8603,-90.8686,-90.8946,-90.8975,-90.8634,-90.7953,-90.5843,-90.3565,-90.1671,-90.0272,-89.9357,-89.8874,-89.8764,-89.8972,-89.9447,-90.0006,-90.0301,-90.0449,-90.0619,-90.0911,-90.1368,-90.1997,-90.2791,-90.3520,-90.3912,-90.4132,-90.4352,-90.4657,-90.4972,-90.4909,-90.3296,-90.1085,-89.8972,-89.7218,-89.5897,-89.5008,-89.4523,-89.4401,-89.4599,-89.5075,-89.5791,-89.6710,-89.7741,-89.8610,-89.9251,-89.9308,-89.8944,-89.8531,-89.8253,-89.8185,-89.8322,-89.8566,-89.8852,-89.9068,-89.9149,-89.9152,-89.9165,-89.9245,-89.8127,-89.6507,-89.4908,-89.3509,-89.2402,-89.1623,-89.1176,-89.1045,-89.1207,-89.1633,-89.2295,-89.3162,-89.4209,-89.5410,-89.6742,-89.8183,-89.9716,-90.1323,-90.2988,-90.4672,-90.6213,-90.7561,-90.8602,-90.9002,-90.9088,-90.9102,-90.9163,-90.9331,-90.9506,-90.9251,-90.8834,-90.8484,-90.8297,-90.8306,-90.8490,-90.8694,-90.8851,-90.8999,-90.9190,-90.9465,-90.9849,-91.0352,-91.0978,-91.1692,-91.2189,-91.2428,-91.2505,-91.2349,-91.2007,-91.1612,-91.1275,-91.1041,-91.0840,-91.0628,-91.0427,-91.0279,-91.0222,-91.0283,-91.0472,-91.0701,-91.0840,-91.0898,-91.0940,-91.1027,-91.1202,-91.1488,-91.1895,-91.2424,-91.3069,-91.3802,-91.4336,-91.4607,-91.4761,-91.4910,-91.5122,-91.5433,-91.5860,-91.6156,-91.5192,-91.3366,-91.1188,-90.9043,-90.7150,-90.5611,-90.4456,-90.3682,-90.3263,-90.3165,-90.3353,-90.3790,-90.4442,-90.5278,-90.6270,-90.7390,-90.8618,-90.9933,-91.1316,-91.2753,-91.4223,-91.5624,-91.5828,-91.4364,-91.1784,-90.9265,-90.7148,-90.5413,-90.3959,-90.2546,-90.1148,-89.9879,-89.8819,-89.7950,-89.7033,-89.6111,-89.5225,-89.3880,-89.2351,-89.0973,-88.9902,-88.9190,-88.8841,-88.8831,-88.9128,-88.9695,-89.0498,-89.1503,-89.2682,-89.4008,-89.5301,-89.5544,-89.4641,-89.3289,-89.1944,-89.0784,-88.9796,-88.8977,-88.8352,-88.7946,-88.7775,-88.7844,-88.8147,-88.8670,-88.9398,-88.9769,-88.8881,-88.7196,-88.5122,-88.2945,-88.0442,-87.7044,-87.3320,-86.9748,-86.6587,-86.3959,-86.1905,-86.0417,-85.9464,-85.8988,-85.8753,-85.8592,-85.8514,-85.8501,-85.8564,-85.8753,-85.9112,-85.9660,-86.0106,-85.9844,-85.9035,-85.8205,-85.7628,-85.7411,-85.7559,-85.7982,-85.8592,-85.9356,-86.0246,-86.1208,-86.2231,-86.3338,-86.4557,-86.5901,-86.7369,-86.8950,-87.0626,-87.2378,-87.4191,-87.6050,-87.7943,-87.9860,-88.1793,-88.3736,-88.5684,-88.7632,-88.9576,-89.1513,-89.3441,-89.5358,-89.7261,-89.9150,-90.1022,-90.2877,-90.4714,-90.6532,-90.8329,-91.0104,-91.1856,-91.3582,-91.5282,-91.6952,-91.8562,-91.9880,-92.0891,-92.1714,-92.2439,-92.3126,-92.3811,-92.4516,-92.5252,-92.6024,-92.6831,-92.7671,-92.8539,-92.9429,-93.0337,-93.1256,-93.2182,-93.3109,-93.4034,-93.4952,-93.5858,-93.6515,-93.6673,-93.6534,-93.6284,-93.6043,-93.5874,-93.5806,-93.5848,-93.5997,-93.6242,-93.6573,-93.6976,-93.7439,-93.7951,-93.8502,-93.9083,-93.9686,-94.0303,-94.0930,-94.1561,-94.2191,-94.2818,-94.3437,-94.4046,-94.4644,-94.5228,-94.5797,-94.6350,-94.6886,-94.7404,-94.7905,-94.8387,-94.8852,-94.9298,-94.9727,-95.0137,-95.0531,-95.0908,-95.1268,-95.1613,-95.1942,-95.2256,-95.2556,-95.2843,-95.3114,-95.3311,-95.3326,-95.3148,-95.2829,-95.2429,-95.1999,-95.1573,-95.0227,-94.8339,-94.6552,-94.5029,-94.3796,-94.2838,-94.2127,-94.1630,-94.1318,-94.1163,-94.1144,-94.1237,-94.1427,-94.1696,-94.2032,-94.2423,-94.2857,-94.3327,-94.3825,-94.4342,-94.4874,-94.5416,-94.5962,-94.6509,-94.7053,-94.7592,-94.8123,-94.8645,-94.9155,-94.9652,-95.0136,-95.0605,-95.1059,-95.1497,-95.1920,-95.2326,-95.2717,-95.3092,-95.3451,-95.3795,-95.4124,-95.4438,-95.4738,-95.5025,-95.5210,-95.5021,-95.4496,-95.3789,-95.3033,-95.2315,-95.1684,-95.1162,-95.0755,-95.0458,-95.0264,-95.0162,-95.0139,-95.0187,-95.0288,-95.0305,-95.0074,-94.9642,-94.9117,-94.8590,-94.8118,-94.7733,-94.7447,-94.7260,-94.7169,-94.7163,-94.7235,-94.7375,-94.7573,-94.7820,-94.8109,-94.8432,-94.8783,-94.9156,-94.9546,-94.9948,-95.0360,-95.0776,-95.1194,-95.1611,-95.2025,-95.2434,-95.2837,-95.3232,-95.3617,-95.3992,-95.4356,-95.4709,-95.5036,-95.5011,-95.4551,-95.3880,-95.3171,-95.2520,-95.1971,-95.1539,-95.1221,-95.1011,-95.0896,-95.0867,-95.0911,-95.1017,-95.1177,-95.1381,-95.1622,-95.1892,-95.2186,-95.2499,-95.2825,-95.3161,-95.3503,-95.3848,-95.4008,-95.3745,-95.2697,-95.1135,-94.9483,-94.7941,-94.6595,-94.5476,-94.4589,-94.3921,-94.3455,-94.3169,-94.3043,-94.3055,-94.3186,-94.3419,-94.3737,-94.4126,-94.4574,-94.5069,-94.5601,-94.6161,-94.6742,-94.7336,-94.7939,-94.8544,-94.9149,-94.9748,-95.0339,-95.0920,-95.1488,-95.2041,-95.2579,-95.3100,-95.3603,-95.4088,-95.4554,-95.5001,-95.5430,-95.5841,-95.6233,-95.6607,-95.6963,-95.7303,-95.7625,-95.7932,-95.8224,-95.8500,-95.8763,-95.9012,-95.9247,-95.9471,-95.9683,-95.9883,-96.0073,-96.0253,-96.0424,-96.0585,-96.0738,-96.0884,-96.1021,-96.1152,-96.1215,-96.0457,-95.9264,-95.8067,-95.7016,-95.6148,-95.5460,-95.4936,-95.4556,-95.4301,-95.4151,-95.4092,-95.4108,-95.4189,-95.4322,-95.4500,-95.4713,-95.4954,-95.5219,-95.5500,-95.5795,-95.6098,-95.6407,-95.6718,-95.7029,-95.7339,-95.7645,-95.7946,-95.8240,-95.8528,-95.8807,-95.9078,-95.9340,-95.9593,-95.9837,-96.0052,-95.9966,-95.9499,-95.8826,-95.8098,-95.7408,-95.6802,-95.6064,-95.4815,-95.3421,-95.2107,-95.0970,-95.0045,-94.9334,-94.8822,-94.8491,-94.8319,-94.8285,-94.8367,-94.8549,-94.8814,-94.9147,-94.9535,-94.9967,-95.0434,-95.0926,-95.1437,-95.1959,-95.2488,-95.3019,-95.3548,-95.4071,-95.4587,-95.5091,-95.5584,-95.6063,-95.6526,-95.6974,-95.7406,-95.7821,-95.8220,-95.8601,-95.8965,-95.9313,-95.9645,-95.9960,-96.0260,-96.0545,-96.0815,-96.1071,-96.1314,-96.1544,-96.1434,-96.0468,-95.9206,-95.8019,-95.7033,-95.6269,-95.5708,-95.5280,-95.4461,-95.3246,-95.2007,-95.0941,-95.0107,-94.9484,-94.8862,-94.8119,-94.7325,-94.6577,-94.5944,-94.5460,-94.5135,-94.4965,-94.4937,-94.5037,-94.5247,-94.5553,-94.5938,-94.6390,-94.6897,-94.7446,-94.8029,-94.8273,-94.7969,-94.7492,-94.7030,-94.6665,-94.6427,-94.6324,-94.6348,-94.6488,-94.6731,-94.7060,-94.7462,-94.7924,-94.8433,-94.8979,-94.9552,-95.0144,-95.0749,-95.1360,-95.1971,-95.2579,-95.3180,-95.3771,-95.4349,-95.4912,-95.5458,-95.5987,-95.6498,-95.6989,-95.7461,-95.7913,-95.8345,-95.8758,-95.9152,-95.9526,-95.9797,-95.9431,-95.8692,-95.7870,-95.7094,-95.6422,-95.5876,-95.5458,-95.5163,-95.4979,-95.4817,-95.4223,-95.3075,-95.1628,-95.0135,-94.8755,-94.7571,-94.6612,-94.5882,-94.5366,-94.5044,-94.4894,-94.4894,-94.4950,-94.4754,-94.4320,-94.3808,-94.3345,-94.3002,-94.2806,-94.2761,-94.2857,-94.3078,-94.3407,-94.3827,-94.4323,-94.4880,-94.5487,-94.6132,-94.6806,-94.7500,-94.8207,-94.8921,-94.9636,-95.0347,-95.1052,-95.1745,-95.2424,-95.3087,-95.3732,-95.4357,-95.4961,-95.5543,-95.6103,-95.6640,-95.7154,-95.7645,-95.8113,-95.8560,-95.8984,-95.9386,-95.9769,-96.0130,-96.0473,-96.0797,-96.1103,-96.1393,-96.1665,-96.1923,-96.2165,-96.2394,-96.2610,-96.2813,-96.3004,-96.3184,-96.3353,-96.3513,-96.3663,-96.3805,-96.3938,-96.4064,-96.4182,-96.4294,-96.4399,-96.4499,-96.4593,-96.4682,-96.4766,-96.4845,-96.4666,-96.3711,-96.2504,-96.1307,-96.0231,-95.9320,-95.8582,-95.8012,-95.7593,-95.7262,-95.6631,-95.5761,-95.4847,-95.3998,-95.3266,-95.2677,-95.2235,-95.1935,-95.1767,-95.1717,-95.1771,-95.1914,-95.2134,-95.2417,-95.2753,-95.3130,-95.3541,-95.3977,-95.4431,-95.4897,-95.5370,-95.5846,-95.6321,-95.6792,-95.7256,-95.7711,-95.8154,-95.8478,-95.7656,-95.6478,-95.5395,-95.4057,-95.1651,-94.8626,-94.5731,-94.3276,-94.1335,-93.9883,-93.8864,-93.8216,-93.7882,-93.7812,-93.7959,-93.8287,-93.8762,-93.9356,-94.0046,-94.0811,-94.1634,-94.2499,-94.3393,-94.4306,-94.5228,-94.6151,-94.7069,-94.7888,-94.8041,-94.7821,-94.7550,-94.7340,-94.7076,-94.6670,-94.6189,-94.5722,-94.5332,-94.5054,-94.4900,-94.4872,-94.4963,-94.5161,-94.5455,-94.5832,-94.6279,-94.6784,-94.7338,-94.7929,-94.8550,-94.9192,-94.9849,-95.0514,-95.1182,-95.1849,-95.2510,-95.3162,-95.3803,-95.4429,-95.5039,-95.5606,-95.5944,-95.5976,-95.5793,-95.5509,-95.5207,-95.4940,-95.4735,-95.4603,-95.4546,-95.4561,-95.4641,-95.4778,-95.4966,-95.5197,-95.5463,-95.5758,-95.6077,-95.6415,-95.6766,-95.7127,-95.7493,-95.7863,-95.8234,-95.8602,-95.8966,-95.9324,-95.9675,-96.0017,-96.0350,-96.0673,-96.0985,-96.1285,-96.1575,-96.1852,-96.2118,-96.2373,-96.2616,-96.2847,-96.3068,-96.3278,-96.3477,-96.3341,-96.2465,-96.1379,-96.0331,-95.9413,-95.8656,-95.8060,-95.7616,-95.7307,-95.7117,-95.7028,-95.7027,-95.7097,-95.7162,-95.7048,-95.6416,-95.5252,-95.3850,-95.2435,-95.1140,-95.0029,-94.9127,-94.8437,-94.7947,-94.7640,-94.7497,-94.7211,-94.6216,-94.4935,-94.3370,-94.1739,-94.0220,-93.8518,-93.6749,-93.5128,-93.3776,-93.2746,-93.2044,-93.1654,-93.1542,-93.1557,-93.1534,-93.1479,-93.1033,-93.0045,-92.8779,-92.7485,-92.6328,-92.5398,-92.4735,-92.4347,-92.4186,-92.4100,-92.4027,-92.4002,-92.4079,-92.4290,-92.4652,-92.5165,-92.5822,-92.6609,-92.7510,-92.8508,-92.9587,-93.0731,-93.1925,-93.3157,-93.4415,-93.5687,-93.6966,-93.8243,-93.9510,-94.0761,-94.1991,-94.3188,-94.4153,-94.4792,-94.5196,-94.5322,-94.4633,-94.3378,-94.1997,-94.0707,-93.9604,-93.8725,-93.8077,-93.7653,-93.7439,-93.7409,-93.7242,-93.6791,-93.6266,-93.5805,-93.5480,-93.5324,-93.5344,-93.5532,-93.5874,-93.6352,-93.6667,-93.6238,-93.5578,-93.5048,-93.4765,-93.4658,-93.4590,-93.4542,-93.4546,-93.4632,-93.4818,-93.5110,-93.5433,-93.5693,-93.5902,-93.6100,-93.6328,-93.6611,-93.6962,-93.7385,-93.7879,-93.8440,-93.9060,-93.9732,-94.0446,-94.1196,-94.1974,-94.2773,-94.3587,-94.4410,-94.5238,-94.6030,-94.6670,-94.7119,-94.7419,-94.7625,-94.7790,-94.7951,-94.8131,-94.8347,-94.8604,-94.8905,-94.9249,-94.9633,-95.0051,-95.0500,-95.0975,-95.1469,-95.1980,-95.2501,-95.3030,-95.3562,-95.4094,-95.4623,-95.5146,-95.5662,-95.6168,-95.6663,-95.7145,-95.7612,-95.8065,-95.8206,-95.7637,-95.6755,-95.5873,-95.5126,-95.4554,-95.4154,-95.3871,-95.3147,-95.2118,-95.1082,-95.0179,-94.9459,-94.8935,-94.8598,-94.8431,-94.8411,-94.8520,-94.8736,-94.9043,-94.9422,-94.9862,-95.0348,-95.0870,-95.1419,-95.1987,-95.2566,-95.3150,-95.3736,-95.4318,-95.4892,-95.5456,-95.6008,-95.6546,-95.7067,-95.7572,-95.8057,-95.8371,-95.8265,-95.7869,-95.7371,-95.6890,-95.6481,-95.6167,-95.5950,-95.5825,-95.5548,-95.4884,-95.4054,-95.3221,-95.2475,-95.1862,-95.1397,-95.1082,-95.0906,-95.0858,-95.0922,-95.1082,-95.1325,-95.1636,-95.2003,-95.2416,-95.2864,-95.3339,-95.3834,-95.4341,-95.4857,-95.5375,-95.5892,-95.6404,-95.6908,-95.7403,-95.7885,-95.8355,-95.8809,-95.9248,-95.9671,-96.0078,-95.9677,-95.8479,-95.7273,-95.6265,-95.5493,-95.4945,-95.4584,-95.4199,-95.3679,-95.3100,-95.2540,-95.2048,-95.0860,-94.8820,-94.6904,-94.5315,-94.3989,-94.2863,-94.1922,-94.1168,-94.0604,-94.0227,-94.0029,-93.9996,-94.0113,-94.0363,-94.0728,-94.1194,-94.1744,-94.2364,-94.3042,-94.3766,-94.4526,-94.5312,-94.6117,-94.6933,-94.7755,-94.8575,-94.9391,-95.0197,-95.0991,-95.1768,-95.2470,-95.2916,-95.3108,-95.3137,-95.3086,-95.3018,-95.2971,-95.2967,-95.3017,-95.3125,-95.3288,-95.3504,-95.3765,-95.4068,-95.4404,-95.4769,-95.5156,-95.5561,-95.5979,-95.6405,-95.6836,-95.7269,-95.7700,-95.8127,-95.8549,-95.8962,-95.9367,-95.9760,-96.0143,-96.0513,-96.0870,-96.1213,-96.1543,-96.1643,-96.1130,-96.0336,-95.9493,-95.8644,-95.7635,-95.6487,-95.5323,-95.4247,-95.3318,-95.2564,-95.1989,-95.1583,-95.1334,-95.1222,-95.1231,-95.1343,-95.1544,-95.1773,-95.1782,-95.1474,-95.0806,-94.9959,-94.9088,-94.8284,-94.7595,-94.7047,-94.6647,-94.6393,-94.6277,-94.6287,-94.6410,-94.6633,-94.6942,-94.7325,-94.7770,-94.8268,-94.8807,-94.9381,-94.9980,-95.0599,-95.1231,-95.1871,-95.2514,-95.3156,-95.3793,-95.4422,-95.5041,-95.5646,-95.6231,-95.6438,-95.6190,-95.5771,-95.5332,-95.4942,-95.4207,-95.3059,-95.1857,-95.0778,-94.9893,-94.9223,-94.8762,-94.8252,-94.7264,-94.6115,-94.5082,-94.3892,-94.2559,-94.1317,-94.0286,-93.9513,-93.9004,-93.8744,-93.8707,-93.8867,-93.9195,-93.9664,-94.0251,-94.0935,-94.1696,-94.2517,-94.3384,-94.4284,-94.5206,-94.6141,-94.7079,-94.8014,-94.8941,-94.9853,-95.0747,-95.1619,-95.2466,-95.3287,-95.4079,-95.4842,-95.5574,-95.6028,-95.5605,-95.4860,-95.4119,-95.3510,-95.3075,-95.2814,-95.2711,-95.2746,-95.2895,-95.3137,-95.3454,-95.3830,-95.4252,-95.4707,-95.5186,-95.5681,-95.6185,-95.6693,-95.7200,-95.7702,-95.8197,-95.8681,-95.9153,-95.9611,-96.0055,-96.0482,-96.0894,-96.1288,-96.1666,-96.2027,-96.2371,-96.2699,-96.3010,-96.3306,-96.3587,-96.3853,-96.4104,-96.4342,-96.4567,-96.4779,-96.4979,-96.5168,-96.5346,-96.5514,-96.5672,-96.5821,-96.5961,-96.6094,-96.6199,-96.6005,-96.5435,-96.4663,-96.3723,-96.2191,-96.0328,-95.8519,-95.6942,-95.5646,-95.4628,-95.3864,-95.3322,-95.2974,-95.2792,-95.2749,-95.2824,-95.2997,-95.3251,-95.3572,-95.3947,-95.4364,-95.4813,-95.5287,-95.5411,-95.4720,-95.3780,-95.2936,-95.2303,-95.1894,-95.1686,-95.1648,-95.1752,-95.1970,-95.2279,-95.2660,-95.3098,-95.3578,-95.4090,-95.4623,-95.5171,-95.5726,-95.6284,-95.6839,-95.7387,-95.7926,-95.8453,-95.8966,-95.9464,-95.9945,-96.0408,-96.0854,-96.1281,-96.1690,-96.2080,-96.2452,-96.2805,-96.3141,-96.3460,-96.3762,-96.4048,-96.4319,-96.4574,-96.4816,-96.5043,-96.5258,-96.5460,-96.5650,-96.5801,-96.5761,-96.5495,-96.5069,-96.4559,-96.4026,-96.3422,-96.2609,-96.1640,-96.0619,-95.9633,-95.8735,-95.7958,-95.7315,-95.6807,-95.6429,-95.6173,-95.6027,-95.5979,-95.6018,-95.6132,-95.6309,-95.6542,-95.6820,-95.7135,-95.7480,-95.7848,-95.8234,-95.8633,-95.9040,-95.9450,-95.9862,-96.0271,-96.0675,-96.1073,-96.1462,-96.1841,-96.2208,-96.2564,-96.2907,-96.3237,-96.3554,-96.3524,-96.2791,-96.1764,-96.0749,-95.9879,-95.9004,-95.7707,-95.6283,-95.4953,-95.3817,-95.2909,-95.2229,-95.1763,-95.1487,-95.1376,-95.1408,-95.1559,-95.1810,-95.2144,-95.2543,-95.2995,-95.3488,-95.4011,-95.4556,-95.5115,-95.5681,-95.6250,-95.6817,-95.7377,-95.7929,-95.8468,-95.8993,-95.9502,-95.9995,-96.0470,-96.0927,-96.1364,-96.1783,-96.2183,-96.2564,-96.2927,-96.3271,-96.3598,-96.3907,-96.4200,-96.4477,-96.4739,-96.4985,-96.5218,-96.5437,-96.5644,-96.5498,-96.4386,-96.2990,-96.1681,-96.0589,-95.9737,-95.9108,-95.8671,-95.8396,-95.8254,-95.8221,-95.8277,-95.8405,-95.8590,-95.8821,-95.9087,-95.9380,-95.9693,-96.0020,-96.0356,-96.0697,-96.1039,-96.1380,-96.1717,-96.2049,-96.2373,-96.2660,-96.2625,-96.2227,-96.1638,-96.1003,-96.0409,-95.9731,-95.8741,-95.7601,-95.6477,-95.5467,-95.4619,-95.3950,-95.3458,-95.3130,-95.2951,-95.2904,-95.2970,-95.3079,-95.2991,-95.2676,-95.2148,-95.1359,-95.0411,-94.9443,-94.8554,-94.7803,-94.7215,-94.6732,-94.6187,-94.5581,-94.4991,-94.4479,-94.4085,-94.3827,-94.3708,-94.3723,-94.3864,-94.4117,-94.4470,-94.4909,-94.5306,-94.4284,-94.3003,-94.1997,-94.1351,-94.1042,-94.1018,-94.1227,-94.1622,-94.2163,-94.2818,-94.3560,-94.4367,-94.5221,-94.6056,-94.6741,-94.7248,-94.7622,-94.7916,-94.8180,-94.7485,-94.6125,-94.4830,-94.3808,-94.3100,-94.2685,-94.2526,-94.2582,-94.2818,-94.3199,-94.3697,-94.4290,-94.4957,-94.5681,-94.6448,-94.7244,-94.8060,-94.8887,-94.9717,-95.0544,-95.1363,-95.2169,-95.2958,-95.3728,-95.4475,-95.5200,-95.5898,-95.6571,-95.7217,-95.7835,-95.8426,-95.8990,-95.9527,-96.0037,-96.0521,-96.0981,-96.1415,-96.1108,-95.9755,-95.8374,-95.7228,-95.6361,-95.5754,-95.5371,-95.5173,-95.5125,-95.5196,-95.5364,-95.5606,-95.5906,-95.6252,-95.6630,-95.7032,-95.7451,-95.7880,-95.8314,-95.8748,-95.9179,-95.9605,-96.0022,-96.0430,-96.0826,-96.1210,-96.1581,-96.1937,-96.2280,-96.2609,-96.2923,-96.3222,-96.3508,-96.3720,-96.3557,-96.3080,-96.2454,-96.1793,-96.1166,-96.0612,-96.0148,-95.9781,-95.9509,-95.9325,-95.9222,-95.9192,-95.9224,-95.9311,-95.9444,-95.9616,-95.9820,-96.0050,-96.0153,-95.9757,-95.9064,-95.8280,-95.7533,-95.6893,-95.6390,-95.6029,-95.5805,-95.5705,-95.5713,-95.5813,-95.5990,-95.6231,-95.6523,-95.6856,-95.7220,-95.7608,-95.8011,-95.8426,-95.8846,-95.9255,-95.9159,-95.8576,-95.7854,-95.7164,-95.6581,-95.6134,-95.5824,-95.5645,-95.5582,-95.5619,-95.5743,-95.5934,-95.5058,-95.3391,-95.0659,-94.7922,-94.5653,-94.3935,-94.2728,-94.1958,-94.1551,-94.1439,-94.1566,-94.1884,-94.2355,-94.2945,-94.3629,-94.4384,-94.5192,-94.6037,-94.6907,-94.7790,-94.8678,-94.9564,-95.0440,-95.1302,-95.2147,-95.2969,-95.3767,-95.4540,-95.5284,-95.5924,-95.6269,-95.6331,-95.6219,-95.5982,-95.5573,-95.5019,-95.4396,-95.3777,-95.3216,-95.2744,-95.2377,-95.2121,-95.1972,-95.1925,-95.1971,-95.2100,-95.2302,-95.2567,-95.2887,-95.3252,-95.3656,-95.4089,-95.4547,-95.5022,-95.5511,-95.6008,-95.6509,-95.7010,-95.7509,-95.8003,-95.8488,-95.8964,-95.9429,-95.9881,-96.0319,-96.0743,-96.0909,-96.0466,-95.9746,-95.8977,-95.8269,-95.7433,-95.6354,-95.5196,-95.4092,-95.3119,-95.2316,-95.1692,-95.1244,-95.0868,-95.0370,-94.9762,-94.9141,-94.8589,-94.8151,-94.7848,-94.7684,-94.7654,-94.7745,-94.7945,-94.8239,-94.8614,-94.9056,-94.9554,-95.0098,-95.0676,-95.1280,-95.1904,-95.2539,-95.3181,-95.3823,-95.4462,-95.5094,-95.5700,-95.6099,-95.6129,-95.5639,-95.4758,-95.3712,-95.2674,-95.1744,-95.0970,-95.0369,-94.9938,-94.9669,-94.9545,-94.9551,-94.9669,-94.9885,-95.0184,-95.0552,-95.0978,-95.1452,-95.1963,-95.2503,-95.3065,-95.3642,-95.4228,-95.4818,-95.5408,-95.5947,-95.6270,-95.6369,-95.6327,-95.6220,-95.6101,-95.6001,-95.5941,-95.5928,-95.5967,-95.6057,-95.6196,-95.6368,-95.6056,-95.5214,-95.4232,-95.3315,-95.2556,-95.1985,-95.1601,-95.1391,-95.1334,-95.1407,-95.1590,-95.1864,-95.2211,-95.2617,-95.3068,-95.3555,-95.4068,-95.4598,-95.5073,-95.5316,-95.5319,-95.5175,-95.4976,-95.4783,-95.4633,-95.4543,-95.4522,-95.4524,-95.4243,-95.3736,-95.3166,-95.2629,-95.2173,-95.1825,-95.1591,-95.1473,-95.1462,-95.1551,-95.1546,-95.0952,-95.0160,-94.9433,-94.8867,-94.8482,-94.8272,-94.8219,-94.8305,-94.8510,-94.8672,-94.8254,-94.7369,-94.6236,-94.5065,-94.3998,-94.3112,-94.2438,-94.1982,-94.1734,-94.1677,-94.1789,-94.2048,-94.2434,-94.2926,-94.3508,-94.4162,-94.4783,-94.5031,-94.4901,-94.4542,-94.4062,-94.3238,-94.1935,-94.0389,-93.8839,-93.7432,-93.6245,-93.5300,-93.4136,-93.2703,-93.1380,-93.0319,-92.9559,-92.9092,-92.8894,-92.8935,-92.9185,-92.9617,-93.0204,-93.0924,-93.1755,-93.2679,-93.3677,-93.4736,-93.5841,-93.6981,-93.8143,-93.9320,-94.0501,-94.1680,-94.2850,-94.4006,-94.5141,-94.6253,-94.7337,-94.8390,-94.9411,-95.0396,-95.1346,-95.2258,-95.3133,-95.3969,-95.4767,-95.5528,-95.6251,-95.6938,-95.7589,-95.8205,-95.8788,-95.9338,-95.9858,-96.0347,-96.0807,-96.0908,-95.9918,-95.8735,-95.7682,-95.6840,-95.6216,-95.5789,-95.5533,-95.5419,-95.5424,-95.5285,-95.4576,-95.3624,-95.2729,-95.2011,-95.1498,-95.1179,-95.1032,-95.1032,-95.1155,-95.1379,-95.1687,-95.2061,-95.2488,-95.2956,-95.3455,-95.3975,-95.4511,-95.5055,-95.5603,-95.6149,-95.6690,-95.7224,-95.7746,-95.8257,-95.8752,-95.9233,-95.9697,-96.0143,-96.0573,-96.0984,-96.1378,-96.1753,-96.2112,-96.2453,-96.2777,-96.3085,-96.3377,-96.3653,-96.3915,-96.4162,-96.4397,-96.4618,-96.4826,-96.5023,-96.5209,-96.5384,-96.5549,-96.5705,-96.5852,-96.5990,-96.6121,-96.6243,-96.6114,-96.5442,-96.4293,-96.2871,-96.1380,-95.9955,-95.8674,-95.7572,-95.6657,-95.5927,-95.5370,-95.4969,-95.4709,-95.4573,-95.4544,-95.4608,-95.4752,-95.4963,-95.5231,-95.5546,-95.5899,-95.6282,-95.6665,-95.6456,-95.5399,-95.3910,-95.2345,-95.0907,-94.9690,-94.8714,-94.7821,-94.6894,-94.5987,-94.5178,-94.4482,-94.3741,-94.2940,-94.2163,-94.1486,-94.0955,-94.0594,-94.0409,-94.0393,-94.0534,-94.0816,-94.1223,-94.1737,-94.2341,-94.3021,-94.3642,-94.3926,-94.3960,-94.3908,-94.3880,-94.3934,-94.4094,-94.4362,-94.4733,-94.5195,-94.5735,-94.6340,-94.6998,-94.7697,-94.8427,-94.9093,-94.9153,-94.8748,-94.8253,-94.7858,-94.7625,-94.7563,-94.7657,-94.7885,-94.8226,-94.8658,-94.9163,-94.9725,-95.0331,-95.0967,-95.1626,-95.2297,-95.2974,-95.3652,-95.4323,-95.4837,-95.5035,-95.5024,-95.4913,-95.4775,-95.4655,-95.4579,-95.4554,-95.4383,-95.3881,-95.3200,-95.2512,-95.1917,-95.1455,-95.1137,-95.0958,-95.0906,-95.0967,-95.1127,-95.1371,-95.1687,-95.2062,-95.2465,-95.2708,-95.2698,-95.2515,-95.2265,-95.2027,-95.1850,-95.1755,-95.1751,-95.1834,-95.1999,-95.2236,-95.2536,-95.2889,-95.3285,-95.3717,-95.4177,-95.4658,-95.5153,-95.5659,-95.6170,-95.6682,-95.7191,-95.7696,-95.8148,-95.8255,-95.8013,-95.7594,-95.7137,-95.6722,-95.6389,-95.6153,-95.6014,-95.5968,-95.6004,-95.6113,-95.6284,-95.6509,-95.6777,-95.7081,-95.7414,-95.7769,-95.8140,-95.8524,-95.8914,-95.9308,-95.9703,-96.0095,-96.0483,-96.0587,-95.9921,-95.9049,-95.8219,-95.7516,-95.6965,-95.6566,-95.6306,-95.6171,-95.6142,-95.6205,-95.6346,-95.6550,-95.6807,-95.7105,-95.7374,-95.7220,-95.6752,-95.6176,-95.5614,-95.5132,-95.4760,-95.4508,-95.4373,-95.4347,-95.4418,-95.4528,-95.4439,-95.4111,-95.3655,-95.3183,-95.2769,-95.2451,-95.2247,-95.2157,-95.2175,-95.2290,-95.2491,-95.2719,-95.2444,-95.1237,-94.9685,-94.8168,-94.6844,-94.5768,-94.4873,-94.3665,-94.2269,-94.0998,-93.9989,-93.9275,-93.8845,-93.8671,-93.8719,-93.8957,-93.9356,-93.9889,-94.0532,-94.1263,-94.2065,-94.2921,-94.3818,-94.4742,-94.5685,-94.6635,-94.7268,-94.7179,-94.6879,-94.6603,-94.6440,-94.6396,-94.6076,-94.5459,-94.4767,-94.4145,-94.3664,-94.3269,-94.2887,-94.2520,-94.2201,-94.1966,-94.1841,-94.1836,-94.1955,-94.2192,-94.2538,-94.2557,-94.2008,-94.1374,-94.0857,-94.0528,-94.0397,-94.0455,-94.0682,-94.1056,-94.1555,-94.2156,-94.2842,-94.3594,-94.4315,-94.4478,-94.4209,-94.3870,-94.3642,-94.3581,-94.3689,-94.3949,-94.4180,-94.4098,-94.3820,-94.3522,-94.3308,-94.3226,-94.3289,-94.3489,-94.3813,-94.4244,-94.4766,-94.5362,-94.6019,-94.6721,-94.7460,-94.8223,-94.9003,-94.9791,-95.0581,-95.1368,-95.2146,-95.2912,-95.3662,-95.4393,-95.5103,-95.5791,-95.6455,-95.7094,-95.7708,-95.8296,-95.8858,-95.9281,-95.9197,-95.8748,-95.8150,-95.7547,-95.7017,-95.6597,-95.6298,-95.6118,-95.6047,-95.6072,-95.6180,-95.6357,-95.6592,-95.6874,-95.7192,-95.7539,-95.7906,-95.8289,-95.8682,-95.9079,-95.9478,-95.9875,-96.0268,-96.0653,-96.0787,-96.0439,-95.9849,-95.9193,-95.8574,-95.8043,-95.7623,-95.7318,-95.7125,-95.7033,-95.7032,-95.7109,-95.7252,-95.7451,-95.7695,-95.7977,-95.8288,-95.8621,-95.8970,-95.9331,-95.9699,-96.0070,-96.0441,-96.0809,-96.1172,-96.1218,-96.0623,-95.9831,-95.9073,-95.8420,-95.7638,-95.6569,-95.5391,-95.4281,-95.3334,-95.2583,-95.2031,-95.1661,-95.1455,-95.1390,-95.1448,-95.1610,-95.1858,-95.2180,-95.2560,-95.2989,-95.3456,-95.3952,-95.4342,-95.4094,-95.3554,-95.3011,-95.2573,-95.2272,-95.2108,-95.2071,-95.2145,-95.2316,-95.2568,-95.2889,-95.3266,-95.3689,-95.4147,-95.4632,-95.5138,-95.5656,-95.6183,-95.6712,-95.7241,-95.7765,-95.8281,-95.8787,-95.9282,-95.9762,-96.0228,-96.0679,-96.1112,-96.1529,-96.1929,-96.2311,-96.2676,-96.3024,-96.3356,-96.3670,-96.3969,-96.4253,-96.4521,-96.4775,-96.5015,-96.5241,-96.5455,-96.5657,-96.5847,-96.6027,-96.6196,-96.6355,-96.6505,-96.6646,-96.6778,-96.6904,-96.7021,-96.7132,-96.7237,-96.7335,-96.7428,-96.7515,-96.7597,-96.7675,-96.7749,-96.7818,-96.7883,-96.7946,-96.8004,-96.8060,-96.8113,-96.8163,-96.8211,-96.8256,-96.8299,-96.8340,-96.8380,-96.8417,-96.8453,-96.8488,-96.8521,-96.8553,-96.8583,-96.8613,-96.8641,-96.8669,-96.8695,-96.8721,-96.8746,-96.8770,-96.8794,-96.8817,-96.8839,-96.8861,-96.8882,-96.8903,-96.8923,-96.8943,-96.8962,-96.8982,-96.9000,-96.9019,-96.9037,-96.9055,-96.9072,-96.9090,-96.9107,-96.9067,-96.8772,-96.8208,-96.7483,-96.6668,-96.5643,-96.4417,-96.3116,-96.1855,-96.0707,-95.9709,-95.8877,-95.8210,-95.7701,-95.7337,-95.7102,-95.6984,-95.6965,-95.7034,-95.7178,-95.7384,-95.7642,-95.7943,-95.8279,-95.8642,-95.9025,-95.9424,-95.9832,-96.0245,-96.0660,-96.1074,-96.1483,-96.1886,-96.2280,-96.2664,-96.3037,-96.3398,-96.3746,-96.3960,-96.3384,-96.2045,-96.0354,-95.8634,-95.7068,-95.5740,-95.4675,-95.3727,-95.2656,-95.1522,-95.0448,-94.8816,-94.6373,-94.4125,-94.2141,-94.0329,-93.8751,-93.7467,-93.6505,-93.5860,-93.5512,-93.5430,-93.5581,-93.5930,-93.6447,-93.7104,-93.7875,-93.8739,-93.9675,-94.0668,-94.1702,-94.2764,-94.3843,-94.4928,-94.5886,-94.6556,-94.6849,-94.6566,-94.5955,-94.5264,-94.4643,-94.4165,-94.3859,-94.3727,-94.3759,-94.3940,-94.4252,-94.4677,-94.5197,-94.5795,-94.6458,-94.7172,-94.7924,-94.8705,-94.9505,-95.0315,-95.1084,-95.1488,-95.1545,-95.1428,-95.1264,-95.1129,-95.1067,-95.1093,-95.1212,-95.1418,-95.1703,-95.2048,-95.2082,-95.1655,-95.0328,-94.8586,-94.6892,-94.5435,-94.4281,-94.3438,-94.2785,-94.1995,-94.1112,-94.0298,-93.9655,-93.9224,-93.9011,-93.9002,-93.9176,-93.9511,-93.9865,-93.9966,-93.9913,-93.9833,-93.9807,-93.9878,-94.0066,-94.0374,-94.0796,-94.0988,-94.0612,-94.0062,-93.9570,-93.9240,-93.9110,-93.9179,-93.9430,-93.9841,-94.0386,-94.1040,-94.1782,-94.2593,-94.3455,-94.4353,-94.5276,-94.6213,-94.7154,-94.8093,-94.9021,-94.9936,-95.0831,-95.1704,-95.2552,-95.3373,-95.4164,-95.4926,-95.5657,-95.6356,-95.7024,-95.7661,-95.8267,-95.8844,-95.9390,-95.9908,-96.0398,-96.0861,-96.1298,-96.1711,-96.2100,-96.2466,-96.2811,-96.3136,-96.3441,-96.3727,-96.3997,-96.4250,-96.4487,-96.4710,-96.4919,-96.5115,-96.5300,-96.5473,-96.5635,-96.5788,-96.5931,-96.5948,-96.5440,-96.4641,-96.3773,-96.2873,-96.1668,-96.0204,-95.8703,-95.7323,-95.6139,-95.5174,-95.4423,-95.3869,-95.3491,-95.3267,-95.3177,-95.3200,-95.3303,-95.3105,-95.2567,-95.1913,-95.1285,-95.0758,-95.0366,-95.0119,-95.0014,-95.0038,-95.0177,-95.0416,-95.0740,-95.1133,-95.1584,-95.2048,-95.2152,-95.1917,-95.1551,-95.1181,-95.0877,-95.0674,-95.0582,-95.0603,-95.0726,-95.0942,-95.1238,-95.1602,-95.2022,-95.2487,-95.2988,-95.3515,-95.4062,-95.4621,-95.5187,-95.5754,-95.6320,-95.6879,-95.7429,-95.7968,-95.8493,-95.9003,-95.9497,-95.9973,-96.0431,-96.0871,-96.1293,-96.1696,-96.2080,-96.2446,-96.2794,-96.3125,-96.3439,-96.3736,-96.4017,-96.4283,-96.4534,-96.4772,-96.4996,-96.5207,-96.5336,-96.5207,-96.4823,-96.3744,-96.2140,-96.0467,-95.8928,-95.7597,-95.6493,-95.5612,-95.4935,-95.4445,-95.4120,-95.3940,-95.3886,-95.3939,-95.4084,-95.4307,-95.4594,-95.4741,-95.4565,-95.4232,-95.3869,-95.3546,-95.3299,-95.3145,-95.3088,-95.3124,-95.3248,-95.3450,-95.3719,-95.4048,-95.4425,-95.4841,-95.5290,-95.5762,-95.6252,-95.6754,-95.7263,-95.7774,-95.8117,-95.7989,-95.7566,-95.7052,-95.6568,-95.6175,-95.5894,-95.5729,-95.5671,-95.5709,-95.5771,-95.5425,-95.4765,-95.4010,-95.3299,-95.2709,-95.2272,-95.1996,-95.1858,-95.0913,-94.9383,-94.7993,-94.6952,-94.6272,-94.5908,-94.5806,-94.5918,-94.6200,-94.6617,-94.7141,-94.7747,-94.8416,-94.9131,-94.9878,-95.0646,-95.1425,-95.2208,-95.2987,-95.3758,-95.4515,-95.5256,-95.5977,-95.6676,-95.7352,-95.8003,-95.8628,-95.9227,-95.9708,-95.9496,-95.8781,-95.7986,-95.7308,-95.6804,-95.6472,-95.6292,-95.6239,-95.6292,-95.6431,-95.6641,-95.6908,-95.7219,-95.7566,-95.7939,-95.8331,-95.8738,-95.9152,-95.9570,-95.9989,-96.0404,-96.0814,-96.1217,-96.1610,-96.1992,-96.2363,-96.2722,-96.3067,-96.3399,-96.3717,-96.4022,-96.4313,-96.4527,-96.4153,-96.3383,-96.2504,-96.1667,-96.0938,-96.0343,-95.9885,-95.9557,-95.9347,-95.9240,-95.9222,-95.9280,-95.9401,-95.9575,-95.9791,-96.0041,-96.0318,-96.0615,-96.0927,-96.1249,-96.1576,-96.1906,-96.2236,-96.2562,-96.2884,-96.3199,-96.3507,-96.3806,-96.4095,-96.4374,-96.4643,-96.4901,-96.5148,-96.5384,-96.5610,-96.5825,-96.6029,-96.6223,-96.6408,-96.6582,-96.6748,-96.6905,-96.7053,-96.7193,-96.7325,-96.7451,-96.7569,-96.7680,-96.7760,-96.7164,-96.6081,-96.4929,-96.3873,-96.2970,-96.2235,-96.1660,-96.1231,-96.0709,-95.8991,-95.7088,-95.5476,-95.4249,-95.3381,-95.2821,-95.2515,-95.2415,-95.2439,-95.2321,-95.1999,-95.1592,-95.1212,-95.0924,-95.0756,-95.0713,-95.0789,-95.0972,-95.1249,-95.1605,-95.2027,-95.2500,-95.2796,-95.2698,-95.2362,-95.1965,-95.1615,-95.1370,-95.1249,-95.1256,-95.1381,-95.1611,-95.1931,-95.2327,-95.2784,-95.3289,-95.3832,-95.4292,-95.4314,-95.4024,-95.3404,-95.2317,-95.1115,-94.9996,-94.8850,-94.7621,-94.6435,-94.5386,-94.4522,-94.3865,-94.3416,-94.3169,-94.3107,-94.3212,-94.3424,-94.3493,-94.3362,-94.3152,-94.2976,-94.2898,-94.2940,-94.2675,-94.1882,-94.0993,-94.0281,-93.9833,-93.9651,-93.9706,-93.9963,-94.0387,-94.0948,-94.1620,-94.2340,-94.2670,-94.2695,-94.2634,-94.2429,-94.2071,-94.1660,-94.1282,-94.0991,-94.0811,-94.0090,-93.8943,-93.7874,-93.7054,-93.6521,-93.6263,-93.6252,-93.6443,-93.6709,-93.6954,-93.7169,-93.7386,-93.7641,-93.7960,-93.8359,-93.8844,-93.9413,-94.0060,-94.0777,-94.1554,-94.2381,-94.3247,-94.4143,-94.5061,-94.5991,-94.6928,-94.7864,-94.8794,-94.9714,-95.0618,-95.1504,-95.2368,-95.3208,-95.4022,-95.4809,-95.5568,-95.6296,-95.6995,-95.7664,-95.8303,-95.8911,-95.9491,-96.0041,-96.0563,-96.1057,-96.1525,-96.1967,-96.2385,-96.2778,-96.3022,-96.2863,-96.2104,-96.0162,-95.8052,-95.6149,-95.4557,-95.3289,-95.2324,-95.1630,-95.1172,-95.0917,-95.0834,-95.0896,-95.1079,-95.1361,-95.1725,-95.2154,-95.2635,-95.3156,-95.3707,-95.4278,-95.4863,-95.5338,-95.5410,-95.5195,-95.4866,-95.4534,-95.4263,-95.4080,-95.3996,-95.3997,-95.3928,-95.3673,-95.3298,-95.2124,-94.9902,-94.7824,-94.6149,-94.4904,-94.4050,-94.3532,-94.3294,-94.3256,-94.2941,-94.2397,-94.1828,-94.1187,-94.0506,-93.9878,-93.9369,-93.9016,-93.8833,-93.8819,-93.8518,-93.7171,-93.5785,-93.4571,-93.3561,-93.2779,-93.2237,-93.1931,-93.1851,-93.1979,-93.2295,-93.2778,-93.3404,-93.4153,-93.5005,-93.5942,-93.6931,-93.7650,-93.8047,-93.8313,-93.8564,-93.8861,-93.9234,-93.9694,-94.0242,-94.0871,-94.1574,-94.2339,-94.3156,-94.4014,-94.4902,-94.5811,-94.6733,-94.7659,-94.8584,-94.9501,-95.0405,-95.1292,-95.2159,-95.3003,-95.3821,-95.4612,-95.5374,-95.6107,-95.6809,-95.7481,-95.8122,-95.8733,-95.9315,-95.9867,-96.0390,-96.0886,-96.1355,-96.1798,-96.2216,-96.2610,-96.2981,-96.3331,-96.3660,-96.3969,-96.4259,-96.4532,-96.4788,-96.5028,-96.5254,-96.5465,-96.5663,-96.5849,-96.6024,-96.6187,-96.6340,-96.6484,-96.6619,-96.6746,-96.6865,-96.6467,-96.5431,-96.4249,-96.3120,-96.2068,-96.1015,-95.9959,-95.8941,-95.8005,-95.7182,-95.6490,-95.5935,-95.5514,-95.5220,-95.5043,-95.4972
4,-86.0000,-90.3782,-91.0029,-91.3382,-91.5513,-91.6979,-91.8081,-91.8987,-91.9786,-92.0521,-92.1217,-92.1883,-92.2504,-92.2692,-92.2512,-92.2236,-92.2000,-92.1856,-92.1815,-92.1870,-92.2008,-92.2216,-92.2479,-92.2787,-92.3129,-92.3496,-92.3880,-92.4277,-92.4679,-92.5084,-92.5487,-92.5885,-92.6276,-92.6658,-92.7029,-92.7389,-92.7735,-92.8069,-92.8388,-92.8694,-92.8970,-92.8938,-92.8655,-92.8291,-92.7922,-92.7588,-92.7307,-92.7089,-92.6933,-92.6838,-92.6798,-92.6808,-92.6860,-92.6949,-92.7026,-92.6686,-92.6045,-92.5353,-92.4742,-92.4264,-92.3930,-92.3730,-92.3646,-92.3658,-92.3748,-92.3902,-92.4104,-92.4344,-92.4598,-92.4192,-92.3356,-92.2552,-92.1922,-92.1489,-92.1237,-92.1138,-92.1163,-92.1286,-92.1488,-92.1749,-92.2056,-92.2397,-92.2756,-92.2977,-92.2958,-92.2818,-92.2660,-92.2537,-92.2467,-92.2456,-92.2502,-92.2600,-92.2744,-92.2927,-92.3143,-92.3386,-92.3652,-92.3934,-92.4229,-92.4533,-92.4842,-92.5154,-92.5466,-92.5775,-92.6081,-92.6381,-92.6674,-92.6959,-92.7236,-92.7504,-92.7673,-92.7589,-92.7356,-92.7067,-92.6777,-92.6516,-92.6296,-92.6124,-92.6002,-92.5928,-92.5899,-92.5911,-92.5960,-92.5915,-92.4251,-92.2738,-92.1641,-92.0906,-92.0457,-92.0228,-92.0167,-92.0234,-92.0399,-92.0356,-91.9867,-91.9314,-91.8850,-91.8521,-91.8329,-91.8263,-91.8307,-91.8443,-91.8656,-91.8926,-91.9050,-91.8941,-91.8735,-91.8535,-91.8394,-91.8334,-91.8359,-91.8465,-91.8644,-91.8885,-91.9178,-91.9513,-91.9881,-92.0274,-92.0686,-92.1109,-92.1538,-92.1971,-92.2402,-92.2828,-92.3227,-92.3366,-92.3256,-92.3028,-92.2775,-92.2045,-92.0533,-91.8593,-91.6808,-91.5320,-91.4151,-91.3281,-91.2680,-91.2312,-91.2142,-91.2140,-91.2278,-91.2530,-91.2848,-91.3019,-91.3063,-91.3077,-91.3116,-91.3207,-91.3360,-91.3577,-91.3855,-91.4190,-91.4573,-91.4999,-91.5459,-91.5947,-91.6457,-91.6981,-91.7516,-91.8055,-91.8594,-91.9131,-91.9661,-92.0182,-92.0692,-92.1189,-92.1671,-92.2137,-92.2587,-92.3020,-92.3435,-92.3832,-92.4199,-92.4283,-92.4058,-92.3702,-92.3335,-92.3015,-92.2739,-92.2060,-92.1095,-92.0170,-91.9413,-91.8286,-91.6699,-91.5310,-91.4232,-91.3468,-91.2983,-91.2735,-91.2683,-91.2791,-91.3027,-91.3364,-91.3773,-91.3605,-91.2998,-91.2421,-91.2022,-91.1826,-91.1816,-91.1964,-91.2240,-91.2616,-91.3069,-91.3582,-91.4137,-91.4723,-91.5327,-91.5943,-91.6562,-91.7179,-91.7789,-91.8389,-91.8976,-91.9547,-92.0046,-92.0002,-91.9734,-91.9462,-91.9251,-91.9122,-91.9076,-91.9106,-91.9204,-91.9361,-91.9568,-91.9814,-92.0093,-92.0397,-92.0720,-92.1057,-92.1403,-92.1754,-92.2108,-92.2460,-92.2808,-92.3152,-92.3488,-92.3816,-92.4135,-92.4443,-92.4741,-92.5028,-92.5303,-92.5567,-92.5820,-92.5448,-92.4458,-92.3561,-92.2682,-92.1681,-92.0721,-91.9889,-91.9210,-91.8682,-91.8296,-91.8039,-91.7897,-91.7854,-91.7899,-91.8017,-91.8197,-91.8429,-91.8702,-91.9009,-91.9343,-91.9696,-92.0063,-92.0439,-92.0821,-92.1204,-92.1585,-92.1963,-92.2334,-92.2697,-92.3052,-92.3396,-92.3729,-92.4051,-92.4360,-92.4657,-92.4790,-92.4566,-92.4169,-92.3725,-92.3306,-92.2949,-92.2671,-92.2474,-92.2355,-92.2305,-92.2318,-92.2383,-92.2491,-92.2636,-92.2811,-92.3008,-92.3223,-92.3437,-92.3456,-92.3237,-92.2912,-92.2580,-92.2291,-92.2064,-92.1906,-92.1813,-92.1781,-92.1803,-92.1873,-92.1984,-92.2130,-92.2304,-92.2502,-92.2719,-92.2950,-92.3193,-92.3443,-92.3697,-92.3954,-92.4212,-92.4206,-92.2640,-92.1278,-92.0306,-91.9666,-91.9287,-91.9106,-91.9075,-91.9157,-91.9326,-91.9559,-91.9839,-92.0155,-92.0496,-92.0853,-92.1221,-92.1594,-92.1969,-92.2341,-92.2709,-92.3069,-92.3421,-92.3763,-92.4094,-92.4413,-92.4720,-92.5015,-92.5297,-92.5567,-92.5824,-92.6069,-92.6302,-92.6523,-92.6733,-92.6931,-92.7119,-92.7297,-92.7466,-92.7625,-92.7775,-92.7916,-92.8050,-92.8176,-92.8295,-92.8408,-92.8514,-92.8614,-92.8708,-92.8797,-92.8881,-92.8961,-92.9036,-92.9107,-92.9174,-92.9211,-92.8926,-92.8348,-92.7673,-92.7021,-92.6447,-92.5972,-92.5598,-92.5319,-92.5123,-92.5001,-92.4941,-92.4933,-92.4969,-92.5040,-92.5127,-92.4696,-92.3924,-92.3151,-92.2494,-92.1983,-92.1618,-92.1384,-92.1263,-92.1238,-92.1291,-92.1409,-92.1579,-92.1791,-92.2035,-92.2303,-92.2590,-92.2890,-92.3198,-92.3510,-92.3824,-92.4136,-92.4444,-92.4747,-92.5043,-92.5331,-92.5610,-92.5879,-92.6139,-92.6388,-92.6627,-92.6855,-92.7073,-92.7281,-92.7479,-92.7667,-92.7845,-92.8014,-92.8174,-92.8325,-92.8468,-92.8604,-92.8731,-92.8793,-92.8700,-92.8483,-92.8193,-92.7866,-92.7193,-92.6117,-92.4955,-92.3887,-92.2981,-92.2251,-92.1690,-92.1280,-92.1002,-92.0710,-92.0197,-91.9583,-91.8991,-91.8253,-91.7315,-91.6374,-91.5554,-91.4906,-91.4442,-91.4102,-91.3707,-91.3252,-91.2819,-91.2461,-91.1844,-91.1136,-91.0526,-91.0061,-90.9749,-90.9587,-90.9562,-90.9663,-90.9872,-91.0177,-91.0562,-91.1015,-91.1522,-91.1501,-91.1070,-91.0656,-91.0386,-91.0288,-91.0352,-91.0556,-91.0876,-91.1289,-91.1774,-91.2315,-91.2897,-91.3508,-91.4139,-91.4779,-91.5424,-91.6067,-91.6703,-91.7328,-91.7816,-91.7988,-91.7971,-91.7899,-91.7840,-91.7824,-91.7861,-91.7953,-91.8095,-91.8283,-91.8511,-91.8771,-91.9059,-91.9369,-91.9695,-92.0033,-92.0380,-92.0732,-92.0927,-92.0515,-91.9760,-91.8917,-91.8117,-91.7421,-91.6852,-91.6417,-91.5972,-91.5274,-91.4530,-91.3861,-91.3308,-91.2753,-91.2171,-91.1627,-91.1165,-91.0808,-91.0567,-91.0441,-91.0427,-91.0514,-91.0693,-91.0932,-91.0923,-91.0735,-91.0528,-91.0374,-91.0305,-91.0330,-91.0419,-91.0387,-91.0225,-91.0026,-90.9864,-90.9778,-90.9785,-90.9690,-90.9188,-90.8635,-90.8168,-90.7837,-90.7653,-90.7614,-90.7707,-90.7917,-90.8228,-90.8623,-90.9088,-90.9608,-91.0172,-91.0768,-91.1388,-91.2023,-91.2667,-91.3314,-91.3958,-91.4595,-91.5223,-91.5838,-91.6437,-91.7020,-91.7584,-91.8129,-91.8654,-91.9158,-91.9641,-92.0104,-92.0545,-92.0967,-92.1368,-92.1749,-92.2112,-92.2455,-92.2781,-92.3090,-92.3383,-92.3659,-92.3921,-92.4168,-92.4401,-92.4621,-92.4830,-92.5026,-92.5212,-92.5387,-92.5552,-92.5708,-92.5856,-92.5995,-92.6127,-92.6251,-92.6369,-92.6480,-92.6586,-92.6681,-92.6460,-92.5890,-92.5205,-92.4533,-92.3939,-92.3447,-92.3061,-92.2775,-92.2580,-92.2463,-92.2380,-92.1989,-92.1393,-92.0769,-92.0199,-91.9718,-91.9340,-91.9064,-91.8885,-91.8794,-91.8781,-91.8836,-91.8949,-91.9108,-91.9246,-91.9293,-91.9262,-91.9188,-91.9104,-91.9034,-91.8809,-91.7869,-91.6839,-91.5967,-91.5303,-91.4839,-91.4552,-91.4418,-91.4411,-91.4512,-91.4700,-91.4960,-91.5279,-91.5643,-91.6042,-91.6469,-91.6915,-91.7374,-91.7841,-91.8310,-91.8779,-91.9243,-91.9701,-92.0150,-92.0587,-92.1013,-92.1425,-92.1824,-92.2207,-92.2576,-92.2929,-92.3268,-92.3591,-92.3899,-92.4193,-92.4472,-92.4737,-92.4989,-92.5228,-92.5454,-92.5669,-92.5871,-92.6063,-92.6245,-92.6416,-92.6578,-92.6731,-92.6876,-92.6955,-92.6741,-92.6305,-92.5790,-92.5283,-92.4829,-92.4446,-92.4140,-92.3909,-92.3746,-92.3514,-92.3108,-92.2618,-92.2100,-92.1399,-92.0532,-91.9456,-91.8251,-91.7052,-91.5956,-91.5019,-91.4260,-91.3681,-91.3272,-91.3020,-91.2906,-91.2914,-91.3027,-91.3229,-91.3505,-91.3576,-91.3102,-91.2594,-91.2199,-91.1952,-91.1853,-91.1886,-91.2036,-91.2283,-91.2570,-91.2395,-91.2038,-91.1722,-91.1512,-91.1420,-91.1443,-91.1570,-91.1789,-91.2085,-91.2445,-91.2858,-91.3312,-91.3799,-91.4310,-91.4838,-91.5376,-91.5920,-91.6464,-91.7004,-91.7538,-91.8063,-91.8576,-91.9076,-91.9561,-92.0030,-92.0483,-92.0919,-92.1337,-92.1738,-92.2121,-92.2486,-92.2835,-92.3167,-92.3482,-92.3782,-92.4066,-92.3300,-92.2142,-92.1180,-92.0458,-91.9955,-91.9638,-91.9473,-91.9418,-91.9364,-91.9237,-91.9051,-91.8842,-91.8643,-91.8477,-91.8359,-91.8293,-91.8282,-91.7729,-91.6572,-91.5582,-91.4836,-91.4318,-91.3734,-91.2762,-91.1815,-91.1046,-91.0496,-91.0157,-91.0007,-91.0019,-91.0167,-91.0426,-91.0777,-91.1201,-91.1682,-91.2207,-91.2765,-91.3347,-91.3943,-91.4548,-91.5155,-91.5760,-91.6358,-91.6947,-91.7523,-91.8084,-91.8628,-91.9155,-91.9663,-92.0152,-92.0621,-92.1070,-92.1500,-92.1909,-92.2299,-92.2670,-92.3022,-92.3356,-92.3673,-92.3973,-92.4256,-92.4525,-92.4778,-92.5017,-92.5243,-92.5456,-92.5657,-92.5847,-92.6026,-92.6194,-92.6353,-92.6503,-92.6644,-92.6778,-92.6903,-92.7022,-92.7134,-92.7240,-92.7341,-92.7435,-92.7525,-92.7610,-92.7691,-92.7767,-92.7840,-92.7909,-92.7975,-92.8037,-92.8071,-92.7939,-92.7630,-92.7220,-92.6648,-92.5855,-92.4939,-92.4012,-92.3148,-92.2386,-92.1743,-92.1221,-92.0815,-92.0517,-92.0314,-92.0196,-92.0153,-92.0175,-92.0251,-92.0373,-92.0534,-92.0727,-92.0946,-92.1185,-92.1440,-92.1707,-92.1982,-92.2263,-92.2545,-92.2828,-92.3060,-92.2964,-92.2635,-92.2223,-92.1823,-92.1483,-92.1224,-92.1051,-92.0960,-92.0943,-92.0989,-92.1090,-92.1235,-92.1416,-92.1627,-92.1859,-92.2108,-92.2370,-92.2639,-92.2913,-92.2664,-92.1843,-92.1055,-92.0239,-91.9191,-91.8024,-91.6199,-91.4430,-91.2953,-91.1795,-91.0938,-91.0350,-90.9994,-90.9837,-90.9848,-90.9997,-91.0262,-91.0620,-91.1048,-91.1159,-91.0485,-90.9492,-90.8510,-90.7687,-90.7078,-90.6689,-90.6506,-90.6505,-90.6660,-90.6946,-90.7339,-90.7819,-90.8369,-90.8973,-90.9618,-91.0292,-91.0985,-91.1690,-91.2399,-91.3106,-91.3807,-91.4498,-91.5175,-91.5836,-91.6479,-91.7101,-91.7701,-91.8280,-91.8835,-91.9368,-91.9877,-92.0363,-92.0827,-92.1268,-92.1687,-92.2084,-92.2461,-92.2818,-92.3156,-92.3476,-92.3778,-92.4063,-92.4151,-92.3857,-92.3412,-92.2943,-92.2512,-92.2148,-92.1859,-92.1646,-92.1507,-92.1433,-92.1418,-92.1453,-92.1533,-92.1649,-92.1795,-92.1967,-92.2158,-92.2364,-92.2582,-92.2795,-92.2198,-92.1319,-92.0529,-91.9899,-91.9436,-91.9125,-91.8947,-91.8879,-91.8902,-91.8999,-91.9156,-91.9361,-91.9602,-91.9872,-92.0164,-92.0471,-92.0789,-92.1112,-92.1439,-92.1765,-92.2088,-92.2407,-92.2720,-92.3025,-92.3322,-92.3609,-92.3887,-92.4155,-92.4413,-92.4660,-92.4897,-92.5123,-92.5181,-92.4770,-92.4123,-92.3452,-92.2863,-92.2395,-92.2053,-92.1826,-92.1698,-92.1653,-92.1676,-92.1755,-92.1877,-92.1990,-92.1702,-92.1094,-92.0435,-91.9856,-91.9402,-91.9080,-91.8879,-91.8785,-91.8781,-91.8850,-91.8881,-91.8764,-91.8557,-91.8335,-91.8144,-91.8008,-91.7937,-91.7930,-91.7983,-91.8092,-91.8249,-91.8447,-91.8652,-91.7990,-91.7138,-91.6430,-91.5905,-91.5556,-91.5361,-91.5297,-91.5341,-91.5147,-91.4709,-91.4271,-91.3912,-91.3661,-91.3524,-91.3496,-91.3546,-91.3290,-91.2822,-91.2357,-91.1985,-91.1738,-91.1625,-91.1637,-91.1763,-91.1987,-91.2295,-91.2670,-91.3101,-91.3574,-91.4080,-91.4609,-91.5153,-91.5706,-91.6262,-91.6817,-91.7366,-91.7907,-91.8436,-91.8952,-91.9453,-91.9937,-92.0405,-92.0855,-92.1260,-92.1533,-92.1669,-92.1706,-92.1686,-92.1641,-92.1595,-92.1564,-92.1556,-92.1577,-92.1627,-92.1707,-92.1813,-92.1943,-92.2095,-92.2265,-92.2378,-92.1786,-92.0955,-92.0184,-91.9565,-91.9113,-91.8816,-91.8654,-91.8604,-91.8646,-91.8763,-91.8936,-91.9030,-91.8967,-91.8810,-91.8623,-91.8447,-91.8305,-91.8210,-91.8167,-91.8177,-91.8237,-91.8344,-91.8493,-91.8678,-91.8895,-91.9139,-91.9405,-91.9689,-91.9985,-92.0113,-91.9745,-91.9140,-91.8526,-91.8006,-91.6879,-91.5396,-91.3822,-91.2190,-91.0721,-90.9512,-90.8591,-90.7950,-90.7458,-90.6190,-90.4922,-90.3982,-90.3394,-90.3116,-90.3095,-90.3280,-90.3632,-90.4116,-90.4702,-90.5368,-90.6094,-90.6864,-90.7664,-90.8483,-90.9312,-91.0142,-91.0968,-91.1783,-91.2584,-91.3366,-91.4127,-91.4865,-91.5577,-91.6264,-91.6906,-91.7291,-91.7380,-91.7331,-91.7252,-91.7196,-91.7183,-91.7221,-91.7309,-91.7444,-91.7620,-91.7833,-91.8075,-91.8342,-91.8630,-91.8932,-91.9246,-91.9568,-91.9895,-92.0223,-92.0551,-92.0877,-92.1199,-92.1515,-92.1824,-92.2126,-92.2420,-92.2704,-92.2977,-92.3183,-92.3271,-92.3258,-92.3178,-92.3061,-92.2932,-92.2808,-92.2596,-92.2131,-92.1521,-92.0888,-92.0299,-91.9789,-91.9368,-91.9040,-91.8802,-91.8647,-91.8567,-91.8554,-91.8600,-91.8696,-91.8837,-91.8381,-91.7600,-91.6909,-91.6372,-91.5991,-91.5753,-91.5548,-91.5204,-91.4824,-91.4475,-91.4191,-91.3988,-91.3874,-91.3846,-91.3899,-91.4027,-91.4221,-91.4387,-91.4339,-91.4157,-91.3722,-91.3041,-91.2341,-91.1722,-91.1231,-91.0881,-91.0673,-91.0598,-91.0644,-91.0796,-91.1040,-91.1361,-91.1747,-91.2168,-91.2469,-91.2621,-91.2690,-91.2731,-91.2780,-91.2705,-91.1481,-90.9498,-90.7414,-90.5509,-90.3894,-90.2600,-90.1624,-90.0943,-90.0513,-89.9523,-89.8451,-89.7630,-89.7104,-89.6860,-89.6863,-89.7077,-89.7468,-89.7904,-89.7896,-89.7759,-89.7704,-89.7798,-89.8048,-89.8420,-89.8680,-89.8799,-89.8898,-89.9055,-89.9303,-89.8977,-89.8367,-89.7879,-89.7603,-89.7543,-89.7679,-89.7985,-89.8432,-89.8996,-89.9654,-90.0386,-90.1176,-90.2010,-90.2873,-90.3757,-90.4651,-90.5548,-90.6441,-90.7324,-90.8194,-90.9046,-90.9878,-91.0684,-91.1373,-91.1850,-91.2166,-91.2390,-91.2568,-91.2733,-91.2903,-91.3089,-91.3228,-91.2861,-91.2328,-91.1838,-91.1450,-91.1181,-91.1029,-91.0985,-91.1039,-91.1177,-91.1387,-91.1644,-91.1415,-91.0865,-91.0325,-90.9910,-90.9647,-90.9533,-90.9553,-90.9688,-90.9918,-91.0226,-91.0597,-91.1018,-91.1477,-91.1965,-91.2473,-91.2995,-91.3512,-91.3384,-91.2880,-91.2383,-91.2013,-91.1795,-91.1724,-91.1778,-91.1939,-91.2178,-91.2264,-91.2077,-91.1795,-91.1539,-91.1366,-91.1296,-91.1328,-91.1454,-91.1663,-91.1941,-91.2277,-91.2658,-91.3075,-91.3520,-91.3986,-91.4464,-91.4952,-91.5443,-91.5934,-91.6422,-91.6904,-91.7378,-91.7842,-91.8295,-91.8735,-91.9116,-91.9034,-91.8576,-91.8022,-91.7520,-91.7124,-91.6847,-91.6685,-91.6624,-91.6635,-91.6449,-91.6019,-91.5523,-91.5073,-91.4720,-91.4482,-91.4356,-91.4334,-91.4402,-91.4549,-91.4760,-91.5024,-91.5331,-91.5673,-91.6041,-91.6428,-91.6754,-91.6884,-91.6869,-91.6789,-91.6701,-91.6637,-91.6616,-91.6645,-91.6726,-91.6856,-91.7031,-91.7245,-91.7494,-91.7770,-91.8070,-91.8387,-91.8718,-91.9059,-91.9405,-91.9755,-92.0105,-92.0453,-92.0798,-92.1137,-92.1470,-92.1795,-92.2112,-92.2419,-92.2717,-92.3006,-92.3283,-92.3551,-92.3809,-92.4056,-92.4293,-92.4520,-92.4737,-92.4946,-92.5144,-92.5335,-92.5516,-92.5690,-92.5855,-92.6013,-92.6164,-92.6308,-92.6446,-92.6577,-92.6702,-92.6822,-92.6937,-92.7047,-92.7152,-92.7253,-92.7349,-92.7442,-92.7531,-92.7559,-92.7355,-92.6961,-92.6485,-92.6001,-92.5554,-92.5166,-92.4845,-92.4593,-92.4406,-92.4278,-92.4204,-92.4176,-92.4189,-92.4236,-92.4312,-92.4413,-92.4533,-92.4670,-92.4820,-92.4979,-92.4675,-92.3700,-92.2715,-92.1938,-92.1382,-92.1012,-92.0793,-92.0692,-92.0687,-92.0758,-92.0889,-92.1068,-92.1285,-92.1531,-92.1798,-92.2082,-92.2378,-92.2680,-92.2986,-92.3294,-92.3599,-92.3494,-92.2616,-92.1728,-92.1005,-92.0477,-92.0132,-91.9946,-91.9891,-91.9942,-92.0077,-92.0277,-92.0487,-92.0552,-92.0479,-92.0348,-92.0219,-92.0124,-92.0079,-92.0087,-92.0148,-92.0259,-92.0413,-92.0606,-92.0831,-92.1083,-92.1358,-92.1649,-92.1954,-92.2268,-92.2588,-92.2912,-92.3236,-92.3559,-92.3879,-92.4194,-92.4503,-92.4805,-92.5100,-92.5386,-92.5663,-92.5930,-92.6188,-92.6436,-92.6675,-92.6903,-92.7106,-92.7178,-92.7079,-92.6591,-92.5782,-92.4860,-92.3960,-92.3152,-92.2464,-92.1907,-92.1476,-92.1164,-92.0959,-92.0849,-92.0822,-92.0867,-92.0972,-92.1129,-92.1328,-92.1562,-92.1824,-92.2108,-92.2409,-92.2722,-92.3043,-92.3369,-92.3697,-92.4024,-92.4348,-92.4668,-92.4868,-92.4658,-92.4334,-92.4008,-92.3718,-92.3478,-92.3296,-92.3173,-92.3107,-92.3094,-92.3129,-92.3207,-92.3322,-92.3470,-92.3644,-92.3740,-92.3665,-92.3477,-92.3239,-92.2994,-92.2768,-92.2578,-92.2432,-92.2333,-92.2282,-92.2276,-92.2314,-92.2392,-92.2504,-92.2648,-92.2819,-92.3012,-92.3224,-92.3452,-92.3691,-92.3940,-92.4195,-92.4454,-92.4716,-92.4977,-92.3716,-92.2265,-92.1201,-92.0490,-92.0059,-91.9842,-91.9787,-91.9854,-92.0014,-92.0243,-92.0523,-92.0842,-92.1188,-92.1553,-92.1929,-92.2313,-92.2698,-92.3082,-92.3462,-92.3836,-92.4201,-92.4557,-92.4902,-92.5236,-92.5558,-92.5867,-92.6164,-92.6432,-92.6542,-92.6362,-92.5797,-92.5019,-92.4169,-92.3339,-92.2582,-92.1927,-92.1387,-92.0963,-92.0652,-92.0345,-91.9836,-91.9227,-91.8633,-91.7976,-91.7174,-91.6338,-91.5572,-91.4937,-91.4458,-91.4139,-91.3969,-91.3934,-91.4016,-91.4148,-91.4155,-91.4037,-91.3882,-91.3761,-91.3712,-91.3752,-91.3880,-91.4092,-91.4376,-91.4722,-91.5120,-91.5531,-91.5741,-91.5807,-91.5817,-91.5824,-91.5856,-91.5929,-91.6050,-91.6222,-91.6442,-91.6708,-91.7015,-91.7357,-91.7728,-91.8125,-91.8540,-91.8971,-91.9411,-91.9853,-92.0088,-91.9941,-91.9618,-91.9291,-91.9046,-91.8907,-91.8873,-91.8934,-91.9073,-91.9277,-91.9531,-91.9826,-92.0151,-92.0499,-92.0863,-92.1238,-92.1619,-92.2003,-92.2366,-92.2620,-92.2748,-92.2786,-92.2773,-92.2741,-92.2690,-92.2367,-92.1751,-92.1047,-92.0394,-91.9855,-91.9448,-91.9173,-91.9017,-91.8965,-91.9004,-91.9118,-91.9295,-91.9524,-91.9795,-92.0100,-92.0430,-92.0771,-92.0979,-92.0967,-92.0812,-92.0610,-92.0420,-92.0277,-92.0195,-92.0178,-92.0224,-92.0326,-92.0479,-92.0675,-92.0906,-92.1168,-92.1453,-92.1756,-92.2074,-92.2401,-92.2621,-92.1763,-92.0696,-91.9645,-91.8616,-91.7292,-91.5685,-91.4255,-91.3101,-91.2231,-91.1623,-91.1248,-91.1073,-91.0796,-91.0346,-90.9960,-90.9692,-90.9551,-90.9534,-90.9633,-90.9836,-91.0133,-91.0510,-91.0954,-91.0803,-91.0286,-90.9850,-90.9598,-90.9534,-90.9637,-90.9880,-91.0098,-90.9751,-90.9339,-90.9047,-90.8917,-90.8946,-90.9118,-90.9414,-90.9813,-91.0295,-91.0843,-91.1444,-91.2083,-91.2751,-91.3437,-91.4133,-91.4833,-91.5531,-91.6221,-91.6901,-91.7567,-91.8217,-91.8847,-91.9458,-92.0047,-92.0614,-92.1158,-92.1680,-92.2179,-92.2654,-92.3108,-92.3539,-92.3924,-92.3780,-92.3180,-92.2544,-92.2034,-92.1676,-92.1459,-92.1293,-92.0969,-92.0559,-92.0146,-91.9779,-91.9482,-91.9265,-91.9132,-91.9080,-91.9102,-91.9192,-91.9342,-91.9542,-91.9786,-92.0064,-92.0113,-91.9871,-91.9542,-91.9229,-91.8977,-91.8805,-91.8712,-91.8539,-91.8229,-91.7872,-91.7536,-91.7263,-91.7072,-91.6970,-91.6957,-91.7026,-91.7001,-91.6698,-91.6298,-91.5916,-91.5613,-91.5363,-91.4893,-91.3930,-91.2881,-91.1919,-91.1114,-91.0492,-91.0058,-90.9802,-90.9708,-90.9760,-90.9845,-90.9761,-90.9586,-90.9426,-90.9338,-90.9344,-90.9452,-90.9656,-90.9950,-91.0322,-91.0761,-91.1258,-91.1801,-91.2382,-91.2991,-91.3620,-91.4072,-91.4173,-91.4175,-91.4176,-91.4218,-91.4315,-91.4473,-91.4690,-91.4961,-91.5282,-91.5644,-91.6041,-91.6466,-91.6914,-91.7378,-91.7854,-91.8336,-91.8821,-91.9305,-91.9785,-92.0259,-92.0724,-92.1179,-92.1622,-92.2052,-92.2468,-92.2870,-92.3257,-92.3628,-92.3985,-92.4326,-92.4653,-92.4964,-92.5261,-92.5544,-92.5813,-92.6068,-92.6311,-92.6542,-92.6760,-92.6968,-92.7164,-92.7350,-92.7527,-92.7694,-92.7852,-92.8002,-92.8145,-92.8279,-92.8407,-92.8528,-92.8643,-92.8752,-92.8856,-92.8954,-92.9048,-92.9137,-92.9222,-92.9303,-92.9371,-92.9185,-92.8296,-92.6711,-92.5075,-92.3615,-92.2401,-92.1259,-92.0026,-91.8882,-91.7903,-91.6977,-91.5599,-91.3719,-91.1928,-91.0225,-90.8545,-90.7026,-90.5497,-90.3797,-90.2015,-90.0314,-89.8803,-89.7513,-89.6260,-89.5032,-89.3947,-89.3080,-89.2458,-89.1659,-89.0566,-88.9643,-88.9021,-88.8719,-88.8711,-88.8614,-88.8385,-88.8261,-88.8322,-88.8586,-88.9043,-88.9674,-89.0455,-89.1365,-89.2379,-89.3477,-89.4640,-89.5851,-89.7050,-89.8120,-89.9081,-89.9977,-90.0810,-90.1000,-90.0446,-89.9641,-89.8878,-89.8293,-89.7939,-89.7786,-89.6989,-89.5583,-89.4307,-89.3382,-89.2819,-89.2576,-89.2606,-89.2865,-89.3316,-89.3925,-89.4665,-89.5511,-89.6441,-89.7436,-89.8481,-89.9484,-90.0315,-90.1018,-90.1600,-90.1890,-90.1965,-90.1977,-90.1920,-90.1560,-90.1129,-90.0773,-90.0551,-90.0480,-90.0560,-90.0781,-90.1128,-90.1584,-90.2134,-90.2763,-90.3455,-90.4198,-90.4980,-90.5791,-90.6408,-90.6591,-90.6422,-90.6081,-90.5714,-90.5355,-90.4337,-90.3094,-90.1896,-90.0864,-90.0042,-89.9434,-89.8937,-89.8457,-89.8028,-89.7691,-89.7475,-89.7394,-89.7453,-89.7566,-89.7181,-89.6557,-89.6046,-89.5768,-89.5732,-89.5842,-89.5477,-89.5070,-89.4832,-89.4802,-89.4964,-89.4912,-89.4475,-89.3932,-89.3450,-89.3113,-89.2741,-89.2100,-89.1443,-89.0938,-89.0657,-89.0617,-89.0800,-89.0628,-89.0287,-88.9978,-88.9744,-88.9636,-88.9552,-88.8891,-88.7696,-88.6494,-88.4982,-88.3428,-88.1950,-88.0069,-87.8024,-87.6186,-87.4699,-87.3518,-87.2632,-87.2047,-87.1754,-87.1735,-87.1847,-87.1972,-87.2159,-87.2462,-87.2910,-87.3516,-87.4276,-87.5183,-87.6222,-87.7376,-87.8630,-87.9967,-88.1370,-88.2825,-88.4318,-88.5837,-88.7371,-88.8909,-89.0443,-89.1965,-89.3467,-89.4944,-89.6391,-89.7803,-89.9117,-90.0244,-90.0892,-90.0641,-89.9977,-89.9247,-89.8609,-89.8125,-89.7725,-89.7299,-89.6887,-89.6548,-89.6321,-89.6225,-89.6265,-89.6438,-89.6733,-89.7139,-89.7643,-89.8231,-89.8891,-89.9610,-90.0376,-90.1177,-90.1900,-90.2457,-90.2902,-90.3292,-90.3666,-90.4049,-90.4454,-90.4717,-90.4492,-90.4088,-90.3083,-90.1832,-90.0840,-90.0068,-89.9359,-89.8740,-89.8249,-89.7377,-89.6196,-89.5246,-89.4581,-89.4188,-89.4038,-89.4098,-89.4074,-89.3784,-89.3460,-89.3251,-89.2641,-89.1628,-89.0824,-89.0391,-89.0306,-89.0414,-89.0276,-89.0038,-88.9883,-88.9898,-89.0109,-89.0510,-89.1080,-89.1793,-89.2624,-89.3547,-89.4542,-89.5590,-89.6674,-89.7744,-89.8433,-89.8812,-89.9086,-89.9374,-89.9731,-89.9757,-89.9173,-89.8395,-89.7591,-89.6910,-89.6422,-89.6147,-89.6078,-89.6195,-89.6463,-89.6650,-89.6700,-89.6653,-89.6323,-89.5910,-89.5437,-89.4914,-89.3919,-89.2489,-89.0946,-88.8867,-88.7105,-88.5705,-88.4419,-88.3272,-88.2198,-88.1212,-88.0401,-87.9810,-87.9459,-87.9349,-87.9467,-87.9797,-88.0083,-87.9895,-87.9515,-87.9078,-87.8578,-87.8087,-87.7701,-87.7482,-87.7419,-87.7296,-87.7143,-87.7074,-87.7156,-87.7412,-87.7844,-87.8442,-87.9190,-88.0071,-88.1065,-88.2156,-88.3326,-88.4364,-88.4790,-88.4989,-88.5146,-88.5206,-88.5280,-88.5429,-88.5530,-88.5598,-88.5702,-88.5886,-88.6175,-88.6579,-88.7098,-88.7726,-88.8419,-88.8956,-88.9006,-88.8645,-88.8046,-88.7163,-88.6220,-88.5376,-88.4539,-88.3449,-88.2439,-88.1647,-88.1115,-88.0848,-88.0829,-88.1037,-88.1444,-88.1578,-88.1147,-88.0792,-88.0734,-88.0935,-88.0933,-88.0899,-88.0989,-88.1245,-88.1675,-88.1541,-88.1200,-88.1090,-88.1237,-88.1618,-88.2198,-88.2911,-88.3473,-88.3896,-88.4308,-88.4786,-88.5363,-88.6048,-88.6836,-88.7637,-88.8318,-88.8910,-88.9469,-88.9919,-89.0132,-89.0104,-88.9926,-88.9714,-88.9545,-88.9268,-88.8429,-88.7425,-88.6202,-88.4622,-88.2940,-88.1293,-87.9846,-87.8686,-87.7835,-87.7288,-87.7024,-87.7016,-87.7237,-87.7661,-87.8260,-87.8877,-87.9316,-87.9672,-88.0048,-88.0503,-88.1061,-88.1731,-88.2507,-88.3382,-88.4343,-88.5377,-88.6472,-88.7501,-88.7977,-88.8088,-88.8045,-88.7979,-88.7967,-88.8038,-88.8084,-88.8068,-88.8001,-88.7792,-88.7075,-88.5939,-88.4681,-88.3474,-88.2413,-88.1549,-88.0900,-88.0472,-88.0257,-88.0243,-88.0416,-88.0740,-88.0662,-87.9590,-87.8220,-87.6919,-87.5851,-87.5077,-87.4607,-87.4426,-87.4508,-87.4823,-87.5344,-87.6040,-87.6887,-87.7860,-87.8939,-87.9971,-88.0779,-88.1468,-88.2139,-88.2735,-88.2730,-88.2294,-88.1589,-88.0856,-88.0240,-87.9724,-87.9065,-87.8164,-87.6678,-87.5035,-87.2991,-87.0920,-86.8397,-86.5531,-86.2980,-86.0953,-85.9321,-85.7998,-85.7007,-85.6358,-85.6043,-85.6037,-85.6093,-85.6100,-85.6208,-85.6514,-85.7051,-85.7817,-85.8657,-85.9419,-85.9998,-86.0150,-86.0079,-86.0010,-86.0090,-86.0353,-86.0696,-86.1117,-86.1653,-86.2279,-86.2173,-86.1396,-86.0409,-85.9488,-85.8785,-85.8361,-85.8233,-85.8388,-85.8644,-85.8813,-85.8833,-85.8802,-85.8787,-85.8624,-85.8429,-85.8353,-85.8455,-85.8754,-85.9241,-85.9747,-86.0222,-86.0751,-86.1386,-86.2150,-86.3047,-86.4074,-86.5217,-86.6293,-86.7184,-86.7987,-86.8725,-86.9287,-86.9748,-87.0199,-86.9904,-86.9390,-86.8318,-86.7382,-86.6790,-86.6525,-86.6060,-86.4741,-86.3223,-86.1879,-86.0831,-86.0092,-85.9466,-85.8903,-85.8492,-85.8291,-85.8321,-85.8581,-85.9058,-85.9735,-86.0593,-86.1612,-86.2771,-86.4052,-86.5436,-86.6738,-86.7754,-86.8300,-86.8323,-86.8107,-86.7890,-86.7795,-86.7875,-86.8141,-86.8589,-86.9206,-86.9975,-87.0876,-87.1885,-87.2823,-87.3564,-87.4209,-87.4765,-87.4818,-87.4546,-87.4249,-87.4050,-87.4002,-87.4124,-87.4416,-87.4869,-87.5469,-87.6201,-87.7048,-87.7993,-87.9017,-87.9760,-88.0193,-88.0528,-88.0837,-88.1160,-88.1524,-88.1944,-88.2414,-88.2750,-88.2907,-88.2704,-88.2264,-88.1639,-88.0950,-88.0307,-87.9778,-87.9400,-87.9190,-87.9073,-87.8827,-87.8535,-87.8314,-87.8232,-87.8313,-87.8561,-87.8967,-87.9517,-88.0192,-88.0975,-88.1850,-88.2801,-88.3811,-88.4812,-88.5784,-88.6754,-88.7733,-88.8715,-88.8888,-88.8632,-88.8184,-88.7139,-88.5169,-88.2800,-88.0173,-87.7301,-87.4363,-87.1599,-86.9150,-86.7079,-86.5404,-86.4028,-86.2807,-86.1775,-86.0977,-86.0434,-86.0148,-86.0007,-85.9880,-85.9722,-85.9557,-85.9449,-85.9455,-85.9372,-85.8550,-85.7340,-85.6219,-85.5380,-85.4880,-85.4719,-85.4873,-85.5309,-85.5570,-85.5517,-85.5606,-85.5962,-85.6583,-85.7441,-85.8498,-85.9723,-86.1085,-86.2560,-86.4125,-86.5760,-86.7448,-86.9173,-87.0923,-87.2685,-87.4450,-87.6208,-87.7947,-87.9493,-88.0730,-88.1751,-88.2564,-88.2678,-88.2205,-88.1117,-87.9723,-87.7567,-87.5284,-87.3368,-87.1923,-87.0924,-87.0319,-87.0053,-87.0078,-87.0266,-87.0340,-87.0374,-87.0479,-87.0714,-87.1101,-87.1641,-87.2326,-87.3141,-87.4069,-87.5095,-87.6203,-87.7377,-87.8604,-87.9872,-88.1168,-88.2483,-88.3808,-88.5134,-88.6261,-88.6642,-88.5868,-88.4592,-88.3403,-88.2479,-88.1650,-88.0660,-87.9774,-87.8997,-87.8338,-87.7742,-87.6842,-87.5485,-87.3675,-87.1879,-86.9949,-86.7879,-86.5391,-86.2548,-85.9587,-85.6880,-85.4437,-85.2319,-85.0588,-84.9262,-84.8183,-84.7251,-84.6549,-84.6137,-84.6031,-84.6224,-84.6695,-84.7419,-84.8368,-84.9517,-85.0839,-85.2310,-85.3876,-85.5390,-85.6834,-85.8244,-85.9537,-86.0696,-86.1787,-86.2865,-86.3736,-86.4116,-86.4368,-86.4502,-86.4451,-86.4448,-86.4589,-86.4908,-86.5379,-86.5882,-86.6394,-86.6907,-86.7049,-86.6917,-86.6722,-86.5860,-86.5086,-86.4618,-86.4460,-86.4581,-86.4947,-86.5522,-86.6278,-86.7188,-86.8228,-86.9378,-87.0620,-87.1887,-87.2923,-87.3038,-87.3007,-87.3069,-87.3273,-87.3530,-87.3724,-87.3902,-87.4084,-87.3609,-87.2604,-87.1443,-87.0435,-86.9712,-86.9303,-86.9194,-86.9357,-86.9759,-87.0367,-87.1148,-87.2076,-87.3125,-87.4273,-87.5491,-87.6420,-87.6943,-87.7260,-87.7512,-87.7785,-87.8130,-87.8570,-87.9116,-87.9766,-88.0514,-88.1349,-88.2261,-88.3238,-88.4268,-88.5341,-88.6091,-88.6091,-88.5995,-88.6083,-88.6389,-88.6883,-88.7524,-88.8278,-88.9118,-88.9845,-89.0050,-89.0075,-88.9618,-88.8091,-88.6141,-88.4374,-88.2459,-88.0586,-87.8444,-87.6286,-87.4443,-87.3006,-87.1978,-87.1333,-87.1031,-87.1031,-87.1294,-87.1784,-87.2465,-87.3308,-87.4043,-87.4248,-87.4297,-87.4446,-87.4778,-87.5305,-87.6010,-87.6867,-87.7781,-87.8235,-87.8136,-87.7892,-87.7710,-87.7596,-87.7365,-87.6992,-87.6357,-87.5706,-87.5097,-87.4251,-87.2794,-87.1321,-86.9853,-86.8251,-86.6769,-86.4887,-86.2792,-86.0883,-85.9327,-85.8171,-85.7382,-85.6778,-85.6244,-85.5294,-85.4128,-85.2290,-84.9605,-84.7078,-84.5105,-84.3757,-84.2989,-84.2587,-84.2338,-84.2283,-84.2437,-84.2566,-84.2499,-84.2383,-84.2336,-84.2464,-84.2810,-84.3384,-84.4176,-84.5170,-84.6344,-84.7674,-84.9142,-85.0725,-85.2404,-85.4052,-85.5579,-85.7028,-85.8447,-85.9871,-86.1320,-86.2805,-86.4327,-86.5885,-86.7475,-86.9091,-87.0725,-87.2371,-87.4020,-87.5585,-87.6945,-87.8133,-87.9202,-88.0074,-88.0426,-88.0089,-87.9508,-87.8938,-87.8498,-87.8238,-87.8172,-87.8297,-87.8597,-87.9056,-87.9653,-88.0370,-88.1187,-88.2088,-88.3058,-88.4081,-88.5146,-88.6241,-88.7348,-88.8000,-88.7935,-88.7363,-88.6689,-88.5986,-88.5274,-88.4637,-88.4136,-88.3799,-88.3634,-88.3638,-88.3800,-88.4105,-88.4537,-88.5071,-88.4892,-88.4407,-88.3914,-88.3472,-88.2703,-88.1151,-87.8997,-87.6491,-87.4130,-87.2123,-87.0537,-86.9376,-86.8026,-86.6602,-86.5565,-86.4510,-86.3436,-86.2286,-86.1276,-86.0529,-86.0082,-85.9898,-85.9638,-85.9399,-85.9319,-85.9451,-85.9808,-86.0382,-86.1154,-86.2105,-86.3210,-86.4448,-86.5797,-86.7148,-86.8367,-86.9497,-87.0602,-87.1724,-87.2884,-87.4091,-87.5345,-87.6642,-87.7975,-87.9334,-88.0714,-88.2104,-88.3497,-88.4277,-88.4563,-88.4870,-88.5293,-88.5848,-88.6523,-88.7300,-88.8159,-88.9081,-89.0051,-89.1053,-89.2076,-89.3111,-89.4147,-89.5180,-89.6202,-89.7210,-89.8200,-89.9167,-90.0110,-90.1027,-90.1917,-90.2777,-90.3608,-90.4409,-90.5179,-90.5919,-90.6533,-90.6859,-90.6992,-90.7048,-90.7096,-90.7143,-90.7094,-90.6946,-90.6747,-90.6540,-90.6356,-90.6206,-90.5602,-90.4668,-90.3758,-90.2995,-90.2413,-90.2011,-90.1775,-90.1685,-90.1721,-90.1865,-90.2101,-90.2413,-90.2788,-90.3215,-90.3684,-90.4185,-90.4712,-90.5257,-90.5815,-90.6381,-90.6950,-90.7519,-90.8084,-90.8643,-90.9193,-90.9733,-91.0261,-91.0775,-91.1276,-91.1762,-91.2232,-91.2687,-91.3126,-91.3549,-91.3956,-91.4347,-91.4723,-91.5083,-91.5429,-91.5760,-91.6077,-91.6381,-91.6672,-91.6950,-91.7216,-91.7470,-91.7714,-91.7947,-91.8170,-91.8383,-91.8588,-91.8733,-91.8499,-91.7707,-91.6608,-91.5446,-91.4193,-91.2780,-91.1284,-90.9584,-90.7680,-90.5790,-90.4054,-90.2548,-90.1300,-90.0315,-89.9581,-89.9078,-89.8781,-89.8664,-89.8542,-89.8290,-89.8009,-89.7785,-89.7661,-89.7650,-89.7755,-89.7968,-89.8281,-89.8681,-89.9158,-89.9700,-90.0295,-90.0935,-90.1610,-90.2311,-90.2856,-90.3004,-90.2983,-90.2943,-90.2960,-90.3064,-90.3263,-90.3552,-90.3920,-90.4347,-90.4707,-90.4915,-90.5030,-90.5047,-90.4887,-90.4609,-90.4294,-90.4001,-90.3763,-90.3600,-90.3518,-90.3519,-90.3602,-90.3760,-90.3885,-90.3079,-90.2140,-90.1418,-90.0959,-90.0739,-90.0721,-90.0868,-90.1149,-90.1536,-90.2009,-90.2549,-90.3140,-90.3771,-90.4430,-90.5109,-90.5799,-90.6495,-90.7191,-90.7882,-90.8566,-90.9238,-90.9896,-91.0538,-91.1163,-91.1768,-91.2298,-91.2611,-91.2737,-91.2749,-91.2708,-91.2654,-91.2614,-91.2603,-91.2630,-91.2697,-91.2806,-91.2954,-91.3138,-91.3355,-91.3599,-91.3869,-91.4158,-91.4463,-91.4781,-91.5108,-91.5441,-91.5777,-91.6115,-91.6452,-91.6787,-91.7117,-91.7420,-91.7577,-91.7588,-91.7508,-91.7379,-91.7231,-91.7085,-91.6955,-91.6851,-91.6778,-91.6699,-91.6453,-91.6070,-91.5630,-91.5189,-91.4784,-91.4439,-91.4165,-91.3966,-91.3841,-91.3788,-91.3801,-91.3873,-91.3998,-91.4167,-91.4376,-91.4617,-91.4884,-91.5173,-91.5479,-91.5797,-91.6054,-91.5789,-91.5341,-91.4912,-91.4563,-91.4311,-91.4155,-91.4088,-91.4101,-91.4183,-91.4323,-91.4514,-91.4745,-91.5007,-91.4819,-91.4238,-91.3633,-91.3132,-91.2770,-91.2549,-91.2454,-91.2470,-91.2578,-91.2762,-91.3008,-91.3067,-91.2816,-91.2480,-91.2163,-91.1911,-91.1739,-91.1654,-91.1651,-91.1725,-91.1869,-91.2073,-91.2329,-91.2628,-91.2964,-91.3329,-91.3716,-91.4121,-91.4537,-91.4961,-91.5388,-91.5808,-91.5700,-91.5145,-91.4593,-91.4170,-91.3888,-91.3734,-91.3691,-91.3739,-91.3865,-91.4053,-91.4292,-91.4572,-91.4884,-91.5221,-91.5577,-91.5945,-91.6323,-91.6705,-91.7088,-91.7422,-91.7220,-91.6399,-91.5323,-91.4169,-91.2981,-91.1882,-91.0935,-91.0154,-90.9275,-90.8318,-90.7438,-90.6695,-90.6112,-90.5656,-90.5022,-90.4303,-90.3642,-90.3115,-90.2753,-90.2564,-90.2538,-90.2661,-90.2915,-90.3282,-90.3742,-90.4280,-90.4881,-90.5501,-90.6044,-90.6497,-90.6886,-90.7099,-90.7033,-90.6815,-90.6571,-90.6381,-90.6163,-90.5706,-90.5167,-90.4693,-90.4357,-90.4179,-90.4159,-90.4284,-90.4533,-90.4890,-90.5335,-90.5852,-90.6427,-90.7046,-90.7698,-90.8374,-90.9066,-90.9767,-91.0470,-91.1135,-91.1549,-91.1634,-91.1146,-91.0232,-90.9190,-90.8179,-90.7283,-90.6545,-90.5982,-90.5594,-90.5372,-90.5278,-90.5077,-90.4756,-90.4453,-90.4249,-90.4173,-90.4228,-90.4406,-90.4692,-90.5072,-90.5530,-90.6053,-90.6629,-90.7241,-90.7550,-90.6902,-90.5934,-90.5018,-90.4272,-90.3731,-90.3395,-90.3249,-90.3273,-90.3444,-90.3740,-90.4141,-90.4630,-90.5188,-90.5803,-90.6461,-90.7151,-90.7863,-90.8589,-90.9322,-91.0056,-91.0736,-91.1070,-91.0918,-91.0488,-90.9972,-90.9483,-90.9076,-90.8756,-90.8411,-90.8042,-90.7695,-90.7402,-90.7183,-90.7046,-90.6995,-90.7028,-90.7143,-90.7332,-90.7589,-90.7907,-90.8278,-90.8694,-90.9148,-90.9632,-91.0141,-91.0669,-91.1210,-91.1759,-91.2312,-91.2865,-91.3415,-91.3960,-91.4497,-91.5023,-91.5537,-91.6038,-91.6525,-91.6997,-91.7453,-91.7893,-91.8316,-91.8723,-91.9113,-91.9430,-91.9385,-91.9133,-91.8820,-91.8515,-91.8252,-91.8050,-91.7913,-91.7842,-91.7831,-91.7876,-91.7969,-91.8104,-91.8274,-91.8472,-91.8694,-91.8933,-91.9187,-91.9159,-91.8699,-91.8070,-91.7247,-91.6375,-91.5216,-91.3848,-91.2234,-90.9912,-90.7659,-90.5819,-90.4435,-90.3409,-90.1970,-90.0548,-89.9441,-89.8689,-89.8259,-89.8108,-89.8188,-89.8462,-89.8893,-89.9451,-90.0106,-90.0787,-90.1441,-90.2054,-90.2637,-90.3203,-90.3764,-90.4328,-90.4901,-90.5486,-90.5979,-90.6093,-90.6054,-90.5998,-90.5985,-90.5894,-90.4696,-90.3520,-90.2645,-90.2078,-90.1787,-90.1730,-90.1865,-90.2158,-90.2576,-90.3095,-90.3691,-90.4348,-90.5050,-90.5783,-90.6539,-90.7307,-90.8080,-90.8853,-90.9619,-91.0376,-91.1118,-91.1792,-91.2070,-91.2102,-91.2058,-91.2019,-91.2024,-91.2089,-91.2217,-91.2384,-91.2357,-91.2145,-91.1867,-91.1602,-91.1394,-91.1262,-91.1212,-91.1243,-91.1349,-91.1522,-91.1754,-91.2037,-91.2363,-91.2723,-91.2998,-91.2980,-91.2788,-91.2563,-91.2380,-91.2273,-91.2252,-91.2314,-91.2448,-91.2325,-91.1942,-91.1544,-91.1211,-91.0974,-91.0842,-91.0811,-91.0877,-91.1027,-91.1252,-91.1540,-91.1880,-91.2264,-91.2681,-91.3124,-91.3587,-91.4062,-91.4545,-91.5025,-91.5318,-91.5341,-91.5213,-91.5043,-91.4897,-91.4811,-91.4798,-91.4859,-91.4987,-91.5174,-91.5410,-91.5688,-91.5998,-91.6333,-91.6686,-91.7053,-91.7427,-91.7806,-91.8186,-91.8565,-91.8939,-91.9308,-91.9669,-92.0021,-92.0357,-92.0602,-92.0710,-92.0709,-92.0641,-92.0543,-92.0441,-92.0352,-92.0289,-92.0256,-92.0256,-92.0290,-92.0328,-92.0094,-91.9600,-91.9030,-91.8496,-91.8050,-91.7710,-91.7476,-91.7341,-91.7293,-91.7321,-91.7414,-91.7537,-91.7590,-91.7534,-91.7403,-91.7242,-91.7027,-91.6656,-91.6176,-91.5638,-91.4839,-91.3845,-91.2845,-91.1946,-91.0890,-90.9713,-90.8627,-90.7711,-90.6994,-90.6394,-90.5504,-90.4484,-90.3575,-90.2882,-90.2428,-90.2200,-90.2174,-90.2322,-90.2616,-90.3030,-90.3543,-90.4127,-90.4586,-90.4814,-90.4805,-90.4597,-90.4313,-90.4008,-90.3695,-90.3402,-90.3154,-90.2973,-90.2873,-90.2814,-90.2656,-90.2418,-90.2183,-90.2011,-90.1932,-90.1958,-90.2090,-90.2320,-90.2641,-90.3041,-90.3510,-90.4037,-90.4612,-90.5227,-90.5873,-90.6543,-90.7230,-90.7929,-90.8634,-90.9342,-91.0047,-91.0746,-91.1437,-91.2117,-91.2783,-91.3431,-91.3911,-91.4087,-91.4073,-91.3993,-91.3926,-91.3912,-91.3965,-91.4086,-91.4270,-91.4507,-91.4789,-91.5055,-91.5204,-91.5251,-91.5244,-91.5221,-91.5208,-91.5221,-91.5271,-91.5361,-91.5490,-91.5659,-91.5863,-91.6098,-91.6360,-91.6645,-91.6949,-91.7267,-91.7596,-91.7933,-91.8275,-91.8620,-91.8964,-91.9306,-91.9644,-91.9977,-92.0304,-92.0624,-92.0935,-92.1237,-92.1531,-92.1814,-92.2088,-92.2347,-92.2243,-92.1829,-92.1352,-92.0901,-92.0512,-91.9940,-91.8720,-91.7488,-91.6456,-91.5549,-91.4346,-91.3169,-91.2078,-91.1055,-91.0127,-90.9332,-90.8693,-90.8220,-90.7910,-90.7754,-90.7604,-90.7170,-90.6650,-90.6184,-90.5842,-90.5653,-90.5619,-90.5728,-90.5965,-90.6312,-90.6749,-90.7261,-90.7831,-90.8447,-90.9097,-90.9770,-91.0460,-91.1157,-91.1856,-91.2552,-91.3240,-91.3917,-91.4581,-91.5227,-91.5478,-91.5064,-91.4592,-91.4237,-91.4031,-91.3964,-91.4016,-91.4167,-91.4398,-91.4692,-91.5036,-91.5419,-91.5829,-91.6259,-91.6703,-91.7154,-91.7609,-91.8062,-91.8511,-91.8577,-91.7942,-91.7290,-91.6765,-91.6395,-91.6171,-91.6078,-91.6093,-91.6199,-91.6378,-91.6615,-91.6897,-91.7214,-91.7558,-91.7921,-91.8297,-91.8681,-91.9068,-91.9456,-91.9841,-92.0096,-91.9861,-91.8890,-91.7700,-91.6553,-91.5554,-91.4741,-91.4120,-91.3679,-91.3401,-91.3266,-91.3253,-91.3343,-91.3521,-91.3769,-91.4075,-91.4428,-91.4818,-91.5235,-91.5673,-91.6124,-91.6585,-91.7049,-91.7514,-91.7975,-91.8431,-91.8878,-91.9316,-91.9742,-92.0156,-92.0556,-92.0855,-92.0709,-92.0359,-91.9973,-91.9624,-91.9342,-91.9139,-91.9014,-91.8963,-91.8977,-91.9048,-91.9167,-91.9327,-91.9521,-91.9740,-91.9982,-92.0239,-92.0508,-92.0785,-92.1067,-92.1351,-92.1636,-92.1918,-92.2197,-92.2472,-92.2740,-92.3002,-92.3256,-92.3502,-92.3317,-92.2785,-92.2217,-92.1701,-92.1269,-92.0929,-92.0680,-92.0515,-92.0427,-92.0405,-92.0442,-92.0527,-92.0654,-92.0578,-92.0067,-91.9444,-91.8884,-91.8444,-91.8131,-91.7938,-91.7849,-91.7851,-91.7929,-91.8070,-91.8264,-91.8499,-91.8768,-91.9031,-91.9125,-91.9059,-91.8910,-91.8741,-91.8593,-91.8487,-91.8434,-91.8436,-91.8494,-91.8601,-91.8754,-91.8945,-91.9170,-91.9423,-91.9697,-91.9989,-92.0294,-92.0608,-92.0785,-92.0606,-92.0236,-91.9833,-91.9476,-91.9203,-91.9022,-91.8931,-91.8921,-91.8982,-91.9005,-91.8512,-91.7841,-91.7217,-91.6717,-91.6358,-91.6135,-91.6032,-91.6034,-91.6125,-91.6291,-91.6518,-91.6795,-91.7048,-91.7067,-91.6927,-91.6727,-91.6530,-91.6371,-91.6270,-91.6234,-91.6264,-91.6356,-91.6505,-91.6703,-91.6945,-91.7222,-91.7528,-91.7857,-91.8204,-91.8564,-91.8933,-91.9306,-91.9681,-92.0054,-92.0425,-92.0790,-92.1148,-92.1497,-92.1838,-92.2168,-92.2488,-92.2796,-92.3093,-92.3378,-92.3652,-92.3914,-92.4112,-92.3518,-92.2227,-92.0739,-91.9339,-91.7941,-91.6409,-91.5038,-91.3893,-91.2982,-91.2290,-91.1798,-91.1485,-91.1328,-91.1306,-91.1400,-91.1594,-91.1870,-91.2215,-91.2616,-91.3062,-91.3543,-91.3944,-91.3600,-91.3152,-91.2814,-91.2615,-91.2438,-91.1978,-91.1419,-91.0839,-91.0120,-90.9343,-90.8210,-90.6341,-90.3851,-90.1664,-89.9941,-89.8674,-89.7818,-89.7314,-89.7108,-89.7151,-89.7401,-89.7812,-89.8162,-89.8352,-89.8516,-89.8746,-89.9078,-89.9520,-90.0064,-90.0697,-90.1406,-90.2175,-90.2991,-90.3843,-90.4720,-90.5612,-90.6512,-90.7413,-90.8307,-90.9192,-91.0061,-91.0912,-91.1687,-91.2043,-91.2185,-91.2271,-91.2361,-91.2484,-91.2649,-91.2862,-91.3119,-91.3418,-91.3753,-91.4119,-91.4511,-91.4923,-91.5351,-91.5789,-91.6234,-91.6683,-91.7131,-91.7576,-91.8015,-91.8448,-91.8871,-91.9285,-91.9686,-92.0076,-92.0452,-92.0815,-92.1164,-92.1500,-92.1821,-92.2129,-92.2424,-92.2705,-92.2973,-92.3228,-92.3211,-92.2231,-92.1272,-92.0499,-91.9917,-91.9502,-91.9228,-91.9072,-91.9013,-91.9033,-91.9118,-91.9254,-91.9433,-91.9644,-91.9881,-92.0137,-92.0407,-92.0645,-92.0637,-92.0315,-91.9773,-91.9140,-91.8503,-91.7915,-91.7186,-91.5638,-91.3714,-91.1879,-91.0311,-90.9052,-90.8093,-90.7407,-90.6962,-90.6725,-90.6668,-90.6763,-90.6986,-90.7316,-90.7733,-90.8222,-90.8767,-90.9356,-90.9979,-91.0113,-90.9720,-90.9341,-90.9112,-90.9050,-90.8727,-90.7237,-90.5630,-90.4271,-90.3242,-90.2540,-90.1872,-90.0941,-90.0087,-89.9474,-89.9137,-89.9055,-89.9194,-89.9518,-89.9993,-90.0590,-90.1284,-90.2053,-90.2879,-90.3746,-90.4019,-90.2959,-90.1529,-90.0366,-89.9578,-89.9142,-89.9010,-89.9127,-89.9447,-89.9928,-90.0537,-90.1246,-90.2031,-90.2872,-90.3754,-90.4663,-90.5587,-90.6517,-90.7446,-90.8365,-90.9271,-91.0159,-91.0810,-91.1055,-91.1115,-91.1129,-91.1172,-91.1277,-91.1457,-91.1711,-91.2030,-91.2404,-91.2824,-91.3279,-91.3759,-91.4259,-91.4769,-91.5286,-91.5803,-91.6318,-91.6825,-91.7120,-91.7011,-91.6707,-91.6390,-91.6150,-91.6018,-91.5992,-91.6061,-91.6185,-91.6200,-91.6113,-91.5987,-91.5861,-91.5762,-91.5654,-91.5458,-91.5182,-91.4873,-91.4579,-91.4322,-91.3744,-91.2874,-91.2017,-91.1085,-90.9948,-90.8829,-90.7854,-90.7079,-90.6521,-90.6172,-90.6015,-90.6026,-90.6183,-90.6462,-90.6842,-90.7306,-90.7836,-90.8419,-90.9041,-90.9693,-91.0364,-91.1048,-91.1737,-91.2426,-91.3110,-91.3785,-91.4448,-91.5096,-91.5726,-91.6338,-91.6930,-91.7500,-91.7918,-91.7804,-91.7517,-91.7219,-91.6973,-91.6806,-91.6723,-91.6721,-91.6794,-91.6886,-91.6773,-91.6509,-91.6194,-91.5892,-91.5639,-91.5455,-91.5348,-91.4971,-91.4133,-91.3316,-91.2644,-91.2144,-91.1815,-91.1641,-91.1602,-91.1679,-91.1855,-91.2111,-91.2434,-91.2810,-91.3229,-91.3679,-91.4154,-91.4645,-91.5082,-91.5274,-91.5273,-91.4731,-91.3597,-91.2487,-91.1570,-91.0877,-91.0398,-91.0112,-90.9993,-91.0016,-91.0159,-91.0309,-91.0024,-90.9449,-90.8803,-90.8203,-90.7709,-90.7347,-90.7127,-90.7043,-90.6933,-90.6524,-90.5993,-90.5345,-90.4655,-90.4037,-90.3557,-90.3242,-90.3096,-90.3110,-90.3266,-90.3548,-90.3937,-90.4417,-90.4971,-90.5585,-90.6246,-90.6944,-90.7668,-90.8410,-90.9162,-90.9918,-91.0673,-91.1421,-91.2159,-91.2883,-91.3591,-91.4280,-91.4949,-91.5597,-91.6221,-91.6822,-91.7400,-91.7953,-91.8483,-91.8988,-91.9470,-91.9930,-92.0366,-92.0781,-92.1175,-92.1548,-92.1902,-92.2237,-92.2553,-92.2853,-92.3136,-92.3403,-92.3656,-92.3838,-92.3707,-92.3332,-92.2872,-92.2425,-92.2037,-92.1725,-92.1493,-92.1335,-92.1245,-92.1214,-92.1085,-91.9807,-91.8514,-91.7484,-91.6726,-91.6209,-91.5893,-91.5743,-91.5727,-91.5817,-91.5991,-91.6196,-91.6037,-91.5558,-91.5027,-91.4580,-91.4263,-91.4081,-91.4025,-91.4076,-91.4220,-91.4438,-91.4716,-91.5043,-91.5407,-91.5799,-91.6211,-91.6638,-91.7073,-91.7512,-91.7951,-91.8386,-91.8817,-91.9239,-91.9652,-92.0054,-92.0445,-92.0822,-92.1187,-92.1538,-92.1875,-92.2198,-92.2507,-92.2803,-92.3085,-92.3354,-92.3610,-92.3854,-92.4085,-92.4305,-92.4514,-92.4713,-92.4901,-92.5079,-92.5248,-92.5408,-92.5560,-92.5704,-92.5840,-92.5969,-92.6092,-92.6209,-92.6319,-92.6424,-92.6524,-92.6618,-92.6708,-92.6794,-92.6876,-92.6954,-92.7028,-92.7099,-92.7167,-92.7232,-92.7279,-92.7081,-92.6598,-92.5997,-92.5394,-92.4849,-92.4386,-92.4012,-92.3722,-92.3509,-92.3282,-92.2924,-92.2477,-92.2011,-92.1573,-92.1191,-92.0876,-92.0581,-92.0168,-91.9693,-91.9219,-91.8784,-91.8414,-91.8119,-91.7904,-91.7770,-91.7712,-91.7725,-91.7800,-91.7932,-91.8112,-91.8333,-91.8588,-91.8871,-91.9176,-91.9499,-91.9833,-92.0177,-92.0525,-92.0875,-92.1224,-92.1571,-92.1912,-92.2248,-92.2575,-92.2895,-92.3204,-92.3504,-92.3794,-92.4072,-92.4340,-92.4597,-92.4843,-92.5078,-92.5298,-92.5302,-92.5021,-92.4639,-92.4253,-92.3901,-92.3600,-92.3356,-92.3171,-92.3043,-92.2967,-92.2602,-92.1757,-92.0816,-91.9881,-91.9012,-91.8245,-91.7599,-91.7078,-91.6549,-91.5861,-91.5164,-91.4551,-91.4054,-91.3479,-91.2637,-91.1643,-91.0321,-90.9017,-90.7913,-90.7055,-90.6209,-90.4989,-90.3896,-90.3061,-90.2504,-90.2208,-90.2142,-90.2275,-90.2577,-90.3017,-90.3572,-90.4219,-90.4938,-90.5712,-90.6528,-90.7373,-90.8236,-90.9108,-90.9982,-91.0850,-91.1708,-91.2551,-91.3375,-91.4178,-91.4956,-91.5706,-91.6313,-91.6695,-91.6922,-91.7066,-91.7173,-91.7274,-91.7386,-91.7383,-91.7017,-91.6452,-91.5669,-91.4633,-91.3568,-91.2621,-91.1841,-91.1135,-91.0474,-90.9890,-90.9409,-90.9045,-90.8804,-90.8683,-90.8676,-90.8775,-90.8969,-90.9245,-90.9594,-91.0003,-91.0462,-91.0962,-91.1494,-91.2050,-91.2623,-91.3207,-91.3797,-91.4387,-91.4975,-91.5556,-91.6128,-91.6688,-91.7235,-91.7757,-91.8096,-91.8190,-91.8137,-91.8028,-91.7922,-91.7736,-91.7203,-91.6469,-91.5735,-91.5111,-91.4640,-91.4326,-91.4159,-91.4119,-91.3942,-91.3178,-91.2279,-91.0865,-90.9333,-90.8039,-90.7081,-90.6450,-90.6103,-90.5992,-90.6075,-90.6314,-90.6677,-90.7139,-90.7679,-90.8277,-90.8920,-90.9595,-90.9955,-90.8841,-90.7961,-90.7467,-90.7296,-90.7375,-90.7642,-90.8047,-90.8554,-90.9134,-90.9765,-91.0431,-91.1119,-91.1819,-91.2522,-91.3221,-91.3912,-91.4591,-91.5255,-91.5900,-91.6526,-91.7130,-91.7712,-91.8270,-91.8806,-91.9318,-91.9807,-92.0273,-92.0716,-92.1137,-92.1537,-92.1916,-92.2274,-92.2614,-92.2935,-92.3238,-92.3525,-92.3795,-92.4050,-92.4291,-92.4518,-92.4732,-92.4934,-92.5124,-92.5303,-92.5472,-92.5632,-92.5782,-92.5924,-92.6059,-92.6185,-92.6305,-92.6418,-92.6526,-92.6627,-92.6723,-92.6702,-92.5748,-92.4614,-92.3610,-92.2800,-92.2183,-92.1739,-92.1442,-92.1268,-92.1193,-92.1199,-92.1268,-92.1388,-92.1547,-92.1737,-92.1949,-92.2179,-92.2420,-92.2669,-92.2922,-92.3177,-92.3432,-92.3684,-92.3932,-92.4175,-92.4412,-92.4642,-92.4865,-92.5080,-92.5288,-92.5487,-92.5678,-92.5862,-92.6037,-92.6205,-92.6365,-92.6517,-92.6662,-92.6801,-92.6932,-92.7057,-92.7176,-92.7290,-92.7397,-92.7499,-92.7596,-92.7689,-92.7776,-92.7860,-92.7939,-92.8015,-92.8087,-92.8120,-92.7448,-92.6467,-92.5519,-92.4712,-92.4069,-92.3582,-92.3231,-92.2995,-92.2856,-92.2795,-92.2800,-92.2856,-92.2955,-92.3088,-92.3247,-92.3413,-92.2160,-92.0284,-91.8519,-91.7021,-91.5830,-91.4934,-91.4304,-91.3905,-91.3688,-91.3386,-91.2910,-91.2418,-91.2011,-91.1731,-91.1588,-91.1577,-91.1683,-91.1892,-91.2186,-91.2551,-91.2972,-91.2767,-91.1928,-91.0970,-91.0105,-90.9419,-90.8935,-90.8645,-90.8533,-90.8225,-90.7419,-90.6679,-90.6144,-90.5833,-90.5729,-90.5804,-90.6031,-90.6384,-90.6839,-90.7375,-90.7977,-90.8628,-90.9315,-91.0028,-91.0757,-91.1495,-91.2234,-91.2969,-91.3695,-91.4408,-91.5105,-91.5785,-91.6443,-91.7080,-91.7694,-91.8285,-91.8851,-91.9393,-91.9911,-92.0404,-92.0874,-92.1320,-92.1744,-92.2146,-92.2527,-92.2887,-92.3228,-92.3549,-92.3853,-92.4140,-92.4410,-92.4665,-92.4905,-92.5131,-92.5344,-92.5544,-92.5733,-92.5911,-92.6078,-92.6236,-92.6385,-92.6525,-92.6657,-92.6782,-92.6899,-92.7010,-92.7115,-92.7184,-92.6204,-92.4876,-92.3728,-92.2848,-92.2214,-92.1783,-92.1513,-92.1369,-92.1324,-92.1356,-92.1448,-92.1588,-92.1764,-92.1968,-92.2192,-92.2432,-92.2682,-92.2938,-92.3198,-92.3458,-92.3717,-92.3973,-92.4224,-92.4469,-92.4566,-92.4158,-92.3549,-92.2954,-92.2451,-92.2058,-92.1773,-92.1585,-92.1482,-92.1451,-92.1481,-92.1562,-92.1686,-92.1843,-92.2029,-92.2236,-92.2459,-92.2695,-92.2939,-92.3189,-92.3442,-92.3695,-92.3940,-92.3981,-92.3719,-92.3312,-92.2888,-92.2512,-92.2210,-92.1991,-92.1851,-92.1784,-92.1780,-92.1830,-92.1926,-92.2060,-92.2226,-92.2416,-92.2626,-92.2851,-92.3086,-92.3329,-92.3577,-92.3827,-92.4077,-92.4325,-92.4570,-92.4810,-92.5045,-92.5274,-92.5496,-92.5711,-92.5919,-92.6118,-92.6310,-92.6495,-92.6671,-92.6839,-92.7000,-92.7154,-92.7300,-92.7440,-92.7572,-92.7698,-92.7818,-92.7932,-92.7504,-92.6589,-92.5653,-92.4841,-92.4188,-92.3694,-92.3339,-92.3103,-92.2966,-92.2911,-92.2923,-92.2988,-92.3097,-92.3240,-92.3411,-92.3602,-92.3808,-92.4027,-92.4252,-92.4483,-92.4715,-92.4947,-92.5178,-92.5405,-92.5628,-92.5846,-92.6058,-92.6263,-92.6462,-92.6653,-92.6836,-92.7013,-92.7182,-92.7343,-92.7497,-92.7644,-92.7784,-92.7918,-92.8044,-92.8165,-92.8279,-92.8387,-92.8490,-92.8588,-92.8681,-92.8769,-92.8852,-92.8931,-92.9006,-92.9077,-92.9137,-92.8936,-92.8399,-92.7727,-92.7056,-92.6453,-92.5946,-92.5541,-92.5234,-92.5015,-92.4873,-92.4797,-92.4776,-92.4802,-92.4866,-92.4962,-92.5083,-92.5224,-92.5381,-92.5550,-92.5727,-92.5910,-92.6097,-92.6285,-92.6474,-92.6661,-92.6846,-92.7027,-92.7204,-92.7377,-92.7544,-92.7705,-92.7861,-92.8012,-92.8156,-92.8294,-92.8168,-92.7563,-92.6848,-92.6162,-92.5557,-92.5054,-92.4655,-92.4356,-92.4148,-92.4018,-92.3957,-92.3955,-92.4001,-92.4087,-92.4206,-92.4352,-92.4519,-92.4701,-92.4896,-92.5100,-92.5309,-92.5519,-92.5549,-92.5253,-92.4798,-92.4318,-92.3883,-92.3524,-92.3251,-92.3064,-92.2955,-92.2915,-92.2935,-92.3007,-92.3121,-92.3268,-92.3348,-92.3234,-92.2997,-92.2721,-92.2462,-92.2247,-92.2091,-92.1998,-92.1965,-92.1987,-92.2060,-92.2176,-92.2328,-92.2512,-92.2720,-92.2949,-92.3194,-92.3450,-92.3715,-92.3985,-92.4257,-92.4530,-92.4801,-92.5069,-92.5332,-92.5590,-92.5841,-92.6085,-92.6321,-92.6549,-92.6769,-92.6980,-92.7182,-92.7376,-92.7561,-92.7737,-92.7905,-92.8065,-92.8217,-92.8362,-92.8497,-92.8493,-92.8226,-92.7815,-92.7372,-92.6956,-92.6594,-92.6292,-92.6052,-92.5863,-92.5530,-92.5011,-92.4420,-92.3833,-92.3297,-92.2835,-92.2460,-92.2173,-92.1970,-92.1846,-92.1792,-92.1801,-92.1863,-92.1972,-92.2120,-92.2300,-92.2506,-92.2733,-92.2977,-92.3232,-92.3495,-92.3764,-92.4036,-92.4307,-92.4577,-92.4843,-92.5105,-92.5361,-92.5611,-92.5853,-92.5990,-92.5823,-92.5470,-92.5071,-92.4701,-92.4390,-92.4149,-92.3977,-92.3869,-92.3819,-92.3818,-92.3861,-92.3941,-92.4051,-92.4188,-92.4344,-92.4518,-92.4704,-92.4900,-92.5103,-92.5254,-92.5180,-92.4944,-92.4637,-92.4321,-92.4033,-92.3794,-92.3613,-92.3491,-92.3426,-92.3415,-92.3451,-92.3529,-92.3642,-92.3786,-92.3954,-92.4142,-92.4345,-92.4560,-92.4784,-92.5013,-92.5187,-92.5151,-92.4938,-92.4647,-92.4349,-92.3720,-92.2531,-92.1331,-92.0301,-91.9488,-91.8888,-91.8479,-91.8112,-91.7489,-91.6748,-91.6068,-91.5538,-91.5182,-91.4993,-91.4951,-91.5035,-91.5221,-91.5490,-91.5826,-91.6213,-91.6641,-91.7099,-91.7578,-91.8071,-91.8573,-91.9077,-91.9581,-92.0079,-92.0571,-92.1052,-92.1522,-92.1978,-92.2420,-92.2846,-92.3257,-92.3651,-92.4028,-92.4389,-92.4733,-92.5061,-92.5373,-92.5669,-92.5950,-92.6216,-92.6468,-92.6671,-92.6161,-92.5331,-92.4526,-92.3855,-92.3340,-92.2973,-92.2735,-92.2606,-92.2566,-92.2218,-92.1192,-92.0151,-91.9344,-91.8789,-91.8446,-91.8275,-91.8240,-91.8312,-91.8470,-91.8695,-91.8973,-91.9291,-91.9640,-92.0011,-92.0048,-91.9680,-91.9238,-91.8837,-91.8523,-91.8309,-91.8197,-91.8178,-91.8244,-91.8381,-91.8579,-91.8826,-91.9114,-91.9433,-91.9775,-92.0136,-92.0508,-92.0887,-92.1269,-92.1650,-92.2029,-92.2402,-92.2767,-92.3124,-92.3470,-92.3805,-92.4129,-92.4441,-92.4740,-92.5027,-92.5301,-92.5562,-92.5812,-92.6049,-92.6274,-92.6488,-92.6691,-92.6883,-92.7066,-92.7238,-92.7401,-92.7555,-92.7700,-92.7838,-92.7950,-92.7665,-92.7002,-92.6230,-92.5498,-92.4876,-92.4383,-92.4017,-92.3765,-92.3610,-92.3536,-92.3380,-92.3035,-92.2610,-92.2185,-92.1800,-92.1479,-92.1234,-92.1065,-92.0971,-92.0947,-92.0985,-92.1077,-92.1145,-92.0978,-92.0647,-92.0273,-91.9928,-91.9644,-91.9435,-91.9304,-91.9247,-91.9259,-91.9333,-91.9460,-91.9634,-91.9846,-92.0091,-92.0362,-92.0653,-92.0960,-92.1278,-92.1603,-92.1932,-92.2261,-92.2590,-92.2915,-92.3235,-92.3549,-92.3849,-92.3630,-92.2880,-92.2075,-92.1392,-92.0522,-91.9562,-91.8710,-91.8015,-91.7483,-91.7104,-91.6864,-91.6745,-91.6730,-91.6725,-91.6638,-91.6505,-91.6367,-91.6250,-91.6171,-91.6139,-91.6159,-91.6232,-91.6356,-91.6527,-91.6743,-91.6997,-91.7284,-91.7599,-91.7915,-91.8114,-91.8196,-91.8178,-91.7935,-91.7511,-91.7012,-91.6513,-91.6063,-91.5683,-91.5020,-91.3961,-91.2799,-91.1694,-91.0726,-90.9933,-90.9324,-90.8899,-90.8645,-90.8548,-90.8590,-90.8754,-90.9023,-90.9380,-90.9811,-91.0302,-91.0841,-91.1285,-91.1411,-91.1390,-91.1342,-91.1334,-91.1398,-91.1545,-91.1774,-91.2079,-91.2450,-91.2874,-91.3343,-91.3845,-91.4372,-91.4916,-91.5470,-91.6029,-91.6588,-91.7142,-91.7689,-91.8189,-91.8427,-91.8406,-91.8159,-91.7402,-91.6458,-91.5581,-91.4866,-91.4332,-91.3971,-91.3737,-91.3159,-91.2329,-91.1560,-91.0972,-91.0586,-91.0387,-91.0317,-91.0155,-90.9878,-90.9584,-90.9350,-90.9218,-90.9202,-90.9301,-90.9505,-90.9801,-91.0175,-91.0614,-91.1104,-91.1634,-91.2195,-91.2777,-91.3373,-91.3976,-91.4582,-91.5185,-91.5782,-91.6368,-91.6891,-91.7262,-91.7483,-91.7602,-91.7669,-91.7719,-91.7779,-91.7862,-91.7976,-91.8123,-91.8302,-91.8512,-91.8748,-91.9003,-91.9238,-91.9351,-91.8739,-91.7765,-91.6817,-91.6003,-91.5341,-91.4827,-91.4440,-91.3888,-91.3186,-91.2506,-91.1921,-91.1462,-91.1139,-91.0948,-91.0882,-91.0928,-91.1072,-91.1301,-91.1602,-91.1963,-91.2228,-91.1359,-91.0473,-90.9842,-90.9474,-90.8790,-90.7837,-90.7079,-90.6568,-90.6286,-90.6207,-90.6298,-90.6533,-90.6885,-90.7332,-90.7854,-90.8435,-90.9060,-90.9717,-91.0323,-91.0743,-91.1021,-91.1239,-91.1451,-91.1687,-91.1959,-91.2272,-91.2624,-91.3012,-91.3429,-91.3869,-91.4217,-91.4380,-91.4438,-91.4383,-91.3913,-91.3340,-91.2802,-91.2347,-91.1992,-91.1743,-91.1598,-91.1551,-91.1596,-91.1723,-91.1922,-91.2184,-91.2500,-91.2862,-91.3260,-91.3689,-91.4141,-91.4610,-91.5090,-91.5578,-91.6068,-91.6558,-91.7045,-91.7525,-91.7997,-91.8379,-91.8201,-91.7719,-91.7226,-91.6835,-91.6570,-91.6401,-91.6126,-91.5759,-91.5378,-91.5038,-91.4770,-91.4588,-91.4496,-91.4439,-91.4252,-91.3954,-91.3633,-91.3356,-91.3157,-91.3047,-91.3029,-91.3098,-91.3245,-91.3459,-91.3662,-91.3731,-91.3704,-91.3648,-91.3606,-91.3603,-91.3651,-91.3756,-91.3915,-91.4125,-91.4383,-91.4681,-91.5014,-91.5376,-91.5761,-91.6163,-91.6579,-91.7004,-91.7434,-91.7865,-91.8295,-91.8721,-91.9141,-91.9553,-91.9956,-92.0349,-92.0730,-92.1100,-92.1456,-92.1800,-92.2131,-92.2447,-92.2583,-92.2418,-92.2085,-92.1698,-92.1326,-92.0932,-92.0345,-91.9650,-91.8975,-91.8387,-91.7912,-91.7554,-91.7309,-91.7164,-91.7110,-91.7097,-91.6898,-91.6338,-91.5388,-91.4315,-91.3298,-91.2426,-91.1730,-91.1215,-91.0872,-91.0683,-91.0632,-91.0698,-91.0866,-91.1119,-91.1442,-91.1823,-91.2251,-91.2715,-91.3207,-91.3719,-91.4245,-91.4779,-91.5317,-91.5854,-91.6387,-91.6912,-91.7428,-91.7932,-91.8423,-91.8899,-91.9349,-91.9104,-91.8454,-91.7836,-91.7351,-91.6976,-91.6553,-91.5928,-91.5080,-91.3867,-91.2348,-91.0812,-90.9421,-90.8250,-90.7325,-90.6645,-90.6190,-90.5938,-90.5863,-90.5940,-90.6146,-90.6459,-90.6862,-90.7337,-90.7871,-90.8450,-90.9065,-90.9705,-91.0362,-91.1029,-91.1701,-91.2372,-91.3037,-91.3617,-91.3876,-91.3904,-91.3853,-91.3813,-91.3824,-91.3898,-91.3931,-91.3823,-91.3637,-91.3448,-91.3303,-91.3224,-91.3219,-91.3288,-91.3425,-91.3623,-91.3874,-91.4171,-91.4506,-91.4871,-91.5260,-91.5668,-91.6089,-91.6519,-91.6953,-91.7389,-91.7824,-91.8219,-91.7913,-91.7289,-91.6689,-91.6218,-91.5900,-91.5725,-91.5676,-91.5731,-91.5870,-91.6078,-91.6340,-91.6643,-91.6977,-91.7335,-91.7710,-91.8095,-91.8485,-91.8758,-91.8764,-91.8581,-91.8322,-91.8066,-91.7854,-91.7709,-91.7634,-91.7629,-91.7688,-91.7803,-91.7966,-91.8169,-91.8405,-91.8668,-91.8950,-91.9249,-91.9558,-91.9874,-91.9410,-91.7946,-91.6065,-91.4373,-91.2915,-91.1360,-90.9858,-90.8429,-90.7111,-90.5989,-90.5108,-90.4473,-90.4072,-90.3880,-90.3871,-90.4020,-90.4303,-90.4697,-90.5183,-90.5744,-90.6365,-90.7033,-90.7735,-90.8463,-90.9207,-90.9961,-91.0717,-91.1470,-91.2216,-91.2950,-91.3670,-91.4373,-91.4814,-91.4426,-91.2908,-91.1130,-90.9482,-90.8096,-90.7002,-90.6192,-90.5500,-90.4222,-90.1967,-89.9326,-89.6917,-89.4947,-89.3453,-89.2405,-89.1755,-89.1446,-89.1427,-89.1652,-89.2078,-89.2472,-89.2201,-89.1955,-89.1911,-89.2090,-89.2476,-89.3040,-89.3751,-89.4578,-89.5498,-89.6487,-89.7527,-89.8602,-89.9698,-90.0803,-90.1909,-90.3008,-90.4092,-90.5157,-90.6198,-90.7211,-90.8194,-90.9144,-91.0060,-91.0941,-91.1680,-91.1822,-91.1519,-91.1042,-91.0535,-91.0077,-90.9698,-90.9223,-90.8582,-90.7905,-90.7302,-90.6834,-90.6522,-90.6368,-90.6360,-90.6480,-90.6680,-90.6791,-90.6807,-90.6790,-90.6749,-90.6438,-90.5923,-90.5389,-90.4940,-90.4622,-90.4448,-90.4415,-90.4509,-90.4718,-90.5024,-90.5412,-90.5869,-90.6381,-90.6938,-90.7529,-90.8146,-90.8781,-90.9428,-91.0071,-91.0181,-90.9832,-90.9485,-90.9266,-90.9189,-90.9221,-90.9156,-90.8932,-90.8642,-90.8376,-90.8185,-90.8091,-90.8102,-90.8212,-90.8411,-90.8690,-90.9035,-90.9435,-90.9879,-91.0359,-91.0865,-91.1390,-91.1927,-91.2472,-91.3019,-91.3564,-91.4104,-91.4637,-91.5160,-91.5670,-91.6167,-91.6650,-91.7117,-91.7568,-91.8002,-91.8419,-91.8820,-91.9204,-91.9571,-91.9907,-91.9584,-91.8711,-91.7878,-91.7245,-91.6811,-91.6542,-91.6404,-91.6371,-91.6421,-91.6537,-91.6705,-91.6914,-91.7155,-91.7421,-91.7705,-91.8002,-91.8308,-91.8619,-91.8933,-91.9247,-91.9558,-91.9865,-92.0166,-92.0461,-92.0749,-92.1028,-92.1299,-92.1561,-92.1813,-92.1850,-92.0431,-91.8663,-91.6998,-91.5576,-91.4435,-91.3567,-91.2941,-91.2417,-91.1839,-91.1244,-91.0705,-91.0273,-90.9968,-90.9793,-90.9741,-90.9799,-90.9953,-91.0190,-91.0496,-91.0859,-91.1268,-91.1713,-91.2187,-91.2681,-91.3189,-91.3706,-91.4227,-91.4748,-91.5265,-91.5776,-91.6278,-91.6769,-91.7248,-91.7714,-91.8165,-91.8600,-91.9020,-91.9424,-91.9812,-92.0183,-92.0539,-92.0876,-92.1108,-92.1133,-92.1009,-92.0812,-92.0597,-92.0396,-92.0225,-92.0096
8,-83.0000,-82.2908,-82.1972,-82.2380,-82.3217,-82.4193,-82.5197,-82.6184,-82.7135,-82.8042,-82.8902,-82.9715,-83.0268,-83.0119,-82.9438,-82.8035,-82.5305,-82.2165,-81.9141,-81.6457,-81.4194,-81.2366,-81.0947,-80.9898,-80.9176,-80.8736,-80.8535,-80.8536,-80.8706,-80.9016,-80.9441,-80.9960,-81.0555,-81.1212,-81.1916,-81.2658,-81.3428,-81.4218,-81.5022,-81.5834,-81.6649,-81.7464,-81.8275,-81.9079,-81.9874,-82.0658,-82.1428,-82.2184,-82.2924,-82.3648,-82.4354,-82.5043,-82.5712,-82.6363,-82.6995,-82.7607,-82.8200,-82.8774,-82.9329,-82.9864,-83.0381,-83.0880,-83.1360,-83.1822,-83.2267,-83.2694,-83.3105,-83.3499,-83.3878,-83.4241,-83.4590,-83.4923,-83.5243,-83.5549,-83.5835,-83.5282,-83.3814,-83.1906,-82.9259,-82.6163,-82.3057,-82.0213,-81.7752,-81.5702,-81.4046,-81.2748,-81.1765,-81.1055,-81.0579,-81.0303,-81.0197,-81.0233,-81.0390,-81.0649,-81.0755,-80.9864,-80.8268,-80.5686,-80.2415,-79.8764,-79.5026,-79.1460,-78.8243,-78.5469,-78.3129,-78.0675,-77.8035,-77.5481,-77.3205,-77.1308,-76.9824,-76.8748,-76.8054,-76.7703,-76.7654,-76.7866,-76.8300,-76.8921,-76.9699,-77.0605,-77.1616,-77.2713,-77.3878,-77.5097,-77.6358,-77.7650,-77.8966,-78.0297,-78.1638,-78.2984,-78.4329,-78.5671,-78.7005,-78.8330,-78.9643,-79.0941,-79.2223,-79.3488,-79.4734,-79.5960,-79.7165,-79.8349,-79.9509,-80.0647,-80.1760,-80.2850,-80.3915,-80.4955,-80.5971,-80.6961,-80.7927,-80.8867,-80.9782,-81.0672,-81.1537,-81.2369,-81.2791,-81.2538,-81.1840,-81.0934,-80.9984,-80.9092,-80.8318,-80.7690,-80.7216,-80.6893,-80.6710,-80.6655,-80.6712,-80.6867,-80.7105,-80.7414,-80.7783,-80.8202,-80.8661,-80.9154,-80.9266,-80.7801,-80.5852,-80.3991,-80.2415,-80.1176,-80.0265,-79.9652,-79.9298,-79.9163,-79.9211,-79.9411,-79.9736,-80.0163,-80.0672,-80.1246,-80.1873,-80.2541,-80.3240,-80.3961,-80.4700,-80.5449,-80.6204,-80.6961,-80.7717,-80.8470,-80.9216,-80.9953,-81.0681,-81.1399,-81.2103,-81.2795,-81.3473,-81.4137,-81.4786,-81.5420,-81.6039,-81.6642,-81.7230,-81.7619,-81.7353,-81.6571,-81.5528,-81.4413,-81.3347,-81.2400,-81.1607,-81.0980,-81.0516,-81.0205,-81.0032,-80.9983,-81.0040,-81.0188,-81.0414,-81.0706,-81.1052,-81.1443,-81.1871,-81.2329,-81.2811,-81.3312,-81.3827,-81.4352,-81.4884,-81.5421,-81.5960,-81.6498,-81.7034,-81.7567,-81.8094,-81.8616,-81.8956,-81.7880,-81.5983,-81.4034,-81.2337,-81.0970,-80.9929,-80.8628,-80.6030,-80.3238,-80.0741,-79.8684,-79.7087,-79.5915,-79.5119,-79.4643,-79.4438,-79.4458,-79.4663,-79.5020,-79.5500,-79.6080,-79.6740,-79.7462,-79.8234,-79.9044,-79.9881,-80.0739,-80.1609,-80.2488,-80.3369,-80.4248,-80.5124,-80.5992,-80.6850,-80.7698,-80.8532,-80.9352,-81.0157,-81.0946,-81.1718,-81.2473,-81.3210,-81.3929,-81.4630,-81.5313,-81.5978,-81.6624,-81.7252,-81.7862,-81.8454,-81.9029,-81.9586,-82.0126,-82.0649,-82.1155,-82.1124,-81.9941,-81.8248,-81.6512,-81.4948,-81.3638,-81.2596,-81.1808,-81.1249,-81.0886,-81.0693,-81.0640,-81.0705,-81.0868,-81.1112,-81.1421,-81.1784,-81.2191,-81.2631,-81.3100,-81.3589,-81.4094,-81.4610,-81.5134,-81.5662,-81.6193,-81.6722,-81.7249,-81.7576,-81.7285,-81.6520,-81.5528,-81.4485,-81.3501,-81.2630,-81.1844,-81.1066,-80.9701,-80.6902,-80.3646,-80.0553,-79.7855,-79.5609,-79.3804,-79.2404,-79.1364,-79.0636,-79.0178,-78.9951,-78.9918,-79.0049,-79.0319,-79.0636,-79.0596,-79.0150,-78.9462,-78.8688,-78.7780,-78.6588,-78.5197,-78.3756,-78.2392,-78.1192,-78.0206,-77.9454,-77.8939,-77.8647,-77.8559,-77.8654,-77.8909,-77.9301,-77.9812,-78.0423,-78.1119,-78.1885,-78.2710,-78.3584,-78.4498,-78.5445,-78.6417,-78.7410,-78.8380,-78.8552,-78.7779,-78.6620,-78.5461,-78.4495,-78.3788,-78.3348,-78.3156,-78.3183,-78.3395,-78.3765,-78.4265,-78.4872,-78.5567,-78.6333,-78.7157,-78.8026,-78.8931,-78.9862,-79.0813,-79.1778,-79.2751,-79.3729,-79.4706,-79.5681,-79.6651,-79.7613,-79.8565,-79.9505,-80.0433,-80.1347,-80.2245,-80.3128,-80.3994,-80.4843,-80.5675,-80.6488,-80.7284,-80.8061,-80.8820,-80.9560,-81.0281,-81.0841,-81.0331,-80.9189,-80.7864,-80.6581,-80.5447,-80.4510,-80.3783,-80.3260,-80.2927,-80.2761,-80.2743,-80.2852,-80.3068,-80.3374,-80.3754,-80.4195,-80.4686,-80.5217,-80.5778,-80.6364,-80.6969,-80.7586,-80.8212,-80.8843,-80.9476,-81.0108,-81.0738,-81.1363,-81.1981,-81.2592,-81.3195,-81.3788,-81.4370,-81.4942,-81.5503,-81.6051,-81.6588,-81.7112,-81.7624,-81.8123,-81.8610,-81.9084,-81.9546,-81.9995,-82.0432,-82.0857,-82.1269,-82.1670,-82.2059,-82.2437,-82.2803,-82.3159,-82.3504,-82.3838,-82.4162,-82.4477,-82.4781,-82.5076,-82.5362,-82.5640,-82.5908,-82.6168,-82.6420,-82.6664,-82.6901,-82.7130,-82.7352,-82.7568,-82.7776,-82.7979,-82.8175,-82.8365,-82.8550,-82.8728,-82.8902,-82.9071,-82.9234,-82.9393,-82.9547,-82.9697,-82.9842,-82.9984,-83.0122,-83.0255,-83.0386,-83.0512,-83.0636,-83.0756,-83.0873,-83.0987,-83.1098,-83.1206,-83.1312,-83.1416,-83.1516,-83.1615,-83.1711,-83.1805,-83.1897,-83.1987,-83.2075,-83.2162,-83.2246,-83.2329,-83.2410,-83.2490,-83.2568,-83.2644,-83.2719,-83.2793,-83.2866,-83.2937,-83.3007,-83.3076,-83.3144,-83.3211,-83.3276,-83.3341,-83.3405,-83.3467,-83.3529,-83.3590,-83.3650,-83.3710,-83.3768,-83.3826,-83.3883,-83.3939,-83.3995,-83.4050,-83.4104,-83.4158,-83.4211,-83.4264,-83.4316,-83.4367,-83.4418,-83.4468,-83.4518,-83.4568,-83.4616,-83.4665,-83.4713,-83.4760,-83.4808,-83.4837,-83.4351,-83.3223,-83.1833,-83.0414,-82.9077,-82.7868,-82.6805,-82.5890,-82.5119,-82.4482,-82.3967,-82.3563,-82.3259,-82.3043,-82.2904,-82.2833,-82.2822,-82.2863,-82.2949,-82.3074,-82.3231,-82.3418,-82.3619,-82.3769,-82.3787,-82.3650,-82.3384,-82.3032,-82.2639,-82.2240,-82.1862,-82.1522,-82.0904,-81.9648,-81.8094,-81.6508,-81.5018,-81.3681,-81.2518,-81.1510,-80.9694,-80.6908,-80.4032,-80.1474,-79.9345,-79.7642,-79.6328,-79.5358,-79.4683,-79.4263,-79.4060,-79.4040,-79.4176,-79.4442,-79.4818,-79.5287,-79.5832,-79.6442,-79.7104,-79.7809,-79.8549,-79.9317,-80.0107,-80.0913,-80.1731,-80.2557,-80.3388,-80.4221,-80.5052,-80.5880,-80.6703,-80.7519,-80.8327,-80.9125,-80.9912,-81.0686,-81.1448,-81.2197,-81.2931,-81.3651,-81.4355,-81.5044,-81.5717,-81.6374,-81.7015,-81.7640,-81.8249,-81.8841,-81.9417,-81.9977,-82.0521,-82.1048,-82.1561,-82.2058,-82.2539,-82.3006,-82.3458,-82.3896,-82.4319,-82.4729,-82.5125,-82.5508,-82.5878,-82.6236,-82.6582,-82.6916,-82.7239,-82.7550,-82.7851,-82.8141,-82.8422,-82.8692,-82.8953,-82.9205,-82.9449,-82.9684,-82.9910,-83.0129,-83.0341,-83.0545,-83.0742,-83.0932,-83.1116,-83.1293,-83.1465,-83.1630,-83.1791,-83.1933,-83.1984,-83.1867,-83.1569,-83.1120,-83.0570,-82.9968,-82.9355,-82.8687,-82.7687,-82.6302,-82.4700,-82.3058,-82.1496,-82.0084,-81.8850,-81.7802,-81.6934,-81.6214,-81.5242,-81.3800,-81.2107,-81.0372,-80.8731,-80.7263,-80.6004,-80.4967,-80.4149,-80.3537,-80.3113,-80.2857,-80.2750,-80.2773,-80.2910,-80.3144,-80.3462,-80.3851,-80.4300,-80.4801,-80.4024,-80.0635,-79.6228,-79.2035,-78.8465,-78.5614,-78.3453,-78.1908,-78.0892,-78.0322,-78.0091,-77.9928,-77.9685,-77.9397,-77.9133,-77.8948,-77.8168,-77.6303,-77.4221,-77.2324,-77.0765,-76.9588,-76.8785,-76.8324,-76.8164,-76.8264,-76.8584,-76.9088,-76.9746,-77.0530,-77.1417,-77.2388,-77.3426,-77.4518,-77.5652,-77.6817,-77.8006,-77.9212,-78.0428,-78.1651,-78.2875,-78.4097,-78.5315,-78.6525,-78.7726,-78.8915,-79.0092,-79.1254,-79.2396,-79.3178,-79.3190,-79.2661,-79.1918,-79.1179,-79.0561,-79.0112,-78.9845,-78.9754,-78.9822,-79.0032,-79.0363,-79.0797,-79.1319,-79.1913,-79.2567,-79.3269,-79.4011,-79.4783,-79.5552,-79.5845,-79.5537,-79.4879,-79.4086,-79.3304,-79.2620,-79.2080,-79.1704,-79.1494,-79.1441,-79.1533,-79.1754,-79.2086,-79.2515,-79.3025,-79.3602,-79.4236,-79.4915,-79.5631,-79.6376,-79.7142,-79.7926,-79.8720,-79.9523,-80.0324,-80.0586,-79.9594,-79.7707,-79.5412,-79.3056,-79.0851,-78.8907,-78.7274,-78.5959,-78.4952,-78.4226,-78.3712,-78.3296,-78.2901,-78.2510,-78.2137,-78.1809,-78.1550,-78.1380,-78.1312,-78.1351,-78.1495,-78.1736,-78.2065,-78.2470,-78.2939,-78.3462,-78.4029,-78.4633,-78.5266,-78.5924,-78.6603,-78.7297,-78.8005,-78.8725,-78.9453,-79.0189,-79.0931,-79.1677,-79.2426,-79.3064,-79.2382,-79.0906,-78.9292,-78.7840,-78.6667,-78.5804,-78.5237,-78.4936,-78.4853,-78.4889,-78.4934,-78.4935,-78.4887,-78.4811,-78.4739,-78.4704,-78.4731,-78.4837,-78.5026,-78.5298,-78.5643,-78.6051,-78.6512,-78.7016,-78.7505,-78.7183,-78.6140,-78.4835,-78.3525,-78.2344,-78.1357,-78.0586,-78.0034,-77.9689,-77.9531,-77.9542,-77.9700,-77.9986,-78.0381,-78.0869,-78.1436,-78.2069,-78.2757,-78.3490,-78.4261,-78.5062,-78.5888,-78.6734,-78.7594,-78.8466,-78.9345,-79.0230,-79.1117,-79.2005,-79.2892,-79.3776,-79.4656,-79.5530,-79.6376,-79.7113,-79.7665,-79.8008,-79.8161,-79.8165,-79.8072,-79.7933,-79.7795,-79.7688,-79.7629,-79.7544,-79.6750,-79.5353,-79.3753,-79.2184,-79.0763,-78.9541,-78.8527,-78.7714,-78.7085,-78.6619,-78.6295,-78.6094,-78.5996,-78.5985,-78.6047,-78.6170,-78.6343,-78.6558,-78.6806,-78.7081,-78.7379,-78.7695,-78.8026,-78.8369,-78.8721,-78.9080,-78.9445,-78.9739,-78.9455,-78.7969,-78.5580,-78.2803,-78.0007,-77.7405,-77.5097,-77.3120,-77.1475,-77.0141,-76.9091,-76.8292,-76.7716,-76.7332,-76.7115,-76.7043,-76.7095,-76.7254,-76.7505,-76.7836,-76.8236,-76.8695,-76.9165,-76.8824,-76.7618,-76.6137,-76.4715,-76.3504,-76.2559,-76.1886,-76.1469,-76.1282,-76.1297,-76.1485,-76.1696,-76.0556,-75.8772,-75.7032,-75.5574,-75.4469,-75.3715,-75.3285,-75.3139,-75.3236,-75.3539,-75.4013,-75.4629,-75.5363,-75.6192,-75.7099,-75.8070,-75.9091,-76.0153,-76.1247,-76.2366,-76.3503,-76.4655,-76.5816,-76.6984,-76.8155,-76.9327,-77.0498,-77.1666,-77.2830,-77.3988,-77.5139,-77.6283,-77.7418,-77.8544,-77.9660,-78.0765,-78.1860,-78.2943,-78.4014,-78.5073,-78.6119,-78.7152,-78.8173,-78.9180,-79.0173,-79.1152,-79.2117,-79.3068,-79.4005,-79.4927,-79.5834,-79.6726,-79.7604,-79.8466,-79.9314,-80.0146,-80.0963,-80.1765,-80.2552,-80.3324,-80.4080,-80.4821,-80.5548,-80.6259,-80.6954,-80.7635,-80.8301,-80.8953,-80.9589,-81.0211,-81.0819,-81.1412,-81.1991,-81.2556,-81.3108,-81.3645,-81.4170,-81.4681,-81.5179,-81.5664,-81.6137,-81.6597,-81.7045,-81.7481,-81.7906,-81.8319,-81.8721,-81.9112,-81.9492,-81.9862,-82.0222,-82.0571,-82.0911,-82.1242,-82.1564,-82.1876,-82.2180,-82.2476,-82.2763,-82.3042,-82.3314,-82.3578,-82.3834,-82.4084,-82.4327,-82.4563,-82.4793,-82.5016,-82.5234,-82.5446,-82.5652,-82.5853,-82.6048,-82.6238,-82.6424,-82.6604,-82.6780,-82.6952,-82.7119,-82.7282,-82.7441,-82.7597,-82.7748,-82.7896,-82.8041,-82.8182,-82.8320,-82.8455,-82.8587,-82.8715,-82.8842,-82.8965,-82.9086,-82.9204,-82.9320,-82.9433,-82.9544,-82.9653,-82.9760,-82.9865,-82.9830,-82.8402,-82.6101,-82.3733,-82.1624,-81.9860,-81.8439,-81.7327,-81.6485,-81.5872,-81.5453,-81.5194,-81.5070,-81.5058,-81.5137,-81.5292,-81.5509,-81.5776,-81.6084,-81.6426,-81.6793,-81.7180,-81.7583,-81.7998,-81.8420,-81.8847,-81.9277,-81.9707,-82.0136,-82.0562,-82.0985,-82.1402,-82.1813,-82.2218,-82.2615,-82.3005,-82.3387,-82.3760,-82.4125,-82.4481,-82.4829,-82.5167,-82.5494,-82.5303,-82.4236,-82.2762,-82.1213,-81.9765,-81.8496,-81.7433,-81.6575,-81.5907,-81.5409,-81.5062,-81.4844,-81.4738,-81.4727,-81.4797,-81.4936,-81.5132,-81.5376,-81.5662,-81.5980,-81.6326,-81.6695,-81.7081,-81.7482,-81.7894,-81.8313,-81.8738,-81.9166,-81.9596,-82.0026,-82.0454,-82.0879,-82.1300,-82.1717,-82.2128,-82.2533,-82.2931,-82.3322,-82.3706,-82.4082,-82.4449,-82.4809,-82.5160,-82.5502,-82.5836,-82.6157,-82.5502,-82.3581,-82.1358,-81.9306,-81.7575,-81.6187,-81.5117,-81.4327,-81.3776,-81.3427,-81.3246,-81.3204,-81.3278,-81.3447,-81.3693,-81.4002,-81.4361,-81.4761,-81.5193,-81.5650,-81.6125,-81.6614,-81.7112,-81.7616,-81.7985,-81.7582,-81.6545,-81.5258,-81.3978,-81.2841,-81.1900,-81.1167,-81.0634,-81.0280,-81.0084,-81.0024,-81.0079,-81.0233,-81.0468,-81.0772,-81.1133,-81.1541,-81.1986,-81.2463,-81.2964,-81.3485,-81.4019,-81.4565,-81.5118,-81.5674,-81.6191,-81.6372,-81.6151,-81.5677,-81.5091,-81.4485,-81.3917,-81.3418,-81.3002,-81.2677,-81.2442,-81.2293,-81.2224,-81.2229,-81.2301,-81.2431,-81.2615,-81.2845,-81.3115,-81.3419,-81.3754,-81.4114,-81.4496,-81.4896,-81.5311,-81.5738,-81.6176,-81.6620,-81.7071,-81.7434,-81.6872,-81.5612,-81.4114,-81.2629,-81.1286,-81.0146,-80.9227,-80.8527,-80.8029,-80.7715,-80.7563,-80.7550,-80.7656,-80.7864,-80.8156,-80.8518,-80.8938,-80.9404,-80.9909,-81.0443,-81.1001,-81.1576,-81.2163,-81.2760,-81.3361,-81.3964,-81.4566,-81.5141,-81.5603,-81.5885,-81.5986,-81.5942,-81.5805,-81.5622,-81.5431,-81.5260,-81.5125,-81.5037,-81.5000,-81.5013,-81.5073,-81.5176,-81.5317,-81.5493,-81.5698,-81.5347,-81.4093,-81.2462,-81.0778,-80.9211,-80.7842,-80.6704,-80.5801,-80.5121,-80.4646,-80.4353,-80.4220,-80.4225,-80.4347,-80.4308,-80.3738,-80.2808,-80.1742,-80.0695,-79.9760,-79.8984,-79.8387,-79.7973,-79.7732,-79.7649,-79.7709,-79.7893,-79.8185,-79.8569,-79.9031,-79.9558,-80.0139,-80.0765,-80.1427,-80.2118,-80.2832,-80.2857,-80.1528,-79.9796,-79.8190,-79.6891,-79.5931,-79.5290,-79.4929,-79.4808,-79.4889,-79.5136,-79.5521,-79.6019,-79.6607,-79.7268,-79.7986,-79.8749,-79.9546,-80.0369,-80.1209,-80.2061,-80.2919,-80.3778,-80.4516,-80.4841,-80.4750,-80.4412,-80.3989,-80.3588,-80.3272,-80.3068,-80.2983,-80.3012,-80.3007,-80.2092,-80.0449,-79.8619,-79.6925,-79.5508,-79.4407,-79.3612,-79.3093,-79.2814,-79.2740,-79.2838,-79.3082,-79.3445,-79.3908,-79.4453,-79.5066,-79.5733,-79.6444,-79.7191,-79.7965,-79.8759,-79.9569,-80.0390,-80.1216,-80.1834,-80.1920,-80.1574,-80.0982,-80.0299,-79.9636,-79.9063,-79.8617,-79.8315,-79.8157,-79.8137,-79.8244,-79.8463,-79.8780,-79.9180,-79.9652,-80.0183,-80.0762,-80.1381,-80.2033,-80.2709,-80.3404,-80.4113,-80.4832,-80.5558,-80.6286,-80.7014,-80.7740,-80.8461,-80.9177,-80.9885,-81.0585,-81.1274,-81.1953,-81.2620,-81.3274,-81.3916,-81.4545,-81.5160,-81.5761,-81.6348,-81.6920,-81.7478,-81.8022,-81.8552,-81.9067,-81.9568,-82.0054,-82.0527,-82.0986,-82.1431,-82.1863,-82.2282,-82.2688,-82.3082,-82.3463,-82.3832,-82.4189,-82.4535,-82.4870,-82.5194,-82.5508,-82.5811,-82.6105,-82.6388,-82.6663,-82.6928,-82.7185,-82.7434,-82.7674,-82.7906,-82.8131,-82.8349,-82.8559,-82.8763,-82.8960,-82.9151,-82.9335,-82.9514,-82.9688,-82.9855,-83.0018,-83.0176,-83.0328,-83.0477,-83.0620,-83.0760,-83.0769,-82.9544,-82.7573,-82.5470,-82.3499,-82.1766,-82.0304,-81.9110,-81.8165,-81.7443,-81.6916,-81.6556,-81.6340,-81.6244,-81.6249,-81.6339,-81.6500,-81.6719,-81.6985,-81.7289,-81.7625,-81.7986,-81.8366,-81.8761,-81.9166,-81.9579,-81.9997,-82.0418,-82.0838,-82.1258,-82.1674,-82.2087,-82.2494,-82.2896,-82.3291,-82.3679,-82.4059,-82.4432,-82.4796,-82.5151,-82.5498,-82.5837,-82.6166,-82.6486,-82.6798,-82.7101,-82.7395,-82.7680,-82.7957,-82.8226,-82.8487,-82.8739,-82.8984,-82.9221,-82.9450,-82.9672,-82.9888,-83.0096,-83.0297,-83.0492,-83.0681,-83.0864,-83.1040,-83.1211,-83.1377,-83.1537,-83.1692,-83.1842,-83.1987,-83.2128,-83.2264,-83.2396,-83.2524,-83.2648,-83.2768,-83.2885,-83.2998,-83.3108,-83.3214,-83.3317,-83.3418,-83.3515,-83.3610,-83.3702,-83.3792,-83.3879,-83.3964,-83.4046,-83.4127,-83.4205,-83.4282,-83.4356,-83.4429,-83.4500,-83.4570,-83.4637,-83.4704,-83.4768,-83.4832,-83.4894,-83.4955,-83.5014,-83.5073,-83.5130,-83.5186,-83.5241,-83.5295,-83.5348,-83.5400,-83.5451,-83.5502,-83.5551,-83.5600,-83.5648,-83.5695,-83.5742,-83.5788,-83.5833,-83.5878,-83.5922,-83.5965,-83.6008,-83.6050,-83.6092,-83.6133,-83.6174,-83.6214,-83.6254,-83.6293,-83.6332,-83.6278,-83.5279,-83.3571,-83.1627,-82.9705,-82.7939,-82.6388,-82.5071,-82.3985,-82.3114,-82.2437,-82.1933,-82.1577,-82.1351,-82.1234,-82.1210,-82.1264,-82.1384,-82.1558,-82.1777,-82.2034,-82.2320,-82.2631,-82.2961,-82.3306,-82.3662,-82.4026,-82.4395,-82.4767,-82.5141,-82.5514,-82.5885,-82.6252,-82.6616,-82.6974,-82.7327,-82.7673,-82.8012,-82.8344,-82.8571,-82.7240,-82.5065,-82.2849,-82.0876,-81.9233,-81.7925,-81.6929,-81.6205,-81.5714,-81.5420,-81.5289,-81.5294,-81.5347,-81.5112,-81.4501,-81.3621,-81.2617,-81.1608,-81.0676,-80.9872,-80.9219,-80.8726,-80.8388,-80.8194,-80.8131,-80.8184,-80.8337,-80.8577,-80.8890,-80.9265,-80.9691,-81.0160,-81.0664,-81.1196,-81.1751,-81.2322,-81.2907,-81.3501,-81.4101,-81.4705,-81.5309,-81.5912,-81.6511,-81.7106,-81.7695,-81.8276,-81.8849,-81.9413,-81.9967,-82.0510,-82.1042,-82.1562,-82.2070,-82.2566,-82.3050,-82.3521,-82.3979,-82.4235,-82.3142,-82.1239,-81.9281,-81.7560,-81.6148,-81.5038,-81.4203,-81.3606,-81.3212,-81.2990,-81.2912,-81.2954,-81.3096,-81.3320,-81.3612,-81.3959,-81.4351,-81.4778,-81.5234,-81.5712,-81.6205,-81.6711,-81.7224,-81.7742,-81.8262,-81.8780,-81.9297,-81.9808,-82.0314,-82.0813,-82.1304,-82.1786,-82.2258,-82.2721,-82.3173,-82.3614,-82.4044,-82.4463,-82.4871,-82.5267,-82.5652,-82.6026,-82.6389,-82.6740,-82.7081,-82.7411,-82.7730,-82.8040,-82.8339,-82.8628,-82.8907,-82.9177,-82.9438,-82.9690,-82.9934,-83.0169,-83.0396,-83.0615,-83.0827,-83.1031,-83.1229,-83.1419,-83.1603,-83.1781,-83.1952,-83.2117,-83.2277,-83.2432,-83.2580,-83.2362,-83.1250,-82.9569,-82.7729,-82.5983,-82.4450,-82.3165,-82.2127,-82.1295,-82.0304,-81.8885,-81.7226,-81.5542,-81.3971,-81.2583,-81.1407,-81.0446,-80.9692,-80.9128,-80.8736,-80.8496,-80.8390,-80.8399,-80.8508,-80.8703,-80.8970,-80.9300,-80.9509,-80.8778,-80.7470,-80.5999,-80.4591,-80.3357,-80.2347,-80.1571,-80.1023,-80.0686,-80.0536,-80.0550,-80.0705,-80.0980,-80.1356,-80.1816,-80.2344,-80.2927,-80.3556,-80.4172,-80.4071,-80.3098,-80.1779,-80.0494,-79.9420,-79.8613,-79.8072,-79.7770,-79.7675,-79.7754,-79.7979,-79.8325,-79.8769,-79.9293,-79.9882,-80.0524,-80.1207,-80.1923,-80.2663,-80.3422,-80.4194,-80.4973,-80.5757,-80.6542,-80.7324,-80.8102,-80.8873,-80.9635,-81.0387,-81.1128,-81.1856,-81.2571,-81.3272,-81.3959,-81.4630,-81.5285,-81.5925,-81.6549,-81.7157,-81.7748,-81.8324,-81.8883,-81.9338,-81.9222,-81.8554,-81.7584,-81.6507,-81.5450,-81.4485,-81.3653,-81.2969,-81.2435,-81.2045,-81.1785,-81.1644,-81.1371,-81.0475,-80.9256,-80.7998,-80.6839,-80.5838,-80.5012,-80.4363,-80.3883,-80.3558,-80.3375,-80.3318,-80.3372,-80.3524,-80.3760,-80.4069,-80.4440,-80.4863,-80.5331,-80.5835,-80.6370,-80.6930,-80.7510,-80.8105,-80.8711,-80.9326,-80.9947,-81.0570,-81.1194,-81.1817,-81.2438,-81.3053,-81.3663,-81.4267,-81.4862,-81.5449,-81.6026,-81.6594,-81.7150,-81.7696,-81.8231,-81.8753,-81.9264,-81.9763,-82.0249,-82.0723,-82.1165,-82.1116,-82.0417,-81.9334,-81.8098,-81.6866,-81.5730,-81.4741,-81.3921,-81.3273,-81.2790,-81.2458,-81.2262,-81.2185,-81.2211,-81.2326,-81.2516,-81.2769,-81.3074,-81.3423,-81.3807,-81.4221,-81.4657,-81.4976,-81.4724,-81.3947,-81.2904,-81.1805,-81.0775,-80.9880,-80.9150,-80.8591,-80.8196,-80.7953,-80.7845,-80.7857,-80.7972,-80.8175,-80.8454,-80.8796,-80.9190,-80.9629,-81.0103,-81.0606,-81.1132,-81.1677,-81.2235,-81.2804,-81.3379,-81.3958,-81.4538,-81.5117,-81.5695,-81.6267,-81.6835,-81.7396,-81.7948,-81.8493,-81.9028,-81.9552,-82.0067,-82.0570,-82.1062,-82.1543,-82.2008,-82.2182,-82.1665,-82.0669,-81.9513,-81.8393,-81.7402,-81.6576,-81.5918,-81.5416,-81.5056,-81.4821,-81.4695,-81.4663,-81.4711,-81.4829,-81.5006,-81.5234,-81.5502,-81.5596,-81.5189,-81.4437,-81.3545,-81.2646,-81.1503,-80.9809,-80.7783,-80.5687,-80.3674,-80.1770,-79.9972,-79.8304,-79.6798,-79.5486,-79.4348,-79.2965,-79.1230,-78.9361,-78.7552,-78.5926,-78.4542,-78.3423,-78.2567,-78.1959,-78.1579,-78.1401,-78.1403,-78.1560,-78.1853,-78.2261,-78.2768,-78.3359,-78.4021,-78.4743,-78.5516,-78.6330,-78.7179,-78.8057,-78.8949,-78.8785,-78.6028,-78.2385,-77.8822,-77.5747,-77.3285,-77.1434,-77.0137,-76.9320,-76.8908,-76.8834,-76.9040,-76.9474,-77.0092,-77.0488,-77.0168,-76.9412,-76.8576,-76.7877,-76.7416,-76.7218,-76.7273,-76.7553,-76.8028,-76.8666,-76.9439,-77.0323,-77.1296,-77.2341,-77.3443,-77.4590,-77.5770,-77.6317,-77.5941,-77.5319,-77.4765,-77.4390,-77.4223,-77.4261,-77.4486,-77.4879,-77.5415,-77.6076,-77.6841,-77.7694,-77.8618,-77.9600,-78.0629,-78.1694,-78.2786,-78.3898,-78.5010,-78.5327,-78.4850,-78.4185,-78.3593,-78.3166,-78.2931,-78.2882,-78.3005,-78.3282,-78.3693,-78.4219,-78.4843,-78.5549,-78.6209,-78.6337,-78.5993,-78.5416,-78.4791,-78.4235,-78.3814,-78.3560,-78.3481,-78.3571,-78.3817,-78.4203,-78.4711,-78.5322,-78.6020,-78.6790,-78.7619,-78.8495,-78.9408,-79.0350,-79.1313,-79.2290,-79.3278,-79.4270,-79.5264,-79.6255,-79.7242,-79.8221,-79.9192,-80.0151,-80.1097,-80.2030,-80.2948,-80.3851,-80.4736,-80.5605,-80.6456,-80.7289,-80.8103,-80.8899,-80.9676,-81.0434,-81.1173,-81.1893,-81.2594,-81.3277,-81.3940,-81.4586,-81.5212,-81.5821,-81.6412,-81.6986,-81.7542,-81.8081,-81.8604,-81.9111,-81.9602,-82.0077,-82.0537,-82.0983,-82.1414,-82.1831,-82.2235,-82.2625,-82.3002,-82.3368,-82.3721,-82.4062,-82.4392,-82.4711,-82.4801,-82.4006,-82.2521,-82.0774,-81.9058,-81.7523,-81.6226,-81.5174,-81.4353,-81.3738,-81.3214,-81.2157,-81.0532,-80.8687,-80.6893,-80.5299,-80.3969,-80.2914,-80.2123,-80.1570,-80.1227,-80.1065,-80.1058,-80.1182,-80.1417,-80.1743,-80.2146,-80.2613,-80.3131,-80.3691,-80.4285,-80.4905,-80.5547,-80.6203,-80.6871,-80.7545,-80.8223,-80.8903,-80.9581,-81.0255,-81.0924,-81.1587,-81.2241,-81.2886,-81.3520,-81.4144,-81.4756,-81.5356,-81.5944,-81.6518,-81.7079,-81.7627,-81.8161,-81.8682,-81.9189,-81.9682,-82.0162,-82.0629,-82.1082,-82.1522,-82.1949,-82.2363,-82.2765,-82.3155,-82.3532,-82.3898,-82.4253,-82.4596,-82.4928,-82.5249,-82.5561,-82.5862,-82.6010,-82.4942,-82.1880,-81.8063,-81.4291,-81.0844,-80.7259,-80.3459,-79.9775,-79.6425,-79.3097,-78.9644,-78.6349,-78.3445,-78.1034,-77.9128,-77.7696,-77.6686,-77.6045,-77.5719,-77.5660,-77.5825,-77.6178,-77.6687,-77.7327,-77.8074,-77.8910,-77.9819,-78.0786,-78.1800,-78.2852,-78.3932,-78.5034,-78.6152,-78.7279,-78.8412,-78.9547,-79.0681,-79.1809,-79.2931,-79.4043,-79.5143,-79.6231,-79.7305,-79.8363,-79.9404,-80.0428,-80.1434,-80.2420,-80.3387,-80.4334,-80.5261,-80.6166,-80.7051,-80.7915,-80.8758,-80.9579,-81.0379,-81.1158,-81.1916,-81.2653,-81.3370,-81.4066,-81.4742,-81.5398,-81.6035,-81.6652,-81.7250,-81.7830,-81.8391,-81.8935,-81.9461,-81.9970,-82.0463,-82.0939,-82.1400,-82.1846,-82.2276,-82.2692,-82.3094,-82.3483,-82.3858,-82.4221,-82.4571,-82.4909,-82.5236,-82.5551,-82.5828,-82.5618,-82.4753,-82.3494,-82.2087,-82.0698,-81.9420,-81.7801,-81.5168,-81.2303,-80.9621,-80.7283,-80.5336,-80.3777,-80.2577,-80.1698,-80.1098,-80.0739,-80.0585,-80.0583,-79.9609,-79.7756,-79.5788,-79.4022,-79.2569,-79.1457,-79.0669,-79.0173,-78.9932,-78.9909,-79.0071,-79.0385,-79.0827,-79.1373,-79.2004,-79.2605,-79.2715,-79.2322,-79.1677,-79.0984,-79.0369,-78.9894,-78.9586,-78.9448,-78.9472,-78.9642,-78.9943,-79.0356,-79.0866,-79.1456,-79.2113,-79.2825,-79.3582,-79.4375,-79.5195,-79.6037,-79.6894,-79.7762,-79.8636,-79.9512,-80.0388,-80.1262,-80.2129,-80.2990,-80.3841,-80.4682,-80.5511,-80.6328,-80.7130,-80.7919,-80.8692,-80.9450,-81.0191,-81.0916,-81.1625,-81.2317,-81.2991,-81.3649,-81.4290,-81.4914,-81.5521,-81.6112,-81.6685,-81.7243,-81.7784,-81.8309,-81.8819,-81.9313,-81.9792,-82.0257,-82.0707,-82.1142,-82.1565,-82.1973,-82.2369,-82.2751,-82.3122,-82.3480,-82.3827,-82.4162,-82.4486,-82.4800,-82.5103,-82.5396,-82.5680,-82.5955,-82.6220,-82.6477,-82.6725,-82.6965,-82.7198,-82.7422,-82.7640,-82.7851,-82.8055,-82.8252,-82.8444,-82.8629,-82.8808,-82.8982,-82.9151,-82.9315,-82.9473,-82.9627,-82.9777,-82.9922,-83.0063,-83.0200,-83.0209,-82.9486,-82.7681,-82.5129,-82.2284,-81.9450,-81.6802,-81.4428,-81.2160,-80.9696,-80.6973,-80.3884,-80.0645,-79.7490,-79.4582,-79.2016,-78.9834,-78.8043,-78.6626,-78.5554,-78.4791,-78.4302,-78.4050,-78.4002,-78.4128,-78.4403,-78.4804,-78.5311,-78.5907,-78.6579,-78.7313,-78.8099,-78.8929,-78.9795,-79.0689,-79.1606,-79.2540,-79.3489,-79.4446,-79.5410,-79.6376,-79.7343,-79.8308,-79.9268,-80.0223,-80.1169,-80.2106,-80.3032,-80.3946,-80.4724,-80.4765,-80.4124,-80.3159,-80.2146,-80.1127,-79.9772,-79.8171,-79.6542,-79.5034,-79.3723,-79.2641,-79.1793,-79.1169,-79.0752,-79.0523,-79.0461,-79.0546,-79.0758,-79.1081,-79.1498,-79.1996,-79.2563,-79.3000,-79.2743,-79.1885,-78.9906,-78.7019,-78.3991,-78.1237,-77.8926,-77.7101,-77.5741,-77.4804,-77.4237,-77.3986,-77.4003,-77.4243,-77.4670,-77.5251,-77.5958,-77.6769,-77.7664,-77.8627,-77.9643,-78.0702,-78.1793,-78.2908,-78.4034,-78.4875,-78.5054,-78.4774,-78.4332,-78.3918,-78.3622,-78.3479,-78.3493,-78.3654,-78.3948,-78.4357,-78.4864,-78.5457,-78.6120,-78.6843,-78.7615,-78.8427,-78.9273,-79.0144,-79.1036,-79.1943,-79.2861,-79.3786,-79.4715,-79.5644,-79.6571,-79.7494,-79.8411,-79.9320,-80.0220,-80.1109,-80.1986,-80.2833,-80.3119,-80.2542,-80.1483,-80.0279,-79.8757,-79.6834,-79.4756,-79.2751,-79.0953,-78.9427,-78.8192,-78.7246,-78.6570,-78.6026,-78.5125,-78.3890,-78.2545,-78.1265,-78.0152,-77.9258,-77.8600,-77.8175,-77.7969,-77.7962,-77.8130,-77.8453,-77.8905,-77.9253,-77.9085,-77.8106,-77.5728,-77.2302,-76.8488,-76.4767,-76.1411,-75.8550,-75.6225,-75.4425,-75.3114,-75.2242,-75.1756,-75.1603,-75.1735,-75.2109,-75.2684,-75.3428,-75.4311,-75.5308,-75.6400,-75.7335,-75.7603,-75.7360,-75.6911,-75.6477,-75.6179,-75.6071,-75.6170,-75.6445,-75.6329,-75.5723,-75.4931,-75.4159,-75.3530,-75.3105,-75.2909,-75.2945,-75.3199,-75.3652,-75.4281,-75.5062,-75.5972,-75.6991,-75.8099,-75.9281,-76.0521,-76.1808,-76.3130,-76.4480,-76.5849,-76.7231,-76.8620,-77.0012,-77.1403,-77.2790,-77.4170,-77.5540,-77.6899,-77.8244,-77.9575,-78.0890,-78.2187,-78.3466,-78.4726,-78.5967,-78.7187,-78.8387,-78.9565,-79.0721,-79.1856,-79.2968,-79.4058,-79.5126,-79.6171,-79.7193,-79.8192,-79.9169,-80.0123,-80.1055,-80.1964,-80.2851,-80.3716,-80.4559,-80.5380,-80.6178,-80.6694,-80.6572,-80.5993,-80.5190,-80.4327,-80.3507,-80.2789,-80.2202,-80.1757,-80.1451,-80.1276,-80.1221,-80.1273,-80.1417,-80.1643,-80.1936,-80.2289,-80.2690,-80.3132,-80.3608,-80.4036,-80.3792,-80.2883,-80.1689,-80.0479,-79.9400,-79.8516,-79.7843,-79.7373,-79.7090,-79.6972,-79.6995,-79.7141,-79.7390,-79.7726,-79.8134,-79.8604,-79.9123,-79.9683,-80.0277,-80.0897,-80.1538,-80.2195,-80.2864,-80.3540,-80.4222,-80.4906,-80.5590,-80.6271,-80.6949,-80.7621,-80.8286,-80.8943,-80.9592,-81.0231,-81.0859,-81.1477,-81.2083,-81.2678,-81.3260,-81.3830,-81.4388,-81.4933,-81.5465,-81.5984,-81.6490,-81.6597,-81.5446,-81.3789,-81.2095,-81.0560,-80.9260,-80.8215,-80.7416,-80.6843,-80.6470,-80.6270,-80.6218,-80.6291,-80.6468,-80.6662,-80.6371,-80.5549,-80.4445,-80.3275,-80.2173,-80.1215,-80.0436,-79.9847,-79.9442,-79.9208,-79.9130,-79.9188,-79.9364,-79.9642,-80.0006,-80.0442,-80.0938,-80.1484,-80.2069,-80.2687,-80.3330,-80.3992,-80.4669,-80.5309,-80.5482,-80.5064,-80.4302,-80.3425,-80.2580,-80.1847,-80.1265,-80.0843,-80.0580,-80.0464,-80.0480,-80.0614,-80.0848,-80.1169,-80.1563,-80.2018,-80.2300,-80.1839,-80.0806,-79.9552,-79.8322,-79.7250,-79.6396,-79.5771,-79.5369,-79.5167,-79.5143,-79.5271,-79.5530,-79.5898,-79.6357,-79.6891,-79.7488,-79.8134,-79.8821,-79.9540,-80.0283,-80.1045,-80.1819,-80.2603,-80.3391,-80.4181,-80.4969,-80.5754,-80.6533,-80.7267,-80.7541,-80.7202,-80.6484,-80.5625,-80.4776,-80.4025,-80.3415,-80.2959,-80.2656,-80.2499,-80.2473,-80.2563,-80.2754,-80.3009,-80.2959,-80.2456,-80.1702,-80.0871,-79.9134,-79.6557,-79.3902,-79.1484,-78.9416,-78.7726,-78.6403,-78.5408,-78.4345,-78.2607,-78.0157,-77.7376,-77.4605,-77.2063,-76.9864,-76.8055,-76.6641,-76.5605,-76.4913,-76.4528,-76.4412,-76.4527,-76.4841,-76.5322,-76.5943,-76.6682,-76.7519,-76.8436,-76.9420,-77.0457,-77.1538,-77.2654,-77.3797,-77.4960,-77.6138,-77.7326,-77.8521,-77.9719,-78.0916,-78.2110,-78.3299,-78.4481,-78.5654,-78.6817,-78.7968,-78.9105,-79.0229,-79.0465,-78.9340,-78.7926,-78.6638,-78.5617,-78.4896,-78.4463,-78.4288,-78.4336,-78.4572,-78.4965,-78.5486,-78.6111,-78.6820,-78.7596,-78.8425,-78.9294,-79.0193,-79.0754,-78.9900,-78.8443,-78.7022,-78.5870,-78.5040,-78.4520,-78.4274,-78.4264,-78.4452,-78.4805,-78.5293,-78.5891,-78.6579,-78.7338,-78.8152,-78.9011,-78.9902,-79.0817,-79.1749,-79.2692,-79.3640,-79.4589,-79.5534,-79.5313,-79.3925,-79.2346,-79.0934,-78.9808,-78.8992,-78.8467,-78.8203,-78.8162,-78.8309,-78.8612,-78.9044,-78.9580,-79.0200,-79.0887,-79.1628,-79.2409,-79.3221,-79.4055,-79.4905,-79.5765,-79.6630,-79.7496,-79.8359,-79.9218,-80.0068,-80.0910,-80.1741,-80.2559,-80.3364,-80.4156,-80.4932,-80.5693,-80.6438,-80.7167,-80.7880,-80.8577,-80.9257,-80.9921,-81.0568,-81.1199,-81.1814,-81.2413,-81.2996,-81.3563,-81.4115,-81.4651,-81.5173,-81.5680,-81.6172,-81.6651,-81.7115,-81.7566,-81.8004,-81.8429,-81.8842,-81.9242,-81.9631,-82.0008,-82.0374,-82.0728,-82.1072,-82.1406,-82.1730,-82.2044,-82.2349,-82.2645,-82.2931,-82.3210,-82.3480,-82.3742,-82.3996,-82.4243,-82.4482,-82.4715,-82.4941,-82.5161,-82.5374,-82.5581,-82.5782,-82.5978,-82.6168,-82.6354,-82.6534,-82.6709,-82.6880,-82.7046,-82.7207,-82.7365,-82.7518,-82.7668,-82.7814,-82.7957,-82.8095,-82.8231,-82.8363,-82.8493,-82.8619,-82.8743,-82.8863,-82.8981,-82.9097,-82.9210,-82.9321,-82.9429,-82.9536,-82.9640,-82.9742,-82.9842,-82.9940,-83.0037,-83.0131,-83.0224,-83.0316,-83.0406,-83.0494,-83.0581,-83.0666,-83.0750,-83.0833,-83.0914,-83.0994,-83.1073,-83.1151,-83.1117,-83.0415,-82.9046,-82.7360,-82.5638,-82.4039,-82.2351,-81.9888,-81.7118,-81.4412,-81.1955,-80.9827,-80.8049,-80.6613,-80.5492,-80.4653,-80.4064,-80.3691,-80.3502,-80.3472,-80.3538,-80.3292,-80.2558,-80.1548,-80.0472,-79.9466,-79.8600,-79.7905,-79.7390,-79.7048,-79.6868,-79.6835,-79.6930,-79.7138,-79.7444,-79.7833,-79.8293,-79.8813,-79.9382,-79.9993,-80.0638,-80.1310,-80.2004,-80.2714,-80.3437,-80.4169,-80.4906,-80.5645,-80.6384,-80.7121,-80.7854,-80.8581,-80.9301,-81.0012,-81.0714,-81.1405,-81.2084,-81.2752,-81.3405,-81.3889,-81.3937,-81.3628,-81.3126,-81.2552,-81.1984,-81.1469,-81.1030,-81.0679,-81.0417,-81.0244,-81.0153,-81.0139,-81.0195,-81.0312,-81.0485,-81.0705,-81.0968,-81.1266,-81.1596,-81.1953,-81.2332,-81.2729,-81.3143,-81.3569,-81.4005,-81.4449,-81.4900,-81.5354,-81.5811,-81.6269,-81.6727,-81.7184,-81.7638,-81.8090,-81.8537,-81.8980,-81.9417,-81.9849,-82.0274,-82.0692,-82.1104,-82.1507,-82.1903,-82.2291,-82.2671,-82.3042,-82.3405,-82.3710,-82.3141,-82.1809,-82.0199,-81.8581,-81.7094,-81.5803,-81.4731,-81.3877,-81.3228,-81.2763,-81.2461,-81.2301,-81.2262,-81.2326,-81.2476,-81.2698,-81.2981,-81.3312,-81.3684,-81.4087,-81.4516,-81.4966,-81.5430,-81.5905,-81.6173,-81.5552,-81.4379,-81.3046,-81.1770,-81.0655,-80.9739,-80.9030,-80.8514,-80.8139,-80.7263,-80.5827,-80.4226,-80.2699,-80.1363,-80.0264,-79.9410,-79.8788,-79.8376,-79.8152,-79.8090,-79.8169,-79.8367,-79.8668,-79.9055,-79.9515,-80.0035,-80.0605,-80.1216,-80.1861,-80.2533,-80.3225,-80.3934,-80.4654,-80.5382,-80.6114,-80.6849,-80.7583,-80.8313,-80.9040,-80.9760,-81.0472,-81.1176,-81.1869,-81.2552,-81.3223,-81.3882,-81.4529,-81.5162,-81.5781,-81.6387,-81.6979,-81.7556,-81.8119,-81.8668,-81.9202,-81.9351,-81.8019,-81.6054,-81.4121,-81.2464,-81.1138,-81.0132,-80.9411,-80.8934,-80.8664,-80.8567,-80.8612,-80.8775,-80.9034,-80.9371,-80.9771,-81.0221,-81.0711,-81.1232,-81.1776,-81.2338,-81.2911,-81.3435,-81.3344,-81.2694,-81.1839,-81.0976,-81.0196,-80.9537,-80.9012,-80.8621,-80.8357,-80.8211,-80.8172,-80.8227,-80.8365,-80.8576,-80.8850,-80.9177,-80.9550,-80.9960,-81.0402,-81.0871,-81.1360,-81.1866,-81.2385,-81.2914,-81.3448,-81.3812,-81.3747,-81.3342,-81.2755,-81.2109,-81.1479,-81.0911,-81.0428,-81.0041,-80.9753,-80.9560,-80.9458,-80.9438,-80.9494,-80.9617,-80.9800,-81.0035,-81.0152,-80.9707,-80.8811,-80.7704,-80.6561,-80.5492,-80.4557,-80.3786,-80.3187,-80.2758,-80.2486,-80.2358,-80.2357,-80.2468,-80.2676,-80.2967,-80.3328,-80.3749,-80.4220,-80.4732,-80.5278,-80.5853,-80.6450,-80.7064,-80.7692,-80.8329,-80.8973,-80.9621,-81.0270,-81.0918,-81.1563,-81.2204,-81.2840,-81.3468,-81.4088,-81.4700,-81.5302,-81.5893,-81.6473,-81.7042,-81.7599,-81.8144,-81.8676,-81.9196,-81.9703,-82.0197,-82.0678,-82.1147,-82.1603,-82.2046,-82.2476,-82.2894,-82.3300,-82.3694,-82.4076,-82.4446,-82.4805,-82.5152,-82.5489,-82.5815,-82.6131,-82.6436,-82.6732,-82.7018,-82.7295,-82.7562,-82.7362,-82.6282,-82.4780,-82.3197,-82.1713,-82.0409,-81.9314,-81.8425,-81.7730,-81.7209,-81.6840,-81.6603,-81.6479,-81.6453,-81.6509,-81.6635,-81.6819,-81.7053,-81.7328,-81.7637,-81.7974,-81.8333,-81.8711,-81.9103,-81.9507,-81.9918,-82.0333,-82.0426,-81.9671,-81.8323,-81.6776,-81.5282,-81.3965,-81.2866,-81.1991,-81.1324,-81.0842,-81.0522,-81.0341,-81.0279,-81.0318,-81.0442,-81.0638,-81.0894,-81.1202,-81.1551,-81.1937,-81.2350,-81.2788,-81.3244,-81.3687,-81.3636,-81.2970,-81.1950,-81.0802,-80.9675,-80.8656,-80.7792,-80.7102,-80.6586,-80.6237,-80.6040,-80.5978,-80.6035,-80.6194,-80.6440,-80.6759,-80.7140,-80.7572,-80.8046,-80.8553,-80.9087,-80.9642,-81.0214,-81.0796,-81.1387,-81.1983,-81.2581,-81.3178,-81.3774,-81.4365,-81.4951,-81.5530,-81.5732,-81.5025,-81.3840,-81.2534,-81.1301,-81.0231,-80.9356,-80.8681,-80.8192,-80.7872,-80.7700,-80.7656,-80.7722,-80.7882,-80.8120,-80.8425,-80.8785,-80.9191,-80.9635,-81.0109,-81.0608,-81.1125,-81.1658,-81.2201,-81.2752,-81.3307,-81.3864,-81.4421,-81.4976,-81.5528,-81.6075,-81.6616,-81.7150,-81.7676,-81.8193,-81.8701,-81.9200,-81.9543,-81.8816,-81.7466,-81.5948,-81.4485,-81.3185,-81.2094,-81.1224,-81.0566,-81.0105,-80.9818,-80.9685,-80.9683,-80.9792,-80.9995,-81.0275,-81.0620,-81.1017,-81.1457,-81.1930,-81.2429,-81.2949,-81.3484,-81.4029,-81.4581,-81.5136,-81.5693,-81.6248,-81.6799,-81.7346,-81.7887,-81.8420,-81.8944,-81.9460,-81.9966,-82.0461,-82.0946,-82.1420,-82.1882,-82.2333,-82.2772,-82.3200,-82.3616,-82.4021,-82.4414,-82.4796,-82.5166,-82.5525,-82.5873,-82.6211,-82.6538,-82.6855,-82.7162,-82.7458,-82.7746,-82.8024,-82.8292,-82.8552,-82.8804,-82.9047,-82.9282,-82.9509,-82.9729,-82.9942,-83.0140,-82.9635,-82.8246,-82.6501,-82.4710,-82.3034,-82.1463,-81.9557,-81.7324,-81.4983,-81.2710,-81.0623,-80.8785,-80.7222,-80.5935,-80.4913,-80.4132,-80.3570,-80.3200,-80.2997,-80.2939,-80.3004,-80.3174,-80.3432,-80.3766,-80.4161,-80.4608,-80.5098,-80.5623,-80.6176,-80.6751,-80.7344,-80.7951,-80.8566,-80.9189,-80.9814,-81.0441,-81.1067,-81.1690,-81.2309,-81.2923,-81.3529,-81.4127,-81.4717,-81.5297,-81.5868,-81.6427,-81.6975,-81.7512,-81.8037,-81.8551,-81.9052,-81.9541,-82.0017,-82.0482,-82.0934,-82.1374,-82.1801,-82.2217,-82.2621,-82.3013,-82.3394,-82.3763,-82.4122,-82.4469,-82.4806,-82.5133,-82.5449,-82.5755,-82.6052,-82.6340,-82.6618,-82.6888,-82.7149,-82.7401,-82.7646,-82.7883,-82.8112,-82.8192,-82.7627,-82.6511,-82.5104,-82.3607,-82.2149,-82.0807,-81.9623,-81.8611,-81.7773,-81.7101,-81.6580,-81.6196,-81.5934,-81.5776,-81.5711,-81.5724,-81.5804,-81.5942,-81.6128,-81.6355,-81.6617,-81.6907,-81.7221,-81.7554,-81.7903,-81.8265,-81.8636,-81.9014,-81.9397,-81.9783,-82.0171,-82.0559,-82.0946,-82.1330,-82.1712,-82.2089,-82.2462,-82.2829,-82.3191,-82.3546,-82.3895,-82.3146,-82.0956,-81.8585,-81.6460,-81.4708,-81.3340,-81.2325,-81.1616,-81.1165,-81.0928,-81.0539,-80.9392,-80.7880,-80.6344,-80.4966,-80.3821,-80.2931,-80.2285,-80.1865,-80.1642,-80.1590,-80.1685,-80.1903,-80.2225,-80.2634,-80.3113,-80.3651,-80.4236,-80.4859,-80.5357,-80.4488,-80.1527,-79.6577,-79.0977,-78.5733,-78.1223,-77.7530,-77.4619,-77.2412,-77.0819,-76.9752,-76.9130,-76.8880,-76.8942,-76.9259,-76.9789,-77.0490,-77.1084,-77.0570,-76.9605,-76.8667,-76.7934,-76.7466,-76.7268,-76.7326,-76.7613,-76.8102,-76.8762,-76.9568,-77.0493,-77.1516,-77.2618,-77.3782,-77.4995,-77.6244,-77.7518,-77.8810,-77.9931,-78.0281,-78.0049,-77.9592,-77.9144,-77.8825,-77.8684,-77.8731,-77.8956,-77.9341,-77.8658,-77.6620,-77.3793,-77.0757,-76.7896,-76.5412,-76.3385,-76.1831,-76.0659,-75.9404,-75.7959,-75.6510,-75.5224,-75.4193,-75.3345,-75.2249,-75.0916,-74.9518,-74.8175,-74.6511,-74.4488,-74.2391,-74.0439,-73.8759,-73.7415,-73.6427,-73.5784,-73.5464,-73.5433,-73.5657,-73.6100,-73.6731,-73.7520,-73.8441,-73.9470,-74.0590,-74.1783,-74.3036,-74.4337,-74.5675,-74.7043,-74.8434,-74.9842,-75.1261,-75.2688,-75.4109,-75.4622,-75.4202,-75.3542,-75.2938,-75.2505,-75.2284,-75.2280,-75.2483,-75.2873,-75.3429,-75.4129,-75.4952,-75.5877,-75.6889,-75.7970,-75.9109,-76.0292,-76.1511,-76.2757,-76.4022,-76.5301,-76.6588,-76.7879,-76.9170,-76.9682,-76.9169,-76.8360,-76.7580,-76.6958,-76.6540,-76.6335,-76.6335,-76.6522,-76.6875,-76.7373,-76.7994,-76.8719,-76.9532,-77.0415,-77.1357,-77.2345,-77.3369,-77.4421,-77.5493,-77.6580,-77.7676,-77.8777,-77.9879,-78.0978,-78.2073,-78.3161,-78.4239,-78.5308,-78.6364,-78.7406,-78.8435,-78.9449,-79.0447,-79.1430,-79.2395,-79.3344,-79.4275,-79.5189,-79.6086,-79.6964,-79.7825,-79.8667,-79.9492,-80.0299,-80.1088,-80.1860,-80.2614,-80.3350,-80.4070,-80.4772,-80.5457,-80.6126,-80.6778,-80.7414,-80.8033,-80.8638,-80.9226,-80.9800,-81.0359,-81.0903,-81.1433,-81.1949,-81.2451,-81.2940,-81.3416,-81.3878,-81.4329,-81.4767,-81.5194,-81.5609,-81.6012,-81.6405,-81.6787,-81.7158,-81.7520,-81.7872,-81.8214,-81.8547,-81.8871,-81.9137,-81.8640,-81.7402,-81.5876,-81.4338,-81.2930,-81.1711,-81.0699,-80.9886,-80.9259,-80.8796,-80.8478,-80.8285,-80.8201,-80.8208,-80.8294,-80.8446,-80.8655,-80.8867,-80.8525,-80.7639,-80.6559,-80.5489,-80.4102,-80.1879,-79.9349,-79.6864,-79.4603,-79.2648,-79.1025,-78.9730,-78.8742,-78.8032,-78.7569,-78.7321,-78.7260,-78.7358,-78.7591,-78.7939,-78.8382,-78.8906,-78.9496,-79.0140,-79.0829,-79.1554,-79.2307,-79.3083,-79.3875,-79.4680,-79.5493,-79.6311,-79.7131,-79.7950,-79.8767,-79.9579,-80.0385,-80.1183,-80.1972,-80.2752,-80.3520,-80.4278,-80.5023,-80.5755,-80.6474,-80.7179,-80.7870,-80.8547,-80.9210,-80.9858,-81.0492,-81.1111,-81.1715,-81.2305,-81.2880,-81.3440,-81.3986,-81.4518,-81.5036,-81.5540,-81.6031,-81.6508,-81.6813,-81.6476,-81.5616,-81.4486,-81.3277,-81.2114,-81.1068,-81.0176,-80.9451,-80.8892,-80.8488,-80.8227,-80.8091,-80.8066,-80.8135,-80.8286,-80.8505,-80.8783,-80.9108,-80.9474,-80.9872,-81.0298,-81.0745,-81.1209,-81.1686,-81.2173,-81.2667,-81.3165,-81.3666,-81.4167,-81.4667,-81.5164,-81.5658,-81.6146,-81.6629,-81.7105,-81.7574,-81.8036,-81.8489,-81.8933,-81.9369,-81.9796,-82.0213,-82.0621,-82.1019,-82.1407,-82.1786,-82.2155,-82.2515,-82.2865,-82.3206,-82.3538,-82.3860,-82.4173,-82.4478,-82.4773,-82.5061,-82.5340,-82.5610,-82.5873,-82.6128,-82.6376,-82.6616,-82.6849,-82.7075,-82.7295,-82.7507,-82.7714,-82.7915,-82.8109,-82.8298,-82.8481,-82.8659,-82.8832,-82.9000,-82.9163,-82.9321,-82.9475,-82.9625,-82.9441,-82.7695,-82.5332,-82.2981,-82.0893,-81.9147,-81.7744,-81.6658,-81.5846,-81.5269,-81.4889,-81.4672,-81.4590,-81.4619,-81.4739,-81.4932,-81.5186,-81.5488,-81.5828,-81.6200,-81.6595,-81.7009,-81.7437,-81.7874,-81.8317,-81.8764,-81.9212,-81.9211,-81.7693,-81.5647,-81.3639,-81.1890,-81.0471,-80.9383,-80.8595,-80.8070,-80.7733,-80.6503,-80.4565,-80.2584,-80.0819,-79.9357,-79.8215,-79.7377,-79.6815,-79.6498,-79.6391,-79.6464,-79.6689,-79.7041,-79.7498,-79.8040,-79.8652,-79.9319,-80.0030,-80.0775,-80.1546,-80.2335,-80.3136,-80.3945,-80.4757,-80.5569,-80.6377,-80.7180,-80.7975,-80.8759,-80.9533,-81.0294,-81.1042,-81.1776,-81.2494,-81.3197,-81.3885,-81.4556,-81.5210,-81.5848,-81.6470,-81.7075,-81.7663,-81.8235,-81.8790,-81.9329,-81.9852,-82.0360,-82.0852,-82.1329,-82.1790,-82.2237,-82.2670,-82.3089,-82.3494,-82.3886,-82.4265,-82.4632,-82.4986,-82.5328,-82.5659,-82.5978,-82.6287,-82.6585,-82.6873,-82.7152,-82.7420,-82.7680,-82.7931,-82.8173,-82.8407,-82.8577,-82.8266,-82.7374,-82.6146,-82.4803,-82.3483,-82.2263,-82.1179,-82.0246,-81.9464,-81.8826,-81.8321,-81.7936,-81.7658,-81.7475,-81.7375,-81.7348,-81.7385,-81.7475,-81.7613,-81.7788,-81.7759,-81.7183,-81.6178,-81.4964,-81.3705,-81.2505,-81.1419,-81.0476,-80.9686,-80.9047,-80.8552,-80.8190,-80.7949,-80.7817,-80.7781,-80.7831,-80.7956,-80.8146,-80.8391,-80.8363,-80.7532,-80.6142,-80.4580,-80.3092,-80.1799,-80.0743,-79.9924,-79.9326,-79.8925,-79.8697,-79.8618,-79.8664,-79.8819,-79.9065,-79.9389,-79.9778,-80.0221,-80.0710,-80.1237,-80.1795,-80.2379,-80.2983,-80.3602,-80.4234,-80.4874,-80.5519,-80.6168,-80.6817,-80.7465,-80.8110,-80.8751,-80.9386,-81.0013,-81.0633,-81.1245,-81.1847,-81.2438,-81.3020,-81.3590,-81.4149,-81.4696,-81.5232,-81.5756,-81.6267,-81.6767,-81.7255,-81.7730,-81.8193,-81.8645,-81.9084,-81.9512,-81.9929,-82.0334,-82.0727,-82.1110,-82.1482,-82.1843,-82.2194,-82.2535,-82.2866,-82.3187,-82.3499,-82.3802,-82.4096,-82.4381,-82.4658,-82.4927,-82.5187,-82.5440,-82.5686,-82.5924,-82.6156,-82.6380,-82.6598,-82.6810,-82.7016,-82.7216,-82.7410,-82.7598,-82.7782,-82.7960,-82.8133,-82.8301,-82.8465,-82.8625,-82.8780,-82.8931,-82.9078,-82.9221,-82.9361,-82.9497,-82.9630,-82.9759,-82.9885,-83.0008,-83.0129,-83.0246,-83.0361,-83.0473,-83.0583,-83.0690,-83.0795,-83.0897,-83.0998,-83.1096,-83.1192,-83.1287,-83.1376,-83.1312,-83.0813,-82.9910,-82.8786,-82.7602,-82.6464,-82.5433,-82.4534,-82.3773,-82.3146,-82.2643,-82.2251,-82.1956,-82.1747,-82.1612,-82.1542,-82.1528,-82.1563,-82.1640,-82.1754,-82.1899,-82.2072,-82.2269,-82.2486,-82.2721,-82.2971,-82.3233,-82.3505,-82.3786,-82.4073,-82.4365,-82.4661,-82.4960,-82.5260,-82.5560,-82.5859,-82.6157,-82.6453,-82.6746,-82.7035,-82.7321,-82.7602,-82.7878,-82.8149,-82.8415,-82.8676,-82.8931,-82.9180,-82.9423,-82.9660,-82.9880,-82.9881,-82.9425,-82.8590,-82.7559,-82.6090,-82.3414,-82.0357,-81.7417,-81.4799,-81.2572,-81.0740,-80.9281,-80.8158,-80.7329,-80.6755,-80.6400,-80.6229,-80.6216,-80.6334,-80.6563,-80.6883,-80.7280,-80.7740,-80.8252,-80.8806,-80.9394,-81.0008,-81.0644,-81.1295,-81.1958,-81.2627,-81.3301,-81.3976,-81.4650,-81.5321,-81.5986,-81.6644,-81.7294,-81.7934,-81.8564,-81.9183,-81.9790,-82.0383,-82.0964,-82.1531,-82.2085,-82.2624,-82.3149,-82.3659,-82.4155,-82.4637,-82.5105,-82.5558,-82.5997,-82.6422,-82.6834,-82.7232,-82.7617,-82.7989,-82.8348,-82.8695,-82.9027,-82.8837,-82.7770,-82.6298,-82.4754,-82.3313,-82.2053,-82.1000,-82.0152,-81.9494,-81.9006,-81.8668,-81.8459,-81.8362,-81.8358,-81.8435,-81.8579,-81.8780,-81.8964,-81.8662,-81.7840,-81.6741,-81.5563,-81.4434,-81.3428,-81.2580,-81.1894,-81.1078,-80.9904,-80.8538,-80.7149,-80.5853,-80.4715,-80.3766,-80.3014,-80.2455,-80.2073,-80.1850,-80.1768,-80.1808,-80.1953,-80.2130,-80.2106,-80.1780,-80.1222,-80.0551,-79.9872,-79.9258,-79.8755,-79.8384,-79.8151,-79.8052,-79.8079,-79.8218,-79.8459,-79.8788,-79.9192,-79.9663,-80.0188,-80.0762,-80.1374,-80.2020,-80.2692,-80.3386,-80.4098,-80.4824,-80.5559,-80.6300,-80.7046,-80.7794,-80.8540,-80.9284,-80.9967,-80.9382,-80.7892,-80.6214,-80.4679,-80.3416,-80.2462,-80.1806,-80.1416,-80.1258,-80.1294,-80.1491,-80.1821,-80.2257,-80.2779,-80.3369,-80.4013,-80.4698,-80.5414,-80.6153,-80.6907,-80.7671,-80.8440,-80.9210,-80.9973,-81.0475,-81.0361,-80.9779,-80.8975,-80.8124,-80.7331,-80.6649,-80.6103,-80.5699,-80.5433,-80.5295,-80.4913,-80.2639,-79.9448,-79.6058,-79.2856,-79.0036,-78.7677,-78.5792,-78.4355,-78.3324,-78.2650,-78.2283,-78.2176,-78.2286,-78.2578,-78.3020,-78.3585,-78.4252,-78.5000,-78.5815,-78.6684,-78.7595,-78.8540,-78.9511,-79.0501,-79.1505,-79.2517,-79.3535,-79.4554,-79.5571,-79.6585,-79.7591,-79.8590,-79.9579,-80.0556,-80.1521,-80.2472,-80.3408,-80.4329,-80.5234,-80.6121,-80.6992,-80.7845,-80.8679,-80.9496,-81.0293,-81.1072,-81.1832,-81.2574,-81.3296,-81.4000,-81.4685,-81.5351,-81.5999,-81.6628,-81.7240,-81.7833,-81.8409,-81.8968,-81.9510,-82.0035,-82.0544,-82.1037,-82.1514,-82.1976,-82.2422,-82.2855,-82.3273,-82.3677,-82.4068,-82.4446,-82.4812,-82.5165,-82.5506,-82.5836,-82.6154,-82.6462,-82.6759,-82.7046,-82.7324,-82.7592,-82.7727,-82.7267,-82.6285,-82.5031,-82.3695,-82.2397,-82.1206,-82.0158,-81.9268,-81.8535,-81.7952,-81.7507,-81.7186,-81.6975,-81.6860,-81.6828,-81.6869,-81.6971,-81.7126,-81.7326,-81.7564,-81.7833,-81.8129,-81.8447,-81.8783,-81.9133,-81.9494,-81.9865,-82.0241,-82.0622,-82.1006,-82.1390,-82.1775,-82.2157,-82.2537,-82.2914,-82.3286,-82.3653,-82.4014,-82.4370,-82.4719,-82.5061,-82.5396,-82.5724,-82.6045,-82.6358,-82.6663,-82.6960,-82.7250,-82.7532,-82.7806,-82.8073,-82.8332,-82.8584,-82.8829,-82.9066,-82.9297,-82.9520,-82.9737,-82.9947,-83.0151,-83.0348,-83.0540,-83.0726,-83.0905,-83.1080,-83.1249,-83.1412,-83.1571,-83.1725,-83.1874,-83.2018,-83.2159,-83.2294,-83.2426,-83.2533,-83.2418,-83.1968,-83.1261,-83.0409,-82.9503,-82.8609,-82.7767,-82.7001,-82.6325,-82.5741,-82.5249,-82.4843,-82.4518,-82.4267,-82.4081,-82.3955,-82.3881,-82.3853,-82.3867,-82.3917,-82.3999,-82.4108,-82.4243,-82.4399,-82.4574,-82.4766,-82.4971,-82.5190,-82.5418,-82.5656,-82.5901,-82.6152,-82.6408,-82.6668,-82.6931,-82.7195,-82.7459,-82.7692,-82.7807,-82.7749,-82.7529,-82.7189,-82.6658,-82.5513,-82.3859,-82.1972,-82.0056,-81.8241,-81.6599,-81.5164,-81.3948,-81.2946,-81.2145,-81.1527,-81.1075,-81.0768,-81.0589,-81.0523,-81.0554,-81.0668,-81.0856,-81.1106,-81.1409,-81.1758,-81.2147,-81.2568,-81.3018,-81.3490,-81.3982,-81.4489,-81.5008,-81.5537,-81.6073,-81.6614,-81.7157,-81.7701,-81.8244,-81.8785,-81.9322,-81.9854,-82.0381,-82.0900,-82.1413,-82.1916,-82.2411,-82.2897,-82.3372,-82.3838,-82.4292,-82.4736,-82.5169,-82.5591,-82.6002,-82.6401,-82.6789,-82.7166,-82.7532,-82.7886,-82.8230,-82.8563,-82.8885,-82.9197,-82.9499,-82.9791,-83.0073,-83.0345,-83.0609,-83.0837,-83.0378,-82.9140,-82.7594,-82.6033,-82.4605,-82.3374,-82.2356,-82.1542,-82.0917,-82.0459,-82.0146,-81.9958,-81.9876,-81.9886,-81.9972,-82.0122,-82.0327,-82.0576,-82.0863,-82.1180,-82.1522,-82.1884,-82.2262,-82.2652,-82.3050,-82.3454,-82.3862,-82.4272,-82.4681,-82.5089,-82.5494,-82.5895,-82.6290,-82.6680,-82.7063,-82.7437,-82.7769,-82.7973,-82.8000,-82.7860,-82.7591,-82.7242,-82.6854,-82.6461,-82.6086,-82.5745,-82.5447,-82.5196,-82.4992,-82.4832,-82.4715,-82.4637,-82.4594,-82.4583,-82.4600,-82.4643,-82.4709,-82.4797,-82.4904,-82.5028,-82.5167,-82.5322,-82.5489,-82.5668,-82.5858,-82.6058,-82.6266,-82.6482,-82.6704,-82.6932,-82.7166,-82.7403,-82.7644,-82.7888,-82.8134,-82.8381,-82.8629,-82.8878,-82.9126,-82.9373,-82.9620,-82.9864,-83.0107,-83.0347,-83.0585,-83.0819,-83.1050,-83.1278,-83.1501,-83.1721,-83.1937,-83.2148,-83.2354,-83.2556,-83.2754,-83.2947,-83.3135,-83.3318,-83.3496,-83.3670,-83.3839,-83.4003,-83.4163,-83.4318,-83.4468,-83.4614,-83.4756,-83.4893,-83.5026,-83.5155,-83.5280,-83.5402,-83.5519,-83.5633,-83.5743,-83.5849,-83.5953,-83.6053,-83.6150,-83.6244,-83.6335,-83.6423,-83.6508,-83.6591,-83.6671,-83.6749,-83.6825,-83.6898,-83.6969,-83.7038,-83.7105,-83.7170,-83.7233,-83.7295,-83.7355,-83.7413,-83.7469,-83.7524,-83.7578,-83.7630,-83.7681,-83.7681,-83.6917,-83.5419,-83.3652,-83.1894,-83.0285,-82.8883,-82.7700,-82.6730,-82.5953,-82.5348,-82.4894,-82.4570,-82.4358,-82.4241,-82.4205,-82.4239,-82.4332,-82.4473,-82.4656,-82.4874,-82.5121,-82.5391,-82.5681,-82.5986,-82.6303,-82.6629,-82.6962,-82.7300,-82.7640,-82.7981,-82.8322,-82.8661,-82.8998,-82.9331,-82.9659,-82.9983,-83.0301,-83.0612,-83.0918,-83.1216,-83.1508,-83.1792,-83.2069,-83.2338,-83.2600,-83.2855,-83.3101,-83.3341,-83.3573,-83.3797,-83.4014,-83.4225,-83.4428,-83.4624,-83.4814,-83.4997,-83.5173,-83.5344,-83.5508,-83.5667,-83.5819,-83.5967,-83.6109,-83.6245,-83.6377,-83.6504,-83.6627,-83.6745,-83.6858,-83.6968,-83.7073,-83.7175,-83.7273,-83.7367,-83.7458,-83.7546,-83.7630,-83.7712,-83.7791,-83.7867,-83.7940,-83.8011,-83.8080,-83.8146,-83.8210,-83.8271,-83.8331,-83.8389,-83.8445,-83.8499,-83.8552,-83.8603,-83.8652,-83.8700,-83.8747,-83.8792,-83.8836,-83.8879,-83.8920,-83.8961,-83.9000,-83.9038,-83.9076,-83.9112,-83.9147,-83.9182,-83.9216,-83.9249,-83.9281,-83.9313,-83.9344,-83.9374,-83.9404,-83.9433,-83.9461,-83.9489,-83.9517,-83.9544,-83.9570,-83.9596,-83.9622,-83.9647,-83.9672,-83.9696,-83.9720,-83.9743,-83.9767,-83.9790,-83.9812,-83.9834,-83.9856,-83.9878,-83.9900,-83.9921,-83.9942,-83.9962,-83.9983,-84.0003,-83.9909,-83.9389,-83.8437,-83.7195,-83.5819,-83.4430,-83.3110,-83.1791,-82.9244,-82.6045,-82.2881,-82.0052,-81.7666,-81.5731,-81.4219,-81.3081,-81.2266,-81.1725,-81.1414,-81.1294,-81.1334,-81.1504,-81.1774,-81.1655,-81.0602,-80.8841,-80.6754,-80.4625,-80.2630,-80.0865,-79.9375,-79.8171,-79.7245,-79.6581,-79.6153,-79.5936,-79.5904,-79.6033,-79.6302,-79.6688,-79.7175,-79.7746,-79.8384,-79.8144,-79.6736,-79.5085,-79.3636,-79.2527,-79.1772,-79.1342,-79.1197,-79.1291,-79.1587,-79.2049,-79.2647,-79.3356,-79.4153,-79.5020,-79.5943,-79.6906,-79.7694,-79.7920,-79.7694,-79.7257,-79.6784,-79.6374,-79.6080,-79.5924,-79.5908,-79.6027,-79.6270,-79.6623,-79.7072,-79.7604,-79.8206,-79.8866,-79.9576,-79.9675,-79.8189,-79.6361,-79.4697,-79.3366,-79.2406,-79.1799,-79.1506,-79.1480,-79.1679,-79.2061,-79.2593,-79.3245,-79.3993,-79.4815,-79.5695,-79.6618,-79.7574,-79.8551,-79.9543,-80.0517,-80.0828,-80.0371,-79.9594,-79.8782,-79.8079,-79.7549,-79.7210,-79.7056,-79.7071,-79.7235,-79.7528,-79.7930,-79.8424,-79.8993,-79.9624,-80.0306,-80.1028,-80.1782,-80.2559,-80.3354,-80.4162,-80.4977,-80.5795,-80.6614,-80.7430,-80.8241,-80.9045,-80.9840,-81.0624,-81.1397,-81.2157,-81.2903,-81.3634,-81.4350,-81.5051,-81.5736,-81.6405,-81.7057,-81.7693,-81.8312,-81.8914,-81.9500,-82.0069,-82.0621,-82.1158,-82.1678,-82.2183,-82.2672,-82.3146,-82.3604,-82.4048,-82.4477,-82.4893,-82.5294,-82.5682,-82.6058,-82.6420,-82.6770,-82.7108,-82.7434,-82.7749,-82.8053,-82.8346,-82.8629,-82.8902,-82.9166,-82.9420,-82.9665,-82.9902,-83.0131,-83.0351,-83.0564,-83.0769,-83.0967,-83.1158,-83.1343,-83.1521,-83.1693,-83.1859,-83.2020,-83.2175,-83.2325,-83.2470,-83.2610,-83.2746,-83.2877,-83.3004,-83.3127,-83.3246,-83.3362,-83.3473,-83.3582,-83.3687,-83.3789,-83.3888,-83.3984,-83.4078,-83.4169,-83.4257,-83.4343,-83.4426,-83.4508,-83.4587,-83.4664,-83.4739,-83.4813,-83.4884,-83.4954,-83.5023,-83.5089,-83.5154,-83.5218,-83.5277,-83.4976,-83.4001,-83.2599,-83.1021,-82.9438,-82.7955,-82.6627,-82.5480,-82.4519,-82.3736,-82.3119,-82.2652,-82.2317,-82.2098,-82.1978,-82.1945,-82.1984,-82.2085,-82.2239,-82.2436,-82.2669,-82.2933,-82.3221,-82.3529,-82.3853,-82.4190,-82.4535,-82.4888,-82.5245,-82.5604,-82.5964,-82.6323,-82.6680,-82.7034,-82.7384,-82.7729,-82.8069,-82.8403,-82.8730,-82.9050,-82.9363,-82.9669,-82.9967,-83.0257,-83.0540,-83.0814,-83.1081,-83.1340,-83.1591,-83.1659,-83.0730,-82.9183,-82.7447,-82.5739,-82.3313,-82.0248,-81.7236,-81.4558,-81.2298,-81.0455,-80.9000,-80.7892,-80.7087,-80.6544,-80.6226,-80.6098,-80.6131,-80.6301,-80.6583,-80.6960,-80.7415,-80.7934,-80.8372,-80.8232,-80.7564,-80.6686,-80.5828,-80.5102,-80.4551,-80.4183,-80.3986,-80.3944,-80.4036,-80.4244,-80.4552,-80.4942,-80.5403,-80.5923,-80.6492,-80.7100,-80.7741,-80.8407,-80.9094,-80.9796,-81.0508,-81.1227,-81.1950,-81.2674,-81.3395,-81.4113,-81.4825,-81.5529,-81.6225,-81.6910,-81.7584,-81.8246,-81.8895,-81.9530,-82.0151,-82.0758,-82.1350,-82.1926,-82.2488,-82.3003,-82.2991,-82.2218,-82.0997,-81.9643,-81.8348,-81.7209,-81.6261,-81.5510,-81.4945,-81.4548,-81.4300,-81.4179,-81.4170,-81.4254,-81.4417,-81.4647,-81.4932,-81.5264,-81.5634,-81.6035,-81.6461,-81.6906,-81.7368,-81.7840,-81.8321,-81.8807,-81.9296,-81.9785,-82.0273,-82.0759,-82.1240,-82.1715,-82.2184,-82.2646,-82.3100,-82.3545,-82.3981,-82.4408,-82.4825,-82.5232,-82.5628,-82.6014,-82.6390,-82.6756,-82.7111,-82.7455,-82.7170,-82.5523,-82.3428,-82.1371,-81.9560,-81.8065,-81.6889,-81.6007,-81.5383,-81.4979,-81.4756,-81.4359,-81.3432,-81.2175,-81.0811,-80.9494,-80.8316,-80.7323,-80.6533,-80.5943,-80.5544,-80.5317,-80.5243,-80.5302,-80.5476,-80.5747,-80.6099,-80.6520,-80.6997,-80.7520,-80.8081,-80.8671,-80.9284,-80.9914,-81.0558,-81.1210,-81.1867,-81.2526,-81.3185,-81.3841,-81.4492,-81.5138,-81.5775,-81.6404,-81.7022,-81.7630,-81.8227,-81.8811,-81.9383,-81.9942,-82.0488,-82.1020,-82.1539,-82.2044,-82.2535,-82.3012,-82.3476,-82.3926,-82.4363,-82.4786,-82.5197,-82.5594,-82.5979,-82.6351,-82.6711,-82.7060,-82.7396,-82.7722,-82.8036,-82.8340,-82.8633,-82.8687,-82.7897,-82.6437,-82.4717,-82.3016,-82.1477,-82.0154,-81.9056,-81.8169,-81.7475,-81.6948,-81.6567,-81.6312,-81.6163,-81.6106,-81.6127,-81.6214,-81.6358,-81.6549,-81.6781,-81.7046,-81.6251,-81.4237,-81.2047,-81.0059,-80.8397,-80.7083,-80.6094,-80.5397,-80.4949,-80.4712,-80.4653,-80.4741,-80.4949,-80.5256,-80.5644,-80.6097,-80.6602,-80.7148,-80.7725,-80.8328,-80.8948,-80.9581,-81.0221,-81.0866,-81.1512,-81.2156,-81.2797,-81.3431,-81.4058,-81.4677,-81.5285,-81.5883,-81.6470,-81.7044,-81.7607,-81.8156,-81.8692,-81.9216,-81.9726,-82.0222,-82.0705,-82.1175,-82.1632,-82.2076,-82.2506,-82.2924,-82.3330,-82.3723,-82.4104,-82.4473,-82.4830,-82.5177,-82.5512,-82.5836,-82.6150,-82.6454,-82.6748,-82.7032,-82.7307,-82.7573,-82.7830,-82.8079,-82.8319,-82.8552,-82.8777,-82.8995,-82.9205,-82.9409,-82.9606,-82.9796,-82.9981,-83.0159,-83.0332,-83.0499,-83.0661,-83.0818,-83.0970,-83.1118,-83.1261,-83.1399,-83.1533,-83.1664,-83.1727,-83.0985,-82.9358,-82.7397,-82.5483,-82.3788,-82.2365,-82.1212,-82.0303,-81.9609,-81.9097,-81.8740,-81.8514,-81.8397,-81.8373,-81.8426,-81.8543,-81.8707,-81.8718,-81.8323,-81.7587,-81.6686,-81.5768,-81.4926,-81.4208,-81.3632,-81.3200,-81.2904,-81.2731,-81.2665,-81.2692,-81.2800,-81.2977,-81.3211,-81.3495,-81.3821,-81.4182,-81.4571,-81.4985,-81.5420,-81.5870,-81.6333,-81.6807,-81.7288,-81.7774,-81.8263,-81.8754,-81.9244,-81.9733,-82.0219,-82.0701,-82.1178,-82.1649,-82.2113,-82.2570,-82.3019,-82.3459,-82.3891,-82.4313,-82.4726,-82.5129,-82.5522,-82.5905,-82.6278,-82.6641,-82.6993,-82.7336,-82.7668,-82.7991,-82.8303,-82.8606,-82.8900,-82.9184,-82.9459,-82.9725,-82.9982,-83.0231,-83.0471,-83.0703,-83.0928,-83.1144,-83.1354,-83.1556,-83.1751,-83.1940,-83.2122,-83.2298,-83.2468,-83.2632,-83.2790,-83.2943,-83.3091,-83.3234,-83.3372,-83.3505,-83.3634,-83.3759,-83.3880,-83.3996,-83.4109,-83.4219,-83.4325,-83.4427,-83.4526,-83.4623,-83.4716,-83.4807,-83.4895,-83.4980,-83.5063,-83.5144,-83.5222,-83.5298,-83.5372,-83.5444,-83.5514,-83.5583,-83.5649,-83.5714,-83.5778,-83.5840,-83.5900,-83.5959,-83.6017,-83.6073,-83.6128,-83.6182,-83.6235,-83.6287,-83.6337,-83.6387,-83.6436,-83.6484,-83.6531,-83.6577,-83.6622,-83.6667,-83.6711,-83.6754,-83.6796,-83.6838,-83.6879,-83.6919,-83.6959,-83.6999,-83.7038,-83.7076,-83.7114,-83.7151,-83.7188,-83.7224,-83.7260,-83.7295,-83.7330,-83.7365,-83.7399,-83.7433,-83.7467,-83.7500,-83.7533,-83.7565,-83.7598,-83.7630,-83.7661,-83.7693,-83.7724,-83.7754,-83.7785,-83.7815,-83.7845,-83.7875,-83.7904,-83.7934,-83.7963,-83.7991,-83.8020,-83.8048,-83.8077,-83.8104,-83.8132,-83.8160,-83.8187,-83.8214,-83.8241,-83.8268,-83.8295,-83.8321,-83.8348,-83.8374,-83.8400,-83.8425,-83.8451,-83.8477,-83.8502,-83.8527,-83.8552,-83.8577,-83.8602,-83.8626,-83.8651,-83.8675,-83.8695,-83.7551,-83.4392,-83.0370,-82.6051,-82.1382,-81.6684,-81.2325,-80.8500,-80.5264,-80.2602,-80.0464,-79.8790,-79.7519,-79.6593,-79.5961,-79.5580,-79.5410,-79.5420,-79.5582,-79.5871,-79.6267,-79.6754,-79.7316,-79.7940,-79.8616,-79.9333,-80.0085,-80.0863,-80.1663,-80.2478,-80.3304,-80.4136,-80.4972,-80.5809,-80.6644,-80.7473,-80.8297,-80.9112,-80.9917,-81.0711,-81.1492,-81.2261,-81.3015,-81.3755,-81.4479,-81.5187,-81.5879,-81.6554,-81.7213,-81.7855,-81.8479,-81.9087,-81.9678,-82.0252,-82.0809,-82.1350,-82.1874,-82.2381,-82.2873,-82.3350,-82.3810,-82.4256
12,-86.0000,-90.3351,-90.9442,-91.2819,-91.5290,-91.7289,-91.8975,-92.0191,-92.0567,-92.0054,-91.9334,-91.8672,-91.8163,-91.7830,-91.7664,-91.7645,-91.7752,-91.7960,-91.8234,-91.8215,-91.7986,-91.7736,-91.7536,-91.7417,-91.7388,-91.7450,-91.7596,-91.7815,-91.8099,-91.8436,-91.8816,-91.9231,-91.9671,-92.0129,-92.0599,-92.1076,-92.1554,-92.2030,-92.2500,-92.2962,-92.3413,-92.3851,-92.4276,-92.4685,-92.5079,-92.5457,-92.5818,-92.6163,-92.6491,-92.6803,-92.7099,-92.7379,-92.7644,-92.7894,-92.8130,-92.8352,-92.8561,-92.8757,-92.8942,-92.9115,-92.9277,-92.9429,-92.9571,-92.9704,-92.9828,-92.9945,-93.0053,-93.0155,-93.0249,-93.0338,-93.0420,-93.0497,-93.0569,-93.0635,-93.0698,-93.0756,-93.0810,-93.0860,-93.0907,-93.0951,-93.0992,-93.1030,-93.1066,-93.1099,-93.1110,-93.0815,-93.0221,-92.9518,-92.8668,-92.7644,-92.6208,-92.4446,-92.2695,-92.1133,-91.9833,-91.8807,-91.7952,-91.7107,-91.6320,-91.5652,-91.5129,-91.4755,-91.4523,-91.4420,-91.4434,-91.4549,-91.4752,-91.5030,-91.5045,-91.4757,-91.4456,-91.4232,-91.4115,-91.4111,-91.4214,-91.4403,-91.4548,-91.4596,-91.4604,-91.4623,-91.4684,-91.4799,-91.4975,-91.5203,-91.5250,-91.4780,-91.4018,-91.3163,-91.1825,-91.0222,-90.8786,-90.7671,-90.6892,-90.6417,-90.6204,-90.6210,-90.6397,-90.6733,-90.7188,-90.7740,-90.8367,-90.9053,-90.9781,-91.0541,-91.1320,-91.2110,-91.2903,-91.3693,-91.4475,-91.5244,-91.5996,-91.6688,-91.7007,-91.6946,-91.6698,-91.6379,-91.6060,-91.5783,-91.5570,-91.5434,-91.5377,-91.5400,-91.5496,-91.5660,-91.5883,-91.6115,-91.5982,-91.5561,-91.5119,-91.4780,-91.4579,-91.4514,-91.4571,-91.4731,-91.4976,-91.5290,-91.5658,-91.6068,-91.6510,-91.6974,-91.7453,-91.7942,-91.8435,-91.8927,-91.9415,-91.9448,-91.8554,-91.7668,-91.7019,-91.6622,-91.6439,-91.6424,-91.6538,-91.6751,-91.7038,-91.7380,-91.7763,-91.8174,-91.8604,-91.9046,-91.9493,-91.9940,-92.0385,-92.0823,-92.1252,-92.1670,-92.2076,-92.2468,-92.2846,-92.3210,-92.3558,-92.3891,-92.4195,-92.3487,-92.2368,-92.1404,-92.0694,-92.0221,-91.9943,-91.9816,-91.9808,-91.9892,-92.0045,-92.0251,-92.0497,-92.0773,-92.1070,-92.1382,-92.1703,-92.2029,-92.2355,-92.2680,-92.3000,-92.3315,-92.3622,-92.3920,-92.4209,-92.4487,-92.4755,-92.5013,-92.5259,-92.5494,-92.5718,-92.5901,-92.5800,-92.5437,-92.4968,-92.4493,-92.4064,-92.3703,-92.3416,-92.3202,-92.3055,-92.2968,-92.2935,-92.2948,-92.3000,-92.3085,-92.3198,-92.3333,-92.3486,-92.3653,-92.3832,-92.4018,-92.4210,-92.4405,-92.4601,-92.4797,-92.4992,-92.5184,-92.5373,-92.5553,-92.5681,-92.5714,-92.5655,-92.5531,-92.5368,-92.5190,-92.5015,-92.4855,-92.4718,-92.4607,-92.4525,-92.4472,-92.4447,-92.4438,-92.4183,-92.3594,-92.2899,-92.2250,-92.1711,-92.1295,-92.0995,-92.0799,-92.0693,-92.0664,-92.0698,-92.0786,-92.0918,-92.1087,-92.1285,-92.1506,-92.1745,-92.1997,-92.2259,-92.2526,-92.2797,-92.3069,-92.3339,-92.3606,-92.3868,-92.3967,-92.3764,-92.3398,-92.2984,-92.2587,-92.2240,-92.1959,-92.1749,-92.1607,-92.1529,-92.1508,-92.1538,-92.1564,-92.1395,-92.0753,-91.9534,-91.8177,-91.6937,-91.5905,-91.5075,-91.3933,-91.2693,-91.1604,-91.0732,-91.0082,-90.9381,-90.6905,-90.4366,-90.1960,-89.9907,-89.8273,-89.7046,-89.6192,-89.5670,-89.5435,-89.5447,-89.5670,-89.6071,-89.6619,-89.7285,-89.7774,-89.7912,-89.7967,-89.8103,-89.8375,-89.8791,-89.9334,-89.9856,-89.9937,-89.9945,-90.0023,-90.0211,-90.0515,-90.0928,-90.1438,-90.1706,-90.1474,-90.1289,-90.1245,-90.1348,-90.1589,-90.1950,-90.2413,-90.2963,-90.3583,-90.4258,-90.4977,-90.5727,-90.6498,-90.7283,-90.8074,-90.8864,-90.9648,-91.0421,-91.1179,-91.1920,-91.2642,-91.3341,-91.4017,-91.4668,-91.5294,-91.5895,-91.6470,-91.7019,-91.7543,-91.8040,-91.8371,-91.8385,-91.8177,-91.7610,-91.6761,-91.5864,-91.4755,-91.2707,-91.0862,-90.9406,-90.8326,-90.7569,-90.6878,-90.6123,-90.5421,-90.4848,-90.4435,-90.4187,-90.4095,-90.4144,-90.4316,-90.4595,-90.4963,-90.5407,-90.5913,-90.6468,-90.7061,-90.7683,-90.8327,-90.8984,-90.9648,-91.0314,-91.0975,-91.1435,-91.1493,-91.1194,-91.0266,-90.9142,-90.8029,-90.7018,-90.6155,-90.5458,-90.4930,-90.4567,-90.4125,-90.3051,-90.2021,-90.1224,-90.0688,-90.0392,-90.0112,-89.9018,-89.7179,-89.5510,-89.4239,-89.3382,-89.2894,-89.2720,-89.2806,-89.3108,-89.3578,-89.4014,-89.4279,-89.4469,-89.4680,-89.4973,-89.5370,-89.5069,-89.3203,-89.1458,-89.0151,-88.9303,-88.8865,-88.8772,-88.8960,-88.9376,-88.9973,-89.0715,-89.1569,-89.2511,-89.3519,-89.4574,-89.5662,-89.6770,-89.7888,-89.9006,-90.0116,-90.1213,-90.2291,-90.3346,-90.4374,-90.5372,-90.6338,-90.7270,-90.8168,-90.9031,-90.9857,-91.0648,-91.1404,-91.2124,-91.2809,-91.3461,-91.4080,-91.4667,-91.5223,-91.5746,-91.6124,-91.6238,-91.6103,-91.5794,-91.5392,-91.4960,-91.4542,-91.4169,-91.3856,-91.3611,-91.3437,-91.3332,-91.3292,-91.3313,-91.3388,-91.3510,-91.3675,-91.3875,-91.4107,-91.4363,-91.4640,-91.4934,-91.5240,-91.5556,-91.5878,-91.6185,-91.6287,-91.6153,-91.5896,-91.5602,-91.5262,-91.4677,-91.3852,-91.2925,-91.2005,-91.1158,-91.0420,-90.9809,-90.9329,-90.8978,-90.8747,-90.8626,-90.8573,-90.8416,-90.8155,-90.7863,-90.7598,-90.7394,-90.7140,-90.6445,-90.5692,-90.5045,-90.4551,-90.4216,-90.4034,-90.3992,-90.4073,-90.4262,-90.4543,-90.4902,-90.5325,-90.5802,-90.6321,-90.6873,-90.7451,-90.8045,-90.8651,-90.9263,-90.9876,-91.0485,-91.0965,-91.1045,-91.0877,-91.0471,-90.9746,-90.8993,-90.8331,-90.7805,-90.7425,-90.7188,-90.7082,-90.7094,-90.7208,-90.7410,-90.7687,-90.8025,-90.8413,-90.8842,-90.9303,-90.9788,-91.0290,-91.0803,-91.1323,-91.1845,-91.2366,-91.2882,-91.3390,-91.3889,-91.4377,-91.4853,-91.5314,-91.5762,-91.6194,-91.6610,-91.7011,-91.7395,-91.7764,-91.8117,-91.8446,-91.8691,-91.8822,-91.8854,-91.8812,-91.8722,-91.8608,-91.8486,-91.8179,-91.7358,-91.6444,-91.5589,-91.4843,-91.4224,-91.3733,-91.3365,-91.3110,-91.2957,-91.2892,-91.2836,-91.2468,-91.1877,-91.1270,-91.0758,-91.0378,-91.0134,-91.0014,-91.0003,-90.9877,-90.9539,-90.9164,-90.8831,-90.8575,-90.8410,-90.8339,-90.8360,-90.8464,-90.8642,-90.8887,-90.9186,-90.9417,-90.9012,-90.8481,-90.8035,-90.7728,-90.7567,-90.7540,-90.7631,-90.7821,-90.8095,-90.8437,-90.8833,-90.9272,-90.9744,-91.0240,-91.0753,-91.1276,-91.1805,-91.2334,-91.2860,-91.3380,-91.3752,-91.3451,-91.2930,-91.2431,-91.2046,-91.1800,-91.1691,-91.1704,-91.1790,-91.1788,-91.1674,-91.1514,-91.1357,-91.1011,-91.0431,-90.9780,-90.8973,-90.7830,-90.5635,-90.2444,-89.9630,-89.7355,-89.5602,-89.4316,-89.3435,-89.2885,-89.2420,-89.1938,-89.1325,-89.0611,-88.9933,-88.9388,-88.9025,-88.8861,-88.8891,-88.9103,-88.9476,-88.9991,-89.0626,-89.1361,-89.1828,-89.1776,-89.1649,-89.1669,-89.1886,-89.2290,-89.2850,-89.3536,-89.4321,-89.5181,-89.6088,-89.6907,-89.7576,-89.8154,-89.8693,-89.9228,-89.9778,-90.0347,-90.0760,-90.0959,-90.1059,-90.1140,-90.1249,-90.1412,-90.1642,-90.1942,-90.2307,-90.2733,-90.3211,-90.3734,-90.4293,-90.4882,-90.5491,-90.6116,-90.6751,-90.7390,-90.8029,-90.8663,-90.9291,-90.9909,-91.0515,-91.1106,-91.1682,-91.2241,-91.2782,-91.2923,-91.2525,-91.2074,-91.1697,-91.1431,-91.1276,-91.1225,-91.1264,-91.1380,-91.1559,-91.1791,-91.2065,-91.2372,-91.2706,-91.3058,-91.3425,-91.3582,-91.2977,-91.2197,-91.1524,-91.1036,-91.0734,-91.0597,-91.0596,-91.0705,-91.0902,-91.1166,-91.1483,-91.1839,-91.2224,-91.2625,-91.2958,-91.3174,-91.3301,-91.3372,-91.3415,-91.3451,-91.3494,-91.3554,-91.3636,-91.3745,-91.3880,-91.4042,-91.4230,-91.4440,-91.4672,-91.4920,-91.5184,-91.5460,-91.5746,-91.6038,-91.6335,-91.6635,-91.6936,-91.7235,-91.7533,-91.7826,-91.8115,-91.8398,-91.8675,-91.8920,-91.8913,-91.8625,-91.7867,-91.6508,-91.5087,-91.3814,-91.2766,-91.1956,-91.1370,-91.0934,-91.0465,-90.9942,-90.9441,-90.9020,-90.8711,-90.8520,-90.8445,-90.8476,-90.8255,-90.7598,-90.6909,-90.5985,-90.4946,-90.4022,-90.3294,-90.2782,-90.2478,-90.2364,-90.2416,-90.2609,-90.2921,-90.3329,-90.3494,-90.3232,-90.2881,-90.2630,-90.2535,-90.2597,-90.2800,-90.3122,-90.3540,-90.4036,-90.4593,-90.5197,-90.5836,-90.6499,-90.7179,-90.7794,-90.7291,-90.5681,-90.3883,-90.0759,-89.7898,-89.5211,-89.2423,-88.9735,-88.7355,-88.5371,-88.3800,-88.2626,-88.1815,-88.1330,-88.1135,-88.1192,-88.1381,-88.1559,-88.1755,-88.2026,-88.2405,-88.2907,-88.3530,-88.4266,-88.5102,-88.6026,-88.7024,-88.8082,-88.9187,-89.0328,-89.1495,-89.2677,-89.3867,-89.5056,-89.6239,-89.7409,-89.8561,-89.9447,-89.8935,-89.8505,-89.8360,-89.8467,-89.8774,-89.9232,-89.9757,-90.0163,-90.0451,-90.0684,-90.0914,-90.1170,-90.1470,-90.1818,-90.2217,-90.2505,-90.2274,-90.1852,-90.1469,-90.0637,-89.9618,-89.8760,-89.8136,-89.7748,-89.7576,-89.7594,-89.7771,-89.8083,-89.8504,-89.9015,-89.9598,-90.0236,-90.0918,-90.1631,-90.2366,-90.3114,-90.3870,-90.4626,-90.5379,-90.6123,-90.6855,-90.7573,-90.8273,-90.8954,-90.9615,-91.0254,-91.0871,-91.1465,-91.2036,-91.2584,-91.3109,-91.3611,-91.4091,-91.4548,-91.4565,-91.3899,-91.3141,-91.2505,-91.2045,-91.1755,-91.1613,-91.1592,-91.1670,-91.1824,-91.2039,-91.2300,-91.2596,-91.2919,-91.3260,-91.3615,-91.3977,-91.4343,-91.4709,-91.5074,-91.5434,-91.5788,-91.6135,-91.6474,-91.6803,-91.7123,-91.7432,-91.7731,-91.8018,-91.8295,-91.8562,-91.8817,-91.9062,-91.9297,-91.9522,-91.9737,-91.9942,-92.0138,-92.0326,-92.0505,-92.0676,-92.0840,-92.0996,-92.1145,-92.1288,-92.1423,-92.1476,-92.1318,-92.1020,-92.0669,-92.0315,-91.9984,-91.9690,-91.9438,-91.9232,-91.9018,-91.7782,-91.6291,-91.5025,-91.4060,-91.3371,-91.2912,-91.2637,-91.2510,-91.2501,-91.2587,-91.2748,-91.2969,-91.3238,-91.3543,-91.3877,-91.4077,-91.3967,-91.3702,-91.3400,-91.2349,-91.0427,-90.8466,-90.6756,-90.5368,-90.4307,-90.3546,-90.3052,-90.2789,-90.2723,-90.2822,-90.3060,-90.3411,-90.3854,-90.4372,-90.4948,-90.5569,-90.6221,-90.6739,-90.7039,-90.7232,-90.7392,-90.7564,-90.7770,-90.8021,-90.8322,-90.8672,-90.9065,-90.9497,-90.9961,-91.0450,-91.0959,-91.1481,-91.2012,-91.2546,-91.3081,-91.3611,-91.4135,-91.4649,-91.5152,-91.5643,-91.6119,-91.6580,-91.7026,-91.7455,-91.7868,-91.8263,-91.8643,-91.9005,-91.9352,-91.9682,-91.9997,-92.0297,-92.0582,-92.0852,-92.1110,-92.1354,-92.1586,-92.1806,-92.2014,-92.2212,-92.2399,-92.2576,-92.2745,-92.2904,-92.3056,-92.3044,-92.2463,-92.1663,-92.0897,-92.0256,-91.9732,-91.8628,-91.7232,-91.5940,-91.4447,-91.2983,-91.1741,-91.0758,-91.0027,-90.9522,-90.9217,-90.8974,-90.8599,-90.8202,-90.7858,-90.7604,-90.7458,-90.7423,-90.7495,-90.7665,-90.7923,-90.8257,-90.8657,-90.9078,-90.8791,-90.8062,-90.7200,-90.6426,-90.4571,-90.2353,-90.0675,-89.9514,-89.8785,-89.8407,-89.8311,-89.8442,-89.8754,-89.9212,-89.9786,-90.0452,-90.1189,-90.1979,-90.2810,-90.3667,-90.4487,-90.4992,-90.5147,-90.4745,-90.4012,-90.3218,-90.2494,-90.1902,-90.1470,-90.1202,-90.1094,-90.1133,-90.1304,-90.1589,-90.1852,-90.1742,-90.1142,-90.0352,-89.9609,-89.9033,-89.8663,-89.8501,-89.8530,-89.8721,-89.8512,-89.7815,-89.7016,-89.6293,-89.5727,-89.5349,-89.5164,-89.5034,-89.4802,-89.4387,-89.3660,-89.2742,-89.1810,-89.0988,-89.0341,-88.9899,-88.9667,-88.9638,-88.9795,-89.0026,-89.0113,-88.9753,-88.8913,-88.8083,-88.7447,-88.7071,-88.6961,-88.7098,-88.7453,-88.7993,-88.8685,-88.9503,-89.0420,-89.1413,-89.2419,-89.3371,-89.4257,-89.5089,-89.5885,-89.6661,-89.7429,-89.8197,-89.8970,-89.9751,-90.0386,-90.0505,-90.0497,-90.0314,-89.9524,-89.8686,-89.7819,-89.6381,-89.4765,-89.3268,-89.2022,-89.1075,-89.0428,-89.0063,-88.9953,-89.0054,-89.0174,-89.0203,-89.0203,-89.0252,-89.0351,-88.9607,-88.8710,-88.8067,-88.7736,-88.7693,-88.7894,-88.8297,-88.8790,-88.9023,-88.8977,-88.8789,-88.8520,-88.7673,-88.6636,-88.5730,-88.5052,-88.4619,-88.4424,-88.4447,-88.4664,-88.5052,-88.5589,-88.6235,-88.6562,-88.6546,-88.6364,-88.6104,-88.5913,-88.5683,-88.4637,-88.3598,-88.2852,-88.2431,-88.2193,-88.1650,-88.1057,-88.0501,-87.9880,-87.9324,-87.8943,-87.8792,-87.8881,-87.9197,-87.9715,-88.0407,-88.1244,-88.2199,-88.3249,-88.4198,-88.4853,-88.5376,-88.5895,-88.6474,-88.7137,-88.7888,-88.8718,-88.9616,-89.0569,-89.1563,-89.2588,-89.3631,-89.4685,-89.5741,-89.6792,-89.7833,-89.8858,-89.9864,-90.0847,-90.1805,-90.2735,-90.3637,-90.4508,-90.5347,-90.6155,-90.6931,-90.7676,-90.8388,-90.9069,-90.9720,-90.9964,-90.9445,-90.8829,-90.8375,-90.8041,-90.7582,-90.7009,-90.6410,-90.5849,-90.5364,-90.4972,-90.4680,-90.4488,-90.4392,-90.4386,-90.4462,-90.4613,-90.4831,-90.5107,-90.4818,-90.3929,-90.3136,-90.2568,-90.2222,-90.2069,-90.2075,-90.2213,-90.2457,-90.2788,-90.3190,-90.3647,-90.4149,-90.4686,-90.5248,-90.5827,-90.6419,-90.7016,-90.7614,-90.8210,-90.8799,-90.9379,-90.9947,-91.0502,-91.1042,-91.1566,-91.2073,-91.2562,-91.3034,-91.3487,-91.3922,-91.4339,-91.4739,-91.5121,-91.5486,-91.5834,-91.6166,-91.6483,-91.6785,-91.7073,-91.7344,-91.7271,-91.6813,-91.6256,-91.5725,-91.5267,-91.4900,-91.4625,-91.4439,-91.4331,-91.4294,-91.4317,-91.4392,-91.4510,-91.4522,-91.4264,-91.3864,-91.3432,-91.3032,-91.2697,-91.2307,-91.1587,-91.0698,-90.9834,-90.9098,-90.8528,-90.8130,-90.7889,-90.7785,-90.7797,-90.7908,-90.8101,-90.8361,-90.8676,-90.9035,-90.9429,-90.9849,-91.0290,-91.0745,-91.1095,-91.0989,-91.0694,-91.0390,-91.0146,-90.9989,-90.9924,-90.9947,-91.0051,-91.0225,-91.0458,-91.0742,-91.1066,-91.1393,-91.1368,-91.1137,-91.0874,-91.0648,-91.0491,-91.0414,-91.0101,-90.9459,-90.8832,-90.8314,-90.7931,-90.7686,-90.7569,-90.7570,-90.7673,-90.7866,-90.8135,-90.8466,-90.8849,-90.9274,-90.9508,-90.9285,-90.8964,-90.8681,-90.8487,-90.8397,-90.8412,-90.8525,-90.8512,-90.7728,-90.6795,-90.6075,-90.5621,-90.5402,-90.5374,-90.5496,-90.5739,-90.6077,-90.6489,-90.6960,-90.7475,-90.8023,-90.8595,-90.9183,-90.9780,-91.0382,-91.0982,-91.1577,-91.2165,-91.2742,-91.3307,-91.3857,-91.4391,-91.4908,-91.5114,-91.4524,-91.3793,-91.3224,-91.2856,-91.2663,-91.2611,-91.2667,-91.2693,-91.2484,-91.2122,-91.1729,-91.1386,-91.1130,-91.0976,-91.0923,-91.0962,-91.1083,-91.1274,-91.1523,-91.1821,-91.2158,-91.2526,-91.2498,-91.1352,-91.0369,-90.9682,-90.9263,-90.9065,-90.9043,-90.9106,-90.8818,-90.8096,-90.6970,-90.5762,-90.4697,-90.3864,-90.3277,-90.2919,-90.2765,-90.2783,-90.2948,-90.3233,-90.3618,-90.4083,-90.4614,-90.5195,-90.5815,-90.6463,-90.7110,-90.7395,-90.7340,-90.7169,-90.7014,-90.6939,-90.6968,-90.7102,-90.7335,-90.7652,-90.8040,-90.8486,-90.8976,-90.9499,-91.0048,-91.0612,-91.1186,-91.1763,-91.2340,-91.2911,-91.3472,-91.3889,-91.4032,-91.3981,-91.3843,-91.3695,-91.3579,-91.3518,-91.3518,-91.3571,-91.3555,-91.3416,-91.3214,-91.3008,-91.2831,-91.2703,-91.2633,-91.2624,-91.2675,-91.2781,-91.2939,-91.3142,-91.3385,-91.3663,-91.3969,-91.4299,-91.4647,-91.5010,-91.5384,-91.5764,-91.6149,-91.6534,-91.6918,-91.7300,-91.7676,-91.8045,-91.8407,-91.8761,-91.9105,-91.9439,-91.9763,-92.0075,-92.0377,-92.0668,-92.0948,-92.1217,-92.1475,-92.1723,-92.1960,-92.2187,-92.2405,-92.2613,-92.2812,-92.3002,-92.3183,-92.3357,-92.3523,-92.3681,-92.3833,-92.3978,-92.4117,-92.4249,-92.4376,-92.4498,-92.4615,-92.4726,-92.4834,-92.4937,-92.5036,-92.5131,-92.4947,-92.4153,-92.3014,-92.1759,-92.0529,-91.9332,-91.7344,-91.4929,-91.2576,-91.0477,-90.8481,-90.6575,-90.4870,-90.3438,-90.2307,-90.1471,-90.0909,-90.0466,-89.9990,-89.9562,-89.9243,-89.9061,-89.9027,-89.9139,-89.9385,-89.9752,-90.0226,-90.0790,-90.1430,-90.2131,-90.2880,-90.3667,-90.4480,-90.5312,-90.6153,-90.6997,-90.7838,-90.8671,-90.9492,-91.0297,-91.1084,-91.1847,-91.2317,-91.2148,-91.1574,-91.0868,-91.0191,-90.9624,-90.8964,-90.7409,-90.5893,-90.4722,-90.3883,-90.2749,-90.1570,-90.0605,-89.9924,-89.9483,-89.9181,-89.8990,-89.8912,-89.8950,-89.9103,-89.9363,-89.9697,-89.9396,-89.8029,-89.6702,-89.5671,-89.4975,-89.4591,-89.4481,-89.4602,-89.4917,-89.5391,-89.5997,-89.6710,-89.7507,-89.8371,-89.9285,-90.0236,-90.1213,-90.2204,-90.3201,-90.4194,-90.4935,-90.5353,-90.5630,-90.5872,-90.6139,-90.6457,-90.6834,-90.7270,-90.7759,-90.8292,-90.8862,-90.9458,-91.0074,-91.0702,-91.1337,-91.1972,-91.2604,-91.3230,-91.3844,-91.4446,-91.5034,-91.5605,-91.6158,-91.6692,-91.7208,-91.7704,-91.8180,-91.8584,-91.8531,-91.8180,-91.7788,-91.7460,-91.7222,-91.7077,-91.7016,-91.7028,-91.7103,-91.7231,-91.7403,-91.7611,-91.7849,-91.8109,-91.8388,-91.8582,-91.8526,-91.8310,-91.8037,-91.7772,-91.7551,-91.7390,-91.7296,-91.7266,-91.7298,-91.7384,-91.7517,-91.7692,-91.7900,-91.8074,-91.8008,-91.7760,-91.7460,-91.7187,-91.6975,-91.6835,-91.6769,-91.6771,-91.6833,-91.6949,-91.7111,-91.7311,-91.7536,-91.7698,-91.7727,-91.7646,-91.7504,-91.7344,-91.7196,-91.7080,-91.7008,-91.6971,-91.6661,-91.5995,-91.5181,-91.4354,-91.3370,-91.2055,-91.0760,-90.9616,-90.8666,-90.7920,-90.7364,-90.6747,-90.5797,-90.4478,-90.3127,-90.1929,-90.0964,-90.0255,-89.9795,-89.9564,-89.9536,-89.9685,-89.9983,-90.0407,-90.0937,-90.1551,-90.2235,-90.2972,-90.3750,-90.4558,-90.5385,-90.6224,-90.7067,-90.7908,-90.8742,-90.9564,-91.0371,-91.1160,-91.1928,-91.2673,-91.3394,-91.4090,-91.4759,-91.5399,-91.5729,-91.5723,-91.5592,-91.5440,-91.4876,-91.3818,-91.2374,-91.0878,-90.9551,-90.8467,-90.7644,-90.7066,-90.6711,-90.6548,-90.6551,-90.6694,-90.6954,-90.7309,-90.7742,-90.8238,-90.8784,-90.9366,-90.9977,-91.0607,-91.1249,-91.1896,-91.2544,-91.3188,-91.3824,-91.4449,-91.5060,-91.5656,-91.6235,-91.6795,-91.7336,-91.7858,-91.8359,-91.8840,-91.9300,-91.9740,-92.0160,-92.0561,-92.0943,-92.1306,-92.1651,-92.1978,-92.2289,-92.2459,-92.2257,-92.1840,-92.1371,-92.0935,-92.0571,-92.0140,-91.9404,-91.8583,-91.7815,-91.7162,-91.6647,-91.6271,-91.6026,-91.5897,-91.5870,-91.5931,-91.6065,-91.6260,-91.6505,-91.6643,-91.5968,-91.5047,-91.4295,-91.3788,-91.3500,-91.3390,-91.3420,-91.3561,-91.3790,-91.4086,-91.4435,-91.4824,-91.5244,-91.5685,-91.6140,-91.6605,-91.7073,-91.7541,-91.8005,-91.8464,-91.8913,-91.9353,-91.9781,-92.0196,-92.0598,-92.0986,-92.1359,-92.1717,-92.1983,-92.1991,-92.1790,-92.1492,-92.1178,-92.0894,-92.0663,-92.0495,-92.0390,-92.0344,-92.0351,-92.0406,-92.0501,-92.0630,-92.0788,-92.0970,-92.1171,-92.1387,-92.0181,-91.8678,-91.7566,-91.6815,-91.6352,-91.6111,-91.6038,-91.6093,-91.6246,-91.6473,-91.6756,-91.6983,-91.6875,-91.6557,-91.6189,-91.5861,-91.5613,-91.5459,-91.5397,-91.5423,-91.5524,-91.5691,-91.5914,-91.6182,-91.6486,-91.6820,-91.7176,-91.7548,-91.7931,-91.8321,-91.8715,-91.9100,-91.9029,-91.8443,-91.7766,-91.6726,-91.5486,-91.4351,-91.3440,-91.2508,-91.1212,-91.0047,-90.9137,-90.8491,-90.8089,-90.7899,-90.7888,-90.8027,-90.8290,-90.8653,-90.9097,-90.9604,-91.0162,-91.0757,-91.1379,-91.2019,-91.2669,-91.3323,-91.3977,-91.4608,-91.4944,-91.4844,-91.4471,-91.3990,-91.3184,-91.1365,-90.9650,-90.8095,-90.6702,-90.5540,-90.4625,-90.3732,-90.2666,-90.1514,-90.0345,-89.9082,-89.7573,-89.6150,-89.4967,-89.4073,-89.3469,-89.3138,-89.3005,-89.2171,-89.0935,-88.9735,-88.8746,-88.8034,-88.7611,-88.7462,-88.7563,-88.7884,-88.8396,-88.8864,-88.8836,-88.8809,-88.8933,-88.9236,-88.9710,-89.0285,-89.0878,-89.1479,-89.2100,-89.2725,-89.3307,-89.3841,-89.4282,-89.4634,-89.4776,-89.4626,-89.4250,-89.3426,-89.2350,-89.1243,-89.0242,-88.9420,-88.8801,-88.7912,-88.6890,-88.6028,-88.5410,-88.5051,-88.4937,-88.5047,-88.5355,-88.5836,-88.6384,-88.6706,-88.6898,-88.7108,-88.7414,-88.7848,-88.8416,-88.9107,-88.9907,-89.0798,-89.1744,-89.2302,-89.2517,-89.2705,-89.2996,-89.3420,-89.3973,-89.4389,-89.4452,-89.4506,-89.4651,-89.4794,-89.4803,-89.4787,-89.4808,-89.4899,-89.5074,-89.5340,-89.5694,-89.6131,-89.6619,-89.6640,-89.6420,-89.6229,-89.6151,-89.6209,-89.6401,-89.6714,-89.7136,-89.7650,-89.8242,-89.8897,-89.9603,-90.0276,-90.0730,-90.1044,-90.1251,-90.1325,-90.1303,-90.1238,-90.1172,-90.1135,-90.1148,-90.1221,-90.1360,-90.1565,-90.1833,-90.2161,-90.2543,-90.2972,-90.3443,-90.3859,-90.3978,-90.3954,-90.3917,-90.3924,-90.3995,-90.4137,-90.4349,-90.4626,-90.4963,-90.5280,-90.5381,-90.5365,-90.5310,-90.5263,-90.5249,-90.5283,-90.5372,-90.5497,-90.5372,-90.4610,-90.3464,-90.2228,-90.0923,-89.9619,-89.8346,-89.6723,-89.5054,-89.3617,-89.2506,-89.1723,-89.1017,-89.0153,-88.9261,-88.8264,-88.7180,-88.6128,-88.5206,-88.4469,-88.3942,-88.3628,-88.3519,-88.3602,-88.3857,-88.4267,-88.4721,-88.4714,-88.4264,-88.3725,-88.3309,-88.3042,-88.2637,-88.2093,-88.1599,-88.1195,-88.0801,-88.0463,-88.0247,-88.0190,-88.0307,-88.0486,-88.0355,-87.9718,-87.8723,-87.7566,-87.6447,-87.4938,-87.3030,-87.1214,-86.9711,-86.8586,-86.7840,-86.7447,-86.7372,-86.7578,-86.8030,-86.8693,-86.9538,-87.0536,-87.1665,-87.2901,-87.4226,-87.5621,-87.7067,-87.7794,-87.7484,-87.7060,-87.6715,-87.5802,-87.4808,-87.4009,-87.3462,-87.3154,-87.2914,-87.2698,-87.2574,-87.2598,-87.2795,-87.3171,-87.3718,-87.4421,-87.5263,-87.6225,-87.7290,-87.8439,-87.9658,-88.0930,-88.2243,-88.3584,-88.4943,-88.6247,-88.7229,-88.8012,-88.8734,-88.9456,-89.0204,-89.0986,-89.1804,-89.2655,-89.3535,-89.4438,-89.5358,-89.6269,-89.6688,-89.6834,-89.6794,-89.6247,-89.5523,-89.4426,-89.3230,-89.2208,-89.1435,-89.0922,-89.0648,-89.0254,-88.9642,-88.9041,-88.8586,-88.8332,-88.8290,-88.8447,-88.8782,-88.9268,-88.9822,-89.0356,-89.0860,-89.1347,-89.1531,-89.1345,-89.1017,-89.0694,-89.0324,-88.9553,-88.8774,-88.8151,-88.7543,-88.6715,-88.5998,-88.5486,-88.5193,-88.5002,-88.4780,-88.4573,-88.4449,-88.4449,-88.4590,-88.4872,-88.5288,-88.5827,-88.6474,-88.7215,-88.8030,-88.8728,-88.9251,-88.9700,-89.0141,-89.0534,-89.0649,-89.0636,-89.0636,-89.0312,-88.9493,-88.8790,-88.8309,-88.8057,-88.8018,-88.8170,-88.8488,-88.8948,-88.9530,-89.0212,-89.0976,-89.1808,-89.2593,-89.2899,-89.2584,-89.1970,-89.1323,-89.0783,-89.0406,-89.0147,-88.9818,-88.9481,-88.9191,-88.8724,-88.8111,-88.7515,-88.7038,-88.6729,-88.6524,-88.5940,-88.5064,-88.4063,-88.3078,-88.2204,-88.1494,-88.0973,-88.0647,-88.0515,-88.0566,-88.0734,-88.0883,-88.1024,-88.1016,-88.0686,-88.0164,-87.9529,-87.8852,-87.8211,-87.7663,-87.7248,-87.6986,-87.6887,-87.6950,-87.7171,-87.7533,-87.7625,-87.7377,-87.7130,-87.7030,-87.7043,-87.7125,-87.7239,-87.7186,-87.6896,-87.6376,-87.5667,-87.4680,-87.3528,-87.2361,-87.1283,-87.0128,-86.8190,-86.5131,-86.1503,-85.7913,-85.4648,-85.1823,-84.9445,-84.6780,-84.3264,-83.9444,-83.5857,-83.2712,-83.0056,-82.7455,-82.4777,-82.2119,-81.9753,-81.7809,-81.6313,-81.5201,-81.4315,-81.3646,-81.3223,-81.3062,-81.3164,-81.3521,-81.4120,-81.4944,-81.5978,-81.7202,-81.8599,-82.0153,-82.1847,-82.3666,-82.5594,-82.7618,-82.9724,-83.1901,-83.4078,-83.6115,-83.7682,-83.8766,-83.9595,-84.0149,-84.0369,-84.0475,-84.0472,-84.0053,-83.8837,-83.7497,-83.6505,-83.5946,-83.5815,-83.6079,-83.6694,-83.7619,-83.8811,-84.0233,-84.1852,-84.3637,-84.5558,-84.7030,-84.7873,-84.8652,-84.9346,-85.0057,-85.0120,-85.0129,-85.0370,-85.0889,-85.1668,-85.2673,-85.3870,-85.5225,-85.6708,-85.8295,-85.9963,-86.1694,-86.3470,-86.5277,-86.7104,-86.8938,-87.0717,-87.2361,-87.3866,-87.5260,-87.6570,-87.7819,-87.9025,-88.0201,-88.1356,-88.2497,-88.3626,-88.4746,-88.5856,-88.6958,-88.7936,-88.8680,-88.9253,-88.9611,-88.9791,-88.9890,-88.9985,-89.0121,-89.0322,-89.0597,-89.0949,-89.1372,-89.1861,-89.2407,-89.3004,-89.3642,-89.4315,-89.5016,-89.5737,-89.6474,-89.7208,-89.7669,-89.7723,-89.7560,-89.7319,-89.6892,-89.6286,-89.5270,-89.4029,-89.2726,-89.1469,-89.0325,-88.9336,-88.8523,-88.7894,-88.7445,-88.7172,-88.7062,-88.7103,-88.7282,-88.7584,-88.7996,-88.8504,-88.9096,-88.9759,-89.0483,-89.1257,-89.2070,-89.2916,-89.3785,-89.4359,-89.4100,-89.3722,-89.3532,-89.3572,-89.3810,-89.4199,-89.4628,-89.4429,-89.3263,-89.1709,-89.0073,-88.8235,-88.6313,-88.3873,-88.1449,-87.9337,-87.7522,-87.5032,-87.1818,-86.8693,-86.5991,-86.3813,-86.2156,-86.0984,-86.0247,-85.9857,-85.9652,-85.9413,-85.8656,-85.7686,-85.6793,-85.6088,-85.5611,-85.5373,-85.5370,-85.5588,-85.6012,-85.6624,-85.7406,-85.8341,-85.9411,-86.0599,-86.1830,-86.2513,-86.2716,-86.2778,-86.2885,-86.3120,-86.3488,-86.3330,-86.2819,-86.2126,-86.1498,-86.1084,-86.0938,-86.1071,-86.1464,-86.2094,-86.2898,-86.2624,-86.1789,-86.0950,-85.9791,-85.8683,-85.7818,-85.7224,-85.6595,-85.6018,-85.5643,-85.5504,-85.5600,-85.5915,-85.6431,-85.7128,-85.7985,-85.8984,-86.0087,-86.1016,-86.1639,-86.2096,-86.2507,-86.2945,-86.3450,-86.4041,-86.4726,-86.5503,-86.6369,-86.7272,-86.8073,-86.8777,-86.9442,-87.0101,-87.0656,-87.1035,-87.1317,-87.1597,-87.1939,-87.2375,-87.2920,-87.3576,-87.4337,-87.5195,-87.6125,-87.6772,-87.7079,-87.7325,-87.7662,-87.8143,-87.8706,-87.9076,-87.9357,-87.9667,-87.9903,-88.0023,-88.0115,-88.0242,-88.0442,-88.0732,-88.1120,-88.1603,-88.2178,-88.2815,-88.3412,-88.3917,-88.4350,-88.4112,-88.3456,-88.2710,-88.1947,-88.1246,-88.0657,-88.0206,-87.9901,-87.9719,-87.9578,-87.9451,-87.9351,-87.9301,-87.9318,-87.9414,-87.9553,-87.9685,-87.9807,-87.9938,-88.0095,-88.0088,-87.9811,-87.9295,-87.8587,-87.7842,-87.7178,-87.6662,-87.6322,-87.6167,-87.6157,-87.6259,-87.6485,-87.6805,-87.6977,-87.7014,-87.7045,-87.7152,-87.7375,-87.7727,-87.8206,-87.8804,-87.9508,-88.0304,-88.1177,-88.2116,-88.3108,-88.4141,-88.5205,-88.6292,-88.7393,-88.8497,-88.8871,-88.8945,-88.9060,-88.9193,-88.9324,-88.9451,-88.9389,-88.9162,-88.8875,-88.8592,-88.8349,-88.8149,-88.7799,-88.7283,-88.6745,-88.6286,-88.5860,-88.4983,-88.3473,-88.1860,-88.0231,-87.8701,-87.7308,-87.5810,-87.4374,-87.3177,-87.2286,-87.1707,-87.1419,-87.1394,-87.1599,-87.2005,-87.2583,-87.3307,-87.4156,-87.5110,-87.6150,-87.7260,-87.8426,-87.9637,-88.0879,-88.2143,-88.3420,-88.4504,-88.4951,-88.5216,-88.5186,-88.4886,-88.4174,-88.3208,-88.2146,-88.0749,-87.9037,-87.7215,-87.4925,-87.2171,-86.9584,-86.7339,-86.5493,-86.4053,-86.3001,-86.2308,-86.1939,-86.1860,-86.2034,-86.2135,-86.2137,-86.2228,-86.2468,-86.2871,-86.3424,-86.4029,-86.4254,-86.3524,-86.2462,-86.1511,-86.0802,-86.0362,-86.0101,-85.9880,-85.9724,-85.9686,-85.9802,-86.0085,-86.0538,-86.1151,-86.1914,-86.2811,-86.3826,-86.4944,-86.6149,-86.7429,-86.8762,-87.0048,-87.0969,-87.1514,-87.1884,-87.2201,-87.2260,-87.1675,-87.0796,-86.9538,-86.8256,-86.7092,-86.6032,-86.5074,-86.4175,-86.3336,-86.2589,-86.1966,-86.1397,-86.0716,-85.9994,-85.9339,-85.8823,-85.8488,-85.8348,-85.8402,-85.8183,-85.7579,-85.6840,-85.6141,-85.5594,-85.5252,-85.4847,-85.3988,-85.2959,-85.1997,-85.1179,-85.0538,-85.0096,-84.9869,-84.9859,-85.0064,-85.0472,-85.1044,-85.1491,-85.1646,-85.1632,-85.1589,-85.1613,-85.1760,-85.2057,-85.2274,-85.2196,-85.2076,-85.2083,-85.2293,-85.2727,-85.3313,-85.3920,-85.4557,-85.5258,-85.6045,-85.6927,-85.7904,-85.8975,-86.0131,-86.1364,-86.2666,-86.4026,-86.5436,-86.6885,-86.8365,-86.9868,-87.1385,-87.2908,-87.4432,-87.5753,-87.6242,-87.6169,-87.5817,-87.5477,-87.5284,-87.5288,-87.5489,-87.5875,-87.6421,-87.6824,-87.6367,-87.5483,-87.4600,-87.3907,-87.3464,-87.3273,-87.3317,-87.3566,-87.3995,-87.4578,-87.5290,-87.6112,-87.7023,-87.8008,-87.9051,-87.9990,-88.0467,-88.0820,-88.1187,-88.1619,-88.2136,-88.2739,-88.3422,-88.4172,-88.4422,-88.4337,-88.4259,-88.4284,-88.4436,-88.4714,-88.5052,-88.5255,-88.5337,-88.5388,-88.5460,-88.5026,-88.3864,-88.2271,-88.0590,-87.8790,-87.7001,-87.5385,-87.4030,-87.2965,-87.2191,-87.1691,-87.1443,-87.1266,-87.0880,-87.0520,-87.0299,-87.0259,-87.0357,-87.0401,-87.0470,-87.0626,-87.0891,-87.1268,-87.1755,-87.2348,-87.3037,-87.3814,-87.4669,-87.5592,-87.6574,-87.7606,-87.8678,-87.9784,-88.0863,-88.1568,-88.2073,-88.2527,-88.2923,-88.3244,-88.3518,-88.3777,-88.4046,-88.4322,-88.4455,-88.4430,-88.4344,-88.4279,-88.4283,-88.4379,-88.4576,-88.4873,-88.5264,-88.5740,-88.6293,-88.6912,-88.7588,-88.8278,-88.8611,-88.8727,-88.8779,-88.8537,-88.8026,-88.7406,-88.6749,-88.6130,-88.5582,-88.4934,-88.4022,-88.2978,-88.1956,-88.1039,-88.0273,-87.9678,-87.9263,-87.8970,-87.8381,-87.7741,-87.7229,-87.6690,-87.5901,-87.5148,-87.4594,-87.4283,-87.4209,-87.4351,-87.4686,-87.5186,-87.5829,-87.6594,-87.7460,-87.8410,-87.8998,-87.9087,-87.9045,-87.8884,-87.8713,-87.8609,-87.8446,-87.8237,-87.8072,-87.8007,-87.8073,-87.8279,-87.8624,-87.9099,-87.9692,-88.0390,-88.1178,-88.2042,-88.2970,-88.3950,-88.4969,-88.6018,-88.7089,-88.8172,-88.9261,-89.0349,-89.1431,-89.2502,-89.3558,-89.4595,-89.5611,-89.6602,-89.7151,-89.6968,-89.6710,-89.6614,-89.6699,-89.6934,-89.7285,-89.7648,-89.7510,-89.7199,-89.6939,-89.6790,-89.6523,-89.6029,-89.5530,-89.5118,-89.4827,-89.4667,-89.4633,-89.4366,-89.3480,-89.2350,-89.1268,-89.0353,-88.9512,-88.8508,-88.7025,-88.5478,-88.4143,-88.3113,-88.2399,-88.1980,-88.1822,-88.1889,-88.2149,-88.2571,-88.3131,-88.3802,-88.4454,-88.4977,-88.5419,-88.5845,-88.6300,-88.6810,-88.7384,-88.8024,-88.8726,-88.9483,-89.0287,-89.1130,-89.2002,-89.2896,-89.3805,-89.4723,-89.5643,-89.6560,-89.7470,-89.8369,-89.9254,-90.0121,-90.0969,-90.1795,-90.2599,-90.3378,-90.4132,-90.4861,-90.5564,-90.6156,-90.6440,-90.6506,-90.5802,-90.4878,-90.4028,-90.3313,-90.2749,-90.2332,-90.2054,-90.1902,-90.1734,-90.1367,-90.0891,-90.0424,-90.0039,-89.9772,-89.9631,-89.9611,-89.9703,-89.9892,-90.0165,-90.0508,-90.0910,-90.1360,-90.1849,-90.2368,-90.2910,-90.3468,-90.4038,-90.4614,-90.5192,-90.5769,-90.6342,-90.6908,-90.7466,-90.8012,-90.8546,-90.9067,-90.9573,-91.0065,-91.0541,-91.0952,-91.0640,-91.0136,-90.9680,-90.9317,-90.9052,-90.8881,-90.8796,-90.8788,-90.8843,-90.8848,-90.8719,-90.8511,-90.8283,-90.8072,-90.7746,-90.7274,-90.6741,-90.6067,-90.5270,-90.4444,-90.3667,-90.2986,-90.2425,-90.1994,-90.1568,-90.0748,-89.9874,-89.9109,-89.8508,-89.8085,-89.7819,-89.7647,-89.7527,-89.7329,-89.6675,-89.5947,-89.5308,-89.4809,-89.4466,-89.4278,-89.4239,-89.3992,-89.3302,-89.1895,-89.0476,-88.9323,-88.8491,-88.7967,-88.7719,-88.7712,-88.7909,-88.8278,-88.8790,-88.9422,-89.0149,-89.0955,-89.1822,-89.2735,-89.3684,-89.4655,-89.5642,-89.6635,-89.7627,-89.8613,-89.9533,-89.9253,-89.8736,-89.8417,-89.8344,-89.8486,-89.8798,-89.9240,-89.9780,-90.0390,-90.1052,-90.1749,-90.2468,-90.3200,-90.3937,-90.4672,-90.5401,-90.6119,-90.6821,-90.7254,-90.7227,-90.7020,-90.6822,-90.6707,-90.6693,-90.6776,-90.6945,-90.7185,-90.7485,-90.7832,-90.8215,-90.8617,-90.8537,-90.7843,-90.6802,-90.5719,-90.4763,-90.4000,-90.3444,-90.3036,-90.2425,-90.1713,-90.0588,-89.9231,-89.8004,-89.7017,-89.6293,-89.5820,-89.5574,-89.5121,-89.3851,-89.2799,-89.2094,-89.1717,-89.1623,-89.1765,-89.2101,-89.2591,-89.3206,-89.3918,-89.4706,-89.5550,-89.6436,-89.7350,-89.8194,-89.8622,-89.8857,-89.9058,-89.9292,-89.9589,-89.9955,-90.0390,-90.0838,-90.1049,-90.1028,-90.0563,-89.9917,-89.9300,-89.8791,-89.8422,-89.8199,-89.8118,-89.8023,-89.7531,-89.6984,-89.6532,-89.6226,-89.6080,-89.6089,-89.6240,-89.5650,-89.4475,-89.3620,-89.3120,-89.2928,-89.2988,-89.3249,-89.3670,-89.4216,-89.4860,-89.5578,-89.6267,-89.6731,-89.7042,-89.7313,-89.7545,-89.7546,-89.7431,-89.7304,-89.7223,-89.7218,-89.7302,-89.7480,-89.7747,-89.8096,-89.8519,-89.9007,-89.9549,-90.0137,-90.0761,-90.1413,-90.2087,-90.2774,-90.3470,-90.4170,-90.4868,-90.5561,-90.6245,-90.6918,-90.7578,-90.8222,-90.8849,-90.9458,-91.0047,-91.0617,-91.1166,-91.1695,-91.2203,-91.2691,-91.3159,-91.3606,-91.4035,-91.4444,-91.4834,-91.5207,-91.5562,-91.5901,-91.6223,-91.6531,-91.6823,-91.7097,-91.7120,-91.6795,-91.6321,-91.5834,-91.5402,-91.5014,-91.4518,-91.3909,-91.3230,-91.2411,-91.1514,-91.0632,-90.9832,-90.9148,-90.8594,-90.8173,-90.7878,-90.7702,-90.7632,-90.7658,-90.7766,-90.7948,-90.8190,-90.8486,-90.8824,-90.9198,-90.9600,-91.0024,-91.0465,-91.0917,-91.1376,-91.1838,-91.2301,-91.2761,-91.3216,-91.3663,-91.4102,-91.4532,-91.4950,-91.5356,-91.5749,-91.6116,-91.6324,-91.6321,-91.6178,-91.5970,-91.5751,-91.5550,-91.5386,-91.5268,-91.5117,-91.4355,-91.3380,-91.2524,-91.1854,-91.1367,-91.1042,-91.0854,-91.0785,-91.0813,-91.0925,-91.1105,-91.1341,-91.1622,-91.1940,-91.2287,-91.2657,-91.3042,-91.3438,-91.3842,-91.4248,-91.4655,-91.5059,-91.5459,-91.5852,-91.6237,-91.6613,-91.6979,-91.7334,-91.7677,-91.8009,-91.8329,-91.8637,-91.8933,-91.9217,-91.9489,-91.9750,-91.9999,-92.0237,-92.0465,-92.0682,-92.0889,-92.1087,-92.1270,-92.1045,-92.0399,-91.9643,-91.8934,-91.8340,-91.7881,-91.7553,-91.7340,-91.7227,-91.7197,-91.7234,-91.7326,-91.7461,-91.7630,-91.7827,-91.8043,-91.8275,-91.8518,-91.8768,-91.9023,-91.9280,-91.9536,-91.9791,-92.0043,-92.0290,-92.0532,-92.0768,-92.0998,-92.1221,-92.1425,-92.1356,-92.1019,-92.0593,-92.0167,-91.9776,-91.9313,-91.8735,-91.8071,-91.6981,-91.5700,-91.4465,-91.3370,-91.2449,-91.1710,-91.1147,-91.0747,-91.0494,-91.0373,-91.0366,-91.0459,-91.0636,-91.0884,-91.1191,-91.1547,-91.1942,-91.2367,-91.2815,-91.3280,-91.3755,-91.4237,-91.4721,-91.5203,-91.5663,-91.5721,-91.5389,-91.4933,-91.4506,-91.4174,-91.3890,-91.3200,-91.2288,-91.1361,-91.0435,-90.9585,-90.8864,-90.8295,-90.7879,-90.7608,-90.7471,-90.7454,-90.7474,-90.7384,-90.7213,-90.6876,-90.6228,-90.5478,-90.4787,-90.4235,-90.3848,-90.3631,-90.3484,-90.3078,-90.2646,-90.2317,-90.2123,-90.2069,-90.2147,-90.2344,-90.2646,-90.3039,-90.3509,-90.4042,-90.4628,-90.5254,-90.5912,-90.6593,-90.7290,-90.7996,-90.8705,-90.9412,-91.0113,-91.0804,-91.1483,-91.2147,-91.2793,-91.3421,-91.4029,-91.4613,-91.4619,-91.3947,-91.3257,-91.2760,-91.2466,-91.2343,-91.2354,-91.2469,-91.2665,-91.2924,-91.3231,-91.3574,-91.3944,-91.4334,-91.4590,-91.3794,-91.2836,-91.2081,-91.1581,-91.1307,-91.1217,-91.1153,-91.0800,-91.0361,-90.9965,-90.9659,-90.9461,-90.9371,-90.9383,-90.9487,-90.9673,-90.9928,-91.0243,-91.0606,-91.1008,-91.1442,-91.1890,-91.2113,-91.1873,-91.1342,-91.0705,-91.0082,-90.9539,-90.9107,-90.8796,-90.8606,-90.8530,-90.8557,-90.8675,-90.8872,-90.9138,-90.9375,-90.9085,-90.8619,-90.8194,-90.7878,-90.7689,-90.7595,-90.6820,-90.5878,-90.5106,-90.4562,-90.4240,-90.4114,-90.4155,-90.4335,-90.4629,-90.5016,-90.5478,-90.5999,-90.6566,-90.7166,-90.7791,-90.8431,-90.9081,-90.9620,-90.9534,-90.8901,-90.8121,-90.7374,-90.6737,-90.6242,-90.5895,-90.5690,-90.5617,-90.5660,-90.5806,-90.6039,-90.6348,-90.6719,-90.7142,-90.7606,-90.8103,-90.8626,-90.9166,-90.9718,-91.0277,-91.0838,-91.1397,-91.1952,-91.2498,-91.3035,-91.3560,-91.4072,-91.4568,-91.5049,-91.5514,-91.5962,-91.6369,-91.6462,-91.6278,-91.5980,-91.5667,-91.5397,-91.4934,-91.4219,-91.3492,-91.2759,-91.1880,-91.0933,-91.0025,-90.9221,-90.8555,-90.8038,-90.7668,-90.7436,-90.7327,-90.7330,-90.7429,-90.7611,-90.7865,-90.8177,-90.8539,-90.8941,-90.9375,-90.9583,-90.9389,-90.9089,-90.8818,-90.8628,-90.8535,-90.8540,-90.8636,-90.8813,-90.9061,-90.9368,-90.9724,-91.0118,-91.0543,-91.0992,-91.1456,-91.1932,-91.2413,-91.2896,-91.3377,-91.3854,-91.4323,-91.4780,-91.5117,-91.5234,-91.5199,-91.5092,-91.4969,-91.4862,-91.4789,-91.4757,-91.4768,-91.4822,-91.4916,-91.5040,-91.4968,-91.4540,-91.3560,-91.2261,-91.1005,-90.9920,-90.9048,-90.8391,-90.7903,-90.7426,-90.6942,-90.6499,-90.6133,-90.5861,-90.5689,-90.5615,-90.5635,-90.5740,-90.5923,-90.6175,-90.6101,-90.5121,-90.4166,-90.3484,-90.3090,-90.2944,-90.2998,-90.3210,-90.3546,-90.3976,-90.4480,-90.5040,-90.5641,-90.6272,-90.6922,-90.7584,-90.8251,-90.8918,-90.9581,-91.0234,-91.0876,-91.1503,-91.2114,-91.2708,-91.3282,-91.3837,-91.4339,-91.4491,-91.3991,-91.2220,-91.0062,-90.8046,-90.6328,-90.4948,-90.3897,-90.3147,-90.2660,-90.2400,-90.2333,-90.2427,-90.2652,-90.2914,-90.3111,-90.3244,-90.3348,-90.3460,-90.3605,-90.3799,-90.4047,-90.4352,-90.4711,-90.5119,-90.5571,-90.6059,-90.6578,-90.7122,-90.7683,-90.8257,-90.8839,-90.9373,-90.9627,-90.9700,-90.9697,-90.9681,-90.9688,-90.9735,-90.9821,-90.9827,-90.9734,-90.9594,-90.9451,-90.9336,-90.9265,-90.9250,-90.9293,-90.9395,-90.9551,-90.9759,-91.0012,-91.0199,-90.9219,-90.8168,-90.7363,-90.6819,-90.6508,-90.6392,-90.6437,-90.6610,-90.6886,-90.7120,-90.6572,-90.5750,-90.5095,-90.4693,-90.4520,-90.4534,-90.4690,-90.4861,-90.4966,-90.5037,-90.5107,-90.5200,-90.5331,-90.5508,-90.5734,-90.6009,-90.6330,-90.6692,-90.7091,-90.7450,-90.7693,-90.7854,-90.7972,-90.8077,-90.8191,-90.8326,-90.8491,-90.8688,-90.8920,-90.9185,-90.9480,-90.9804,-91.0151,-91.0520,-91.0906,-91.1305,-91.1715,-91.2131,-91.2552,-91.2964,-91.2770,-91.2258,-91.1761,-91.1364,-91.1087,-91.0928,-91.0875,-91.0915,-91.1033,-91.1217,-91.1454,-91.1736,-91.2052,-91.2396,-91.2760,-91.3140,-91.3529,-91.3925,-91.4323,-91.4721,-91.5116,-91.5505,-91.5888,-91.6261,-91.6432,-91.6199,-91.5758,-91.5291,-91.4892,-91.4595,-91.4403,-91.4310,-91.4301,-91.4363,-91.4484,-91.4652,-91.4859,-91.5096,-91.5357,-91.5635,-91.5927,-91.6228,-91.6534,-91.6843,-91.7153,-91.7461,-91.7766,-91.8066,-91.8360,-91.8648,-91.8929,-91.9201,-91.9466,-91.9722,-91.9968,-92.0206,-92.0436,-92.0656,-92.0868,-92.1071,-92.1265,-92.1452,-92.1630,-92.1801,-92.1964,-92.2120,-92.2270,-92.2413,-92.2528,-92.2555,-92.2396,-92.1693,-92.0723,-91.9717,-91.8773,-91.7937,-91.7013,-91.5884,-91.4424,-91.2650,-91.0829,-90.9109,-90.7569,-90.6246,-90.5153,-90.4290,-90.3644,-90.3201,-90.2942,-90.2847,-90.2896,-90.3070,-90.3352,-90.3721,-90.4120,-90.4496,-90.4840,-90.5163,-90.5482,-90.5809,-90.6153,-90.6353,-90.5937,-90.5307,-90.4771,-90.4424,-90.4269,-90.4284,-90.4442,-90.4716,-90.5084,-90.5528,-90.6031,-90.6580,-90.7164,-90.7773,-90.8399,-90.9035,-90.9675,-91.0315,-91.0950,-91.1577,-91.2193,-91.2726,-91.2585,-91.2154,-91.1719,-91.1384,-91.0975,-91.0410,-90.9863,-90.9405,-90.9063,-90.8843,-90.8317,-90.6709,-90.5225,-90.3929,-90.2876,-90.2081,-90.1532,-90.1203,-90.1065,-90.1090,-90.1256,-90.1540,-90.1923,-90.2388,-90.2922,-90.3511,-90.4144,-90.4478,-90.4082,-90.3613,-90.3339,-90.3287,-90.3423,-90.3708,-90.4109,-90.4598,-90.5155,-90.5762,-90.6405,-90.7074,-90.7758,-90.8450,-90.9144,-90.9835,-91.0518,-91.1189,-91.1846,-91.2486,-91.3108,-91.3711,-91.4292,-91.4790,-91.4870,-91.4731,-91.4534,-91.4350,-91.4213,-91.4137,-91.4124,-91.4174,-91.4280,-91.4436,-91.4635,-91.4870,-91.5136,-91.5425,-91.5703,-91.5759,-91.5594,-91.5323,-91.5034,-91.4784,-91.4599,-91.4490,-91.4456,-91.4492,-91.4590,-91.4742,-91.4940,-91.5175,-91.5439,-91.5728,-91.6035,-91.6355,-91.6685,-91.7020,-91.7357,-91.7695,-91.8030,-91.8361,-91.8687,-91.9006,-91.9317,-91.9620,-91.9913,-92.0197,-92.0471,-92.0735,-92.0989,-92.1233,-92.1467,-92.1691,-92.1905,-92.2110,-92.2306,-92.2493,-92.2672,-92.2842,-92.3004,-92.3159,-92.3306,-92.3446,-92.3580,-92.3699,-92.3682,-92.3461,-92.3108,-92.2698,-92.2238,-92.1443,-92.0495,-91.9559,-91.8709,-91.7972,-91.7359,-91.6869,-91.6495,-91.6229,-91.6060,-91.5977,-91.5969,-91.6027,-91.6140,-91.6301,-91.6501,-91.6732,-91.6990,-91.7268,-91.7561,-91.7866,-91.8177,-91.8081,-91.7303,-91.6169,-91.4924,-91.3765,-91.2715,-91.1674,-91.0499,-90.9002,-90.7146,-90.5294,-90.3661,-90.2325,-90.1296,-90.0557,-90.0078,-89.9828,-89.9775,-89.9892,-90.0153,-90.0534,-90.1015,-90.1579,-90.2209,-90.2892,-90.3617,-90.4371,-90.5148,-90.5937,-90.6733,-90.7530,-90.8322,-90.9105,-90.9876,-91.0630,-91.1367,-91.2083,-91.2777,-91.3448,-91.4012,-91.4283,-91.3578,-91.2400,-91.1308,-91.0449,-90.9831,-90.9424,-90.9196,-90.9118,-90.9166,-90.9318,-90.9556,-90.9864,-91.0229,-91.0640,-91.1087,-91.1560,-91.1949,-91.1926,-91.1736,-91.1533,-91.1267,-91.0264,-90.9024,-90.7980,-90.7214,-90.6628,-90.6140,-90.5741,-90.5437,-90.5236,-90.5142,-90.5118,-90.4931,-90.4608,-90.4283,-90.4032,-90.3891,-90.3869,-90.3961,-90.4159,-90.4449,-90.4821,-90.5260,-90.5756,-90.6299,-90.5768,-90.4835,-90.4178,-90.3817,-90.3709,-90.3805,-90.4062,-90.4443,-90.4917,-90.5352,-90.5582,-90.5668,-90.5710,-90.5778,-90.5907,-90.6112,-90.6393,-90.6745,-90.7157,-90.7621,-90.8061,-90.8131,-90.7942,-90.7709,-90.7545,-90.7490,-90.7548,-90.7710,-90.7905,-90.7551,-90.6989,-90.6508,-90.6181,-90.6017,-90.6001,-90.6115,-90.6013,-90.5297,-90.4326,-90.3347,-90.2495,-90.1832,-90.1377,-90.1122,-90.1052,-90.1144,-90.1374,-90.1723,-90.2168,-90.2692,-90.3280,-90.3918,-90.4594,-90.5297,-90.6018,-90.6751,-90.7487,-90.8222,-90.8952,-90.9671,-91.0290,-91.0424,-91.0366,-91.0288,-91.0251,-91.0277,-91.0374,-91.0425,-91.0089,-90.9611,-90.9151,-90.8778,-90.8520,-90.8380,-90.8354,-90.8359,-90.8274,-90.8136,-90.8003,-90.7911,-90.7880,-90.7918,-90.8026,-90.8200,-90.8436,-90.8726,-90.9064,-90.9442,-90.9854,-91.0294,-91.0754,-91.1230,-91.1548,-91.1559,-91.1432,-91.1059,-91.0463,-90.9796,-90.9166,-90.8633,-90.8225,-90.7834,-90.6996,-90.6086,-90.5305,-90.4708,-90.4303,-90.4078,-90.4015,-90.4095,-90.4296,-90.4601,-90.4991,-90.5452,-90.5969,-90.6530,-90.7125,-90.7744,-90.8373,-90.8613,-90.8036,-90.7136,-90.6272,-90.5591,-90.5129,-90.4875,-90.4802,-90.4880,-90.5080,-90.5379,-90.5757,-90.6198,-90.6688,-90.7094,-90.7138,-90.7010,-90.6867,-90.6789,-90.6805,-90.6922,-90.7133,-90.7426,-90.7787,-90.8204,-90.8665,-90.9160,-90.9681,-91.0219,-91.0769,-91.1325,-91.1882,-91.2437,-91.2986,-91.3526,-91.4056,-91.4574,-91.5077,-91.5566,-91.6038,-91.6494,-91.6934,-91.7356,-91.7761,-91.8149,-91.8521,-91.8876,-91.9214,-91.9470,-91.9445,-91.9210,-91.8895,-91.8581,-91.8306,-91.8086,-91.7925,-91.7821,-91.7771,-91.7770,-91.7811,-91.7890,-91.8002,-91.8140,-91.8302,-91.8483,-91.8678,-91.8886,-91.9102,-91.9325,-91.9552,-91.9781,-91.9824,-91.9556,-91.9165,-91.8761,-91.8392,-91.8080,-91.7832,-91.7651,-91.7533,-91.7476,-91.7473,-91.7518,-91.7606,-91.7730,-91.7884,-91.8065,-91.8180,-91.7786,-91.7208,-91.6639,-91.6149,-91.5763,-91.5486,-91.5314,-91.5236,-91.5240,-91.5298,-91.5250,-91.4918,-91.3136,-91.1352,-90.9899,-90.8793,-90.7999,-90.7470,-90.7163,-90.7040,-90.7068,-90.7220,-90.7474,-90.7808,-90.8209,-90.8534,-90.8074,-90.7497,-90.7052,-90.6789,-90.6698,-90.6759,-90.6947,-90.7240,-90.7616,-90.8058,-90.8552,-90.9084,-90.9645,-91.0226,-91.0818,-91.1416,-91.2014,-91.2608,-91.3194,-91.3770,-91.4333,-91.4880,-91.5412,-91.5926,-91.6422,-91.6899,-91.7357,-91.7796,-91.8216,-91.8617,-91.8960,-91.8754,-91.8164,-91.7306,-91.6351,-91.5428,-91.4609,-91.3927,-91.3391,-91.2997,-91.2736,-91.2592,-91.2553,-91.2604,-91.2732,-91.2925,-91.3121,-91.3186,-91.3148,-91.2933,-91.2504,-91.1982,-91.1457,-91.0988,-91.0607,-91.0327,-91.0153,-91.0081,-91.0104,-91.0214,-91.0400,-91.0652,-91.0793,-91.0355,-90.9540,-90.8620,-90.7751,-90.7011,-90.6432,-90.6022,-90.5775,-90.5677,-90.5714,-90.5866,-90.6119,-90.5809,-90.5120,-90.4458,-90.3857,-90.2720,-90.1234,-89.9891,-89.8844,-89.8115,-89.7679,-89.7499,-89.7536,-89.7754,-89.8122,-89.8613,-89.9204,-89.9874,-90.0606,-90.1386,-90.2201,-90.3041,-90.3896,-90.4758,-90.5620,-90.6477,-90.7323,-90.8156,-90.8971,-90.9765,-91.0537,-91.1285,-91.2007,-91.2703,-91.3372,-91.4014,-91.4629,-91.5216,-91.5776,-91.6311,-91.6819,-91.7302,-91.7746,-91.8024,-91.8106,-91.8060,-91.7947,-91.7808,-91.7669,-91.7544,-91.7444,-91.7373,-91.7335,-91.7329,-91.7356,-91.7377,-91.7162,-91.6716,-91.5909,-91.4763,-91.3339,-91.1555,-90.9601,-90.7752,-90.6121,-90.4752,-90.3655,-90.2816,-90.2217,-90.1834,-90.1641,-90.1458,-90.0911,-89.9783,-89.8129,-89.6228,-89.4338,-89.2622,-89.1162,-88.9991,-88.9110,-88.8508,-88.8162,-88.8047,-88.8086,-88.8156,-88.8223,-88.8193,-88.8111,-88.7984,-88.7083,-88.5866,-88.4849,-88.4158,-88.3785,-88.3556,-88.3201,-88.2896,-88.2731,-88.2733,-88.2905,-88.3239,-88.3720,-88.4334,-88.5065,-88.5894,-88.6809,-88.7793,-88.8833,-88.9916,-89.1032,-89.2170,-89.3295,-89.3830,-89.4034,-89.4237,-89.4533,-89.4940,-89.5451,-89.6052,-89.6728,-89.7464,-89.8246,-89.9062,-89.9902,-90.0756,-90.1576,-90.2268,-90.2830,-90.3297,-90.3707,-90.4088,-90.4460,-90.4837,-90.5228,-90.5635,-90.6060,-90.6474,-90.6541,-90.6352,-90.6098,-90.5877,-90.5735,-90.5688,-90.5737,-90.5873,-90.6088,-90.6370,-90.6708,-90.7091,-90.7512,-90.7961,-90.8432,-90.8918,-90.9413,-90.9914,-91.0416,-91.0916,-91.1411,-91.1899,-91.2379,-91.2651,-91.2267,-91.1649,-91.1097,-91.0701,-91.0466,-91.0371,-91.0392,-91.0506,-91.0694,-91.0941,-91.1232,-91.1557,-91.1908,-91.2277,-91.2659,-91.3048,-91.3441,-91.3835,-91.4227,-91.4614,-91.4995,-91.5369,-91.5734,-91.6089,-91.6434,-91.6768,-91.7091,-91.7403,-91.7703,-91.7991,-91.8269,-91.8535,-91.8790,-91.9035,-91.9269,-91.9492,-91.9706,-91.9911,-92.0106,-92.0293,-92.0472,-92.0642,-92.0805,-92.0961,-92.1110,-92.1252,-92.1357,-92.1270,-92.0963,-92.0528,-92.0051,-91.9589,-91.9172,-91.8816,-91.8526,-91.8302,-91.8139,-91.8033,-91.7977,-91.7967,-91.7996,-91.8059,-91.8151,-91.8268,-91.8405,-91.8559,-91.8726,-91.8904,-91.9090,-91.9282,-91.9477,-91.9675,-91.9874,-92.0072,-92.0268,-92.0463,-92.0653,-92.0841,-92.1021,-92.1016,-92.0618,-91.9912,-91.9058,-91.8178,-91.7349,-91.6612,-91.5987,-91.5480,-91.5088,-91.4805,-91.4621,-91.4526,-91.4510,-91.4561,-91.4671,-91.4831,-91.4528,-91.3388,-91.2311,-91.1441,-91.0348,-90.9266,-90.8352,-90.7648,-90.7154,-90.6853,-90.6724,-90.6743,-90.6888,-90.7138,-90.7473,-90.7878,-90.8339,-90.8742,-90.8814,-90.8694,-90.8545,-90.8451,-90.8447,-90.8542,-90.8731,-90.9002,-90.9342,-90.9739,-91.0180,-91.0656,-91.1141,-91.1491,-91.1658,-91.1706,-91.1704,-91.1700,-91.1721,-91.1783,-91.1892,-91.2017,-91.2032,-91.1949,-91.1821,-91.1689,-91.1580,-91.1513,-91.1495,-91.1533,-91.1625,-91.1769,-91.1962,-91.2198,-91.2473,-91.2780,-91.3115,-91.3471,-91.3846,-91.4233,-91.4630,-91.5033,-91.5438,-91.5843,-91.6245,-91.6643,-91.7035,-91.7419,-91.7794,-91.8159,-91.8513,-91.8857,-91.9189,-91.9509,-91.9817,-92.0112,-92.0396,-92.0668,-92.0929,-92.1177,-92.1415,-92.1642,-92.1858,-92.2064,-92.2260,-92.2447,-92.2625,-92.2795,-92.2921,-92.2702,-92.2069,-92.1187,-91.9944,-91.8494,-91.7051,-91.5729,-91.4579,-91.3616,-91.2840,-91.2241,-91.1802,-91.1509,-91.1344,-91.1291,-91.1335,-91.1462,-91.1661,-91.1918,-91.2224,-91.2570,-91.2948,-91.3351,-91.3772,-91.4206,-91.4649,-91.5095,-91.5543,-91.5988,-91.6428,-91.6861,-91.7285,-91.7699,-91.7756,-91.7252,-91.6689,-91.6207,-91.5840,-91.5593,-91.5454,-91.5412,-91.5451,-91.5404,-91.4896,-91.4313,-91.3756,-91.3117,-91.2436,-91.1802,-91.1266,-91.0846,-91.0545,-91.0358,-91.0278,-91.0294,-91.0397,-91.0574,-91.0812,-91.0908,-91.0760,-91.0508,-91.0262,-91.0077,-90.9978,-90.9969,-91.0047,-91.0203,-91.0429,-91.0714,-91.1049,-91.1425,-91.1833,-91.2267,-91.2719,-91.3185,-91.3660,-91.4138,-91.4617,-91.5093,-91.5564,-91.6028,-91.6482,-91.6925,-91.7356,-91.7774,-91.8046,-91.7775,-91.7330,-91.6255,-91.4955,-91.3765,-91.2771,-91.1992,-91.1415,-91.1023,-91.0768,-91.0437,-90.9997,-90.9545,-90.9156,-90.8869,-90.8698,-90.8642,-90.8695,-90.8843,-90.9076,-90.9379,-90.9743,-91.0154,-91.0605,-91.1085,-91.1588,-91.2106,-91.2634,-91.3166,-91.3699,-91.4229,-91.4752,-91.5266,-91.5769,-91.6259,-91.6735,-91.7196,-91.7642,-91.8071,-91.8483,-91.8879,-91.9258,-91.9620,-91.9966,-92.0295,-92.0610,-92.0909,-92.1193,-92.1463,-92.1719,-92.1869,-92.1655,-92.1228,-92.0628,-91.9806,-91.8848,-91.7574,-91.6181,-91.4841,-91.3635,-91.2597,-91.1739,-91.1060,-91.0551,-91.0197,-90.9983,-90.9892,-90.9911,-90.9978,-90.9912,-90.9698,-90.9422,-90.9158,-90.8951,-90.8823,-90.8780,-90.8823,-90.8944,-90.9136,-90.9392,-90.9702,-91.0057,-91.0450,-91.0873,-91.1319,-91.1784,-91.2260,-91.2744,-91.3232,-91.3642,-91.3603,-91.3348,-91.3064,-91.2826,-91.2661,-91.2577,-91.2572,-91.2642,-91.2779,-91.2908,-91.2425,-91.1469,-91.0170,-90.8591,-90.7015,-90.5615,-90.4461,-90.3570,-90.2930,-90.2517,-90.2305,-90.2267,-90.2378,-90.2615,-90.2956,-90.3385,-90.3885,-90.4442,-90.5044,-90.5680,-90.6342,-90.7020,-90.7709,-90.8401,-90.9093,-90.9779,-91.0456,-91.1121,-91.1771,-91.2405,-91.3021,-91.3617,-91.4193,-91.4747,-91.5281,-91.5792,-91.6282,-91.6751,-91.7198,-91.7625,-91.8032,-91.8418,-91.8786,-91.9135,-91.9467,-91.9781,-92.0079,-92.0332,-92.0333,-92.0088,-91.9716,-91.9312,-91.8934,-91.8613,-91.8360,-91.8179,-91.8064,-91.8010,-91.8010,-91.8046,-91.7935,-91.7640,-91.7255,-91.6848,-91.6465,-91.6133,-91.5865,-91.5665,-91.5534,-91.5468,-91.5165,-91.4406,-91.3554,-91.2799,-91.2210,-91.1800,-91.1555,-91.1454,-91.1346,-91.0812,-91.0219,-90.9723,-90.9362,-90.9138,-90.9044,-90.9065,-90.9186,-90.9391,-90.9668,-91.0003,-91.0305,-91.0348,-91.0225,-90.9963,-90.9435,-90.8793,-90.7979,-90.6878,-90.5788,-90.4839,-90.3989,-90.3055,-90.1492,-89.9574,-89.7230,-89.4713,-89.2336,-89.0263,-88.8559,-88.7233,-88.6270,-88.5638,-88.5306,-88.5202,-88.5100,-88.4975,-88.4904,-88.4946,-88.5131,-88.5469,-88.5703,-88.5538,-88.5381,-88.5378,-88.5562,-88.5930,-88.6465,-88.7143,-88.7944,-88.8845,-88.9826,-89.0870,-89.1957,-89.2866,-89.3450,-89.3879,-89.4284,-89.4733,-89.5255,-89.5856,-89.6531,-89.7271,-89.8063,-89.8895,-89.9756,-90.0636,-90.1489,-90.1991,-90.2275,-90.2498,-90.2726,-90.2989,-90.3299,-90.3659,-90.4067,-90.4520,-90.5012,-90.5537,-90.6089,-90.6661,-90.7248,-90.7845,-90.8446,-90.9048,-90.9647,-91.0240,-91.0824,-91.1396,-91.1956,-91.2501,-91.3030,-91.3542,-91.4037,-91.4515,-91.4974,-91.5415,-91.5838,-91.6243,-91.6631,-91.7001,-91.7354,-91.7691,-91.8012,-91.8318,-91.8609,-91.8886,-91.9149,-91.9400,-91.9638,-91.9864,-92.0079,-92.0283,-92.0477,-92.0662,-92.0838,-92.1005,-92.1164,-92.1316,-92.1460,-92.1598,-92.1729,-92.1854,-92.1974,-92.2089,-92.2193,-92.2064,-92.1590,-92.0961,-92.0318,-91.9732,-91.9234,-91.8803,-91.8049,-91.7100,-91.6169,-91.5343,-91.4654,-91.4111,-91.3709,-91.3435,-91.3276,-91.3217,-91.3245,-91.3344,-91.3282,-91.2843,-91.2317,-91.1841,-91.1463,-91.1198,-91.1045,-91.0996,-91.1015,-91.0882,-91.0577,-91.0206,-90.9855,-90.9509,-90.8809,-90.7945,-90.7162,-90.6421,-90.5611,-90.4837,-90.4170,-90.3647,-90.3280,-90.3070,-90.3006,-90.3076,-90.3258,-90.3401,-90.3424,-90.3388,-90.3353,-90.3361,-90.3271,-90.2571,-90.1517,-90.0396,-89.9371,-89.8525,-89.7870,-89.6833,-89.5660,-89.4664,-89.3941,-89.3510,-89.3352,-89.3434,-89.3626,-89.3268,-89.2815,-89.2522,-89.2455,-89.2609,-89.2959,-89.3472,-89.4119,-89.4871,-89.5705,-89.6601,-89.7542,-89.8514,-89.9505,-90.0505,-90.1506,-90.2500,-90.3482,-90.4448,-90.5392,-90.6312,-90.7206,-90.8072,-90.8907,-90.9711,-91.0484,-91.1225,-91.1935,-91.2612,-91.3258,-91.3874,-91.4459,-91.5015,-91.5543,-91.6044,-91.6518,-91.6968,-91.7392,-91.7794,-91.8174,-91.8533,-91.8872,-91.9191,-91.9493,-91.9779,-92.0048,-92.0302,-92.0542,-92.0768,-92.0982,-92.1184,-92.1375,-92.1556,-92.1727,-92.1888,-92.2042,-92.2187,-92.2325,-92.2455,-92.2580,-92.1765,-92.0407,-91.9231,-91.8331,-91.7684,-91.7246,-91.6591,-91.5131,-91.3766,-91.2715,-91.1981,-91.1517,-91.1268,-91.1190,-91.1247,-91.1408,-91.1653,-91.1961,-91.2319,-91.2656,-91.2625,-91.2396,-91.2136,-91.1916,-91.1766,-91.1696,-91.1582,-91.1216,-91.0707,-91.0187,-90.9737,-90.9398,-90.9183,-90.9088,-90.9105,-90.9220,-90.9419,-90.9688,-91.0016,-91.0243,-90.9842,-90.9289,-90.8852,-90.8580,-90.8465,-90.8486,-90.8620,-90.8793,-90.7853,-90.6763,-90.5947,-90.5444,-90.5212,-90.5200,-90.5361,-90.5657,-90.6055,-90.6453,-90.6452,-90.6241,-90.6046,-90.5330,-90.3897,-90.2350,-90.0969,-89.9864,-89.9062,-89.8550,-89.8299,-89.8274,-89.8440,-89.8764,-89.9219,-89.9780,-90.0424,-90.1135,-90.1897,-90.2695,-90.3518,-90.4357,-90.5204,-90.6051,-90.6893,-90.7724,-90.8541,-90.9188,-90.9430,-90.9523,-90.9585,-90.9664,-90.9780,-90.9935,-90.9998,-90.9924,-90.9783,-90.9637,-90.9519,-90.9164,-90.8596,-90.8015,-90.7507,-90.7105,-90.6823,-90.6564,-90.6026,-90.5435,-90.4915,-90.4509,-90.4232,-90.4082,-90.4054,-90.4137,-90.4319,-90.4588,-90.4933,-90.5341,-90.5802,-90.6306,-90.6845,-90.7409,-90.7992,-90.8587,-90.9190,-90.9774,-91.0104,-91.0168,-91.0107,-90.9732,-90.9080,-90.8398,-90.7465,-90.5843,-90.4238,-90.2956,-90.2029,-90.1416,-90.1067,-90.0936,-90.0985,-90.0856,-90.0353,-89.9263,-89.7767,-89.6487,-89.5550,-89.4956,-89.4668,-89.4640,-89.4828,-89.5194,-89.5702,-89.6325,-89.7039,-89.7449,-89.7182,-89.6880,-89.6791,-89.6861,-89.6754,-89.6518,-89.6331,-89.6287,-89.6413,-89.6701,-89.7130,-89.7675,-89.8312,-89.9022,-89.9786,-90.0590,-90.1421,-90.2269,-90.3125,-90.3978,-90.4715,-90.5267,-90.5697,-90.6064,-90.6408,-90.6753,-90.7110,-90.7487,-90.7886,-90.8307,-90.8746,-90.9203,-90.9674,-91.0155,-91.0643,-91.1136,-91.1630,-91.2122,-91.2610,-91.3092,-91.3567,-91.4032,-91.4487,-91.4930,-91.5360,-91.5777,-91.6181,-91.6436,-91.6227,-91.5816,-91.5369,-91.4958,-91.4387,-91.3517,-91.2390,-91.1120,-90.9877,-90.8764,-90.7829,-90.7088,-90.6504,-90.5880,-90.5195,-90.4528,-90.3938,-90.3460,-90.3109,-90.2885,-90.2785,-90.2747,-90.2666,-90.2532,-90.2361,-90.2043,-90.1585,-90.1085,-90.0625,-90.0254,-89.9998,-89.9867,-89.9859,-89.9967,-90.0181,-90.0488,-90.0877,-90.1335,-90.1851,-90.2415,-90.3017,-90.3648,-90.4300,-90.4967,-90.5642,-90.6321,-90.6999,-90.7671,-90.8335,-90.8988,-90.9627,-91.0250,-91.0857,-91.1445,-91.2008,-91.2416,-91.2576,-91.2574,-91.2503,-91.2422,-91.2357,-91.1680,-91.0785,-90.9967,-90.8896,-90.7629,-90.6414,-90.5382,-90.4580,-90.4011,-90.3656,-90.3489,-90.3483,-90.3612,-90.3852,-90.4183,-90.4587,-90.5050,-90.5559,-90.6080,-90.5997,-90.5594,-90.5211,-90.4947,-90.4829,-90.4855,-90.5008,-90.5269,-90.5617,-90.6035,-90.6508,-90.7021,-90.7565,-90.8128,-90.8705,-90.9287,-90.9871,-91.0452,-91.1025,-91.1590,-91.2142,-91.2681,-91.3205,-91.3712,-91.4203,-91.4676,-91.5132,-91.5569,-91.5989,-91.6390,-91.6775,-91.7142,-91.7492,-91.7826,-91.8144,-91.8447,-91.8733,-91.8904,-91.8854,-91.8650,-91.8379,-91.8097,-91.7837,-91.7615,-91.7441,-91.7314,-91.7234,-91.7199,-91.7203,-91.7243,-91.7314,-91.7413,-91.7535,-91.7678,-91.7836,-91.8008,-91.8191,-91.8341,-91.8311,-91.8129,-91.7869,-91.7589,-91.7323,-91.7091,-91.6905,-91.6767,-91.6680,-91.6641,-91.6646,-91.6692,-91.6322,-91.4989,-91.3749,-91.2798,-91.2134,-91.1714,-91.1489,-91.1420,-91.1474,-91.1624,-91.1849,-91.2134,-91.2463,-91.2828,-91.3218,-91.3626,-91.4046,-91.4473,-91.4903,-91.5331,-91.5756,-91.6175,-91.6586,-91.6987,-91.7378,-91.7756,-91.8123,-91.8476,-91.8816,-91.9143,-91.9457,-91.9757,-92.0044,-92.0319,-92.0581,-92.0831,-92.1068,-92.1295,-92.1511,-92.1716,-92.1911,-92.2096,-92.2272,-92.2439,-92.2599,-92.2750,-92.2894,-92.3030,-92.3160,-92.3284,-92.3402,-92.3225,-92.1784,-92.0452,-91.9410,-91.8639,-91.8093,-91.7729,-91.7508,-91.7400,-91.7383,-91.7436,-91.7545,-91.7697,-91.7884,-91.8096,-91.8329,-91.8575,-91.8832,-91.9095,-91.9361,-91.9502,-91.9325,-91.8695,-91.7382,-91.5751,-91.4126,-91.2645,-91.1365,-91.0301,-90.9451,-90.8803,-90.8339,-90.8040,-90.7887,-90.7861,-90.7946,-90.8126,-90.8385,-90.8712,-90.9093,-90.9519,-90.9981,-91.0470,-91.0979,-91.1501,-91.1070,-90.9778,-90.8836,-90.8261,-90.7985,-90.7938,-90.8064,-90.8320,-90.8672,-90.9095,-90.9570,-91.0083,-91.0620,-91.1173,-91.1735,-91.2299,-91.2861,-91.3416,-91.3963,-91.4497,-91.5017,-91.5523,-91.6012,-91.6484,-91.6938,-91.7375,-91.7793,-91.8194,-91.8576,-91.8941,-91.9289,-91.9620,-91.9935,-92.0234,-92.0518,-92.0788,-92.1043,-92.1286,-92.1317,-92.0784,-92.0135,-91.9521,-91.8987,-91.8549,-91.8205,-91.7952,-91.7782,-91.7684,-91.7651,-91.7672,-91.7741,-91.7848,-91.7989,-91.8051,-91.7804,-91.7415,-91.7011,-91.6649,-91.6298,-91.5374,-91.3746,-91.1994,-91.0422,-90.9129,-90.8127,-90.7395,-90.6903,-90.6618,-90.6509,-90.6544,-90.6457,-90.6200,-90.5932,-90.5722,-90.5600,-90.5576,-90.5650,-90.5819,-90.6073,-90.6402,-90.6796,-90.7245,-90.7738,-90.8267,-90.8757,-90.8809,-90.8579,-90.8299,-90.8090,-90.8000,-90.8037,-90.8192,-90.8447,-90.8786,-90.9191,-90.9646,-91.0139,-91.0660,-91.1198,-91.1748,-91.2302,-91.2857,-91.3407,-91.3950,-91.4484,-91.5005,-91.5512,-91.6004,-91.6480,-91.6939,-91.7381,-91.7806,-91.8072,-91.7900,-91.7559,-91.7195,-91.6872,-91.6618,-91.6442,-91.6343,-91.6314,-91.6348,-91.6436,-91.6571,-91.6744,-91.6947,-91.7078,-91.6977,-91.6704,-91.5993,-91.4505,-91.2978,-91.1715
16,-86.0000,-85.5324,-85.6854,-85.9739,-86.2945,-86.6163,-86.9285,-87.2271,-87.5106,-87.7791,-88.0327,-88.2720,-88.4976,-88.7100,-88.9098,-89.0976,-89.2740,-89.4394,-89.5945,-89.7397,-89.8756,-90.0026,-90.1212,-90.2318,-90.3350,-90.4311,-90.5205,-90.6037,-90.6811,-90.7530,-90.8197,-90.8817,-90.9392,-90.9924,-91.0418,-91.0876,-91.1299,-91.1692,-91.1962,-91.1684,-91.0868,-90.9749,-90.8529,-90.6320,-90.2788,-89.9267,-89.6169,-89.3591,-89.1520,-88.9910,-88.8704,-88.7846,-88.7285,-88.6976,-88.6880,-88.6963,-88.7196,-88.7555,-88.8018,-88.8568,-88.9187,-88.9862,-89.0582,-89.1336,-89.2116,-89.2912,-89.3719,-89.4531,-89.5341,-89.6147,-89.6944,-89.7729,-89.8499,-89.9252,-89.9987,-90.0700,-90.1392,-90.2061,-90.2707,-90.3330,-90.3928,-90.4502,-90.5053,-90.5579,-90.6082,-90.6562,-90.7020,-90.7456,-90.7870,-90.8264,-90.8637,-90.8992,-90.9327,-90.9645,-90.9946,-91.0230,-91.0499,-91.0753,-91.0992,-91.1218,-91.1431,-91.1632,-91.1821,-91.1999,-91.2167,-91.2325,-91.2474,-91.2614,-91.2745,-91.2869,-91.2985,-91.3095,-91.3198,-91.3295,-91.3386,-91.3471,-91.3552,-91.3628,-91.3699,-91.3766,-91.3829,-91.3889,-91.3945,-91.3751,-91.2669,-91.1062,-90.9310,-90.7617,-90.6080,-90.4740,-90.3608,-90.2678,-90.1937,-90.1366,-90.0947,-90.0662,-90.0493,-90.0425,-90.0444,-90.0214,-89.8278,-89.5894,-89.3720,-89.1929,-89.0539,-88.9519,-88.8823,-88.8402,-88.8213,-88.8217,-88.8380,-88.8675,-88.9056,-88.7624,-88.3485,-87.9069,-87.5165,-87.1989,-86.9549,-86.7776,-86.6583,-86.5878,-86.5582,-86.5623,-86.5941,-86.6487,-86.7218,-86.8100,-86.9101,-87.0199,-87.1371,-87.2599,-87.3846,-87.3649,-87.2481,-87.1324,-87.0456,-86.9933,-86.9738,-86.9833,-87.0174,-87.0718,-87.1429,-87.2273,-87.3223,-87.4256,-87.5352,-87.6486,-87.7364,-87.7807,-87.7968,-87.7998,-87.7905,-87.7349,-87.6367,-87.5204,-87.4059,-87.3054,-87.2251,-87.1672,-87.1315,-87.1168,-87.1213,-87.1430,-87.1799,-87.2229,-87.1166,-86.9364,-86.7695,-86.6396,-86.5507,-86.5002,-86.4837,-86.4961,-86.5330,-86.5901,-86.6639,-86.7514,-86.8498,-86.9570,-87.0710,-87.1903,-87.3135,-87.4393,-87.5668,-87.6950,-87.8232,-87.9508,-88.0773,-88.2020,-88.3247,-88.4449,-88.5624,-88.6770,-88.7885,-88.8966,-89.0014,-89.1026,-89.2003,-89.2945,-89.3850,-89.4720,-89.5554,-89.6353,-89.7117,-89.7848,-89.8545,-89.9211,-89.9845,-90.0448,-90.1023,-90.1568,-90.2087,-90.2579,-90.3046,-90.3489,-90.3909,-90.4306,-90.4683,-90.5039,-90.5377,-90.5696,-90.5998,-90.6283,-90.6553,-90.6808,-90.7049,-90.7277,-90.7493,-90.7697,-90.7890,-90.8072,-90.8244,-90.8408,-90.8562,-90.8708,-90.8847,-90.8978,-90.9102,-90.9220,-90.9331,-90.9438,-90.9538,-90.9634,-90.9725,-90.9803,-90.9760,-90.9461,-90.8903,-90.8164,-90.7328,-90.6465,-90.5625,-90.4839,-90.4127,-90.3497,-90.2954,-90.2496,-90.2122,-90.1825,-90.1601,-90.1444,-90.1349,-90.1309,-90.1320,-90.1375,-90.1471,-90.1602,-90.1765,-90.1865,-90.0960,-89.9435,-89.7813,-89.6313,-89.5020,-89.3957,-89.3118,-89.2490,-89.2050,-89.1778,-89.1652,-89.1652,-89.1762,-89.1965,-89.2247,-89.2595,-89.2997,-89.3445,-89.3929,-89.4415,-89.4653,-89.4537,-89.4170,-89.3673,-89.3139,-89.2630,-89.2183,-89.1821,-89.1553,-89.1381,-89.1301,-89.1310,-89.1399,-89.1562,-89.1784,-89.1615,-89.0856,-88.9865,-88.8852,-88.7917,-88.7108,-88.6446,-88.5935,-88.5574,-88.5355,-88.5266,-88.5297,-88.5434,-88.5667,-88.5984,-88.6374,-88.6828,-88.7336,-88.7890,-88.8482,-88.9105,-88.9753,-89.0421,-89.1102,-89.1794,-89.2490,-89.3187,-89.3883,-89.4574,-89.5256,-89.5929,-89.6590,-89.7237,-89.7868,-89.8410,-89.7279,-89.5279,-89.3322,-89.1665,-89.0360,-88.9390,-88.8718,-88.8301,-88.8099,-88.8075,-88.8199,-88.8444,-88.8787,-88.9210,-88.9697,-89.0234,-89.0810,-89.1416,-89.2043,-89.2685,-89.3336,-89.3991,-89.4644,-89.5294,-89.5937,-89.6570,-89.7192,-89.7800,-89.8394,-89.8971,-89.9532,-90.0075,-90.0601,-90.1108,-90.1596,-90.2067,-90.2339,-90.1684,-90.0480,-89.9113,-89.7781,-89.6579,-89.5550,-89.4708,-89.4049,-89.3560,-89.3118,-89.1119,-88.8470,-88.6011,-88.3966,-88.2367,-88.1183,-88.0364,-87.9859,-87.9618,-87.9599,-87.9765,-88.0084,-88.0529,-88.1076,-88.1707,-88.2405,-88.3156,-88.3948,-88.4770,-88.5468,-88.5036,-88.4008,-88.2886,-88.1889,-88.1103,-88.0550,-88.0222,-88.0099,-88.0156,-88.0366,-87.9403,-87.7381,-87.5034,-87.1713,-86.6823,-86.1772,-85.7280,-85.3557,-85.0620,-84.8410,-84.6843,-84.5831,-84.5292,-84.5153,-84.5352,-84.5833,-84.6550,-84.7464,-84.8541,-84.9752,-85.1073,-85.2482,-85.3962,-85.5496,-85.7070,-85.8674,-86.0296,-86.1928,-86.3561,-86.5188,-86.6804,-86.8403,-86.9980,-87.1532,-87.3054,-87.4543,-87.5998,-87.7416,-87.8795,-88.0134,-88.1431,-88.2686,-88.3899,-88.5069,-88.6196,-88.7280,-88.8322,-88.9321,-89.0280,-89.1197,-89.2075,-89.2914,-89.3715,-89.4479,-89.5208,-89.5902,-89.6563,-89.7192,-89.7789,-89.8357,-89.8897,-89.9409,-89.9896,-90.0357,-90.0795,-90.1210,-90.1603,-90.1976,-90.2329,-90.2664,-90.2981,-90.3282,-90.3567,-90.3837,-90.4093,-90.4336,-90.4566,-90.4785,-90.4992,-90.5188,-90.5375,-90.5552,-90.5721,-90.5881,-90.6033,-90.6178,-90.6316,-90.6448,-90.6573,-90.6693,-90.6807,-90.6904,-90.6121,-90.4507,-90.2619,-90.0745,-89.9027,-89.7530,-89.6273,-89.5251,-89.4448,-89.3615,-89.1278,-88.8543,-88.5557,-88.2019,-87.8478,-87.5268,-87.2518,-87.0256,-86.8464,-86.7102,-86.6125,-86.5484,-86.5099,-86.4043,-86.2473,-86.0848,-85.9394,-85.8212,-85.7340,-85.6777,-85.6406,-85.5105,-85.3393,-85.1814,-85.0550,-84.9649,-84.9103,-84.8884,-84.8954,-84.9277,-84.9818,-85.0543,-85.1425,-85.2438,-85.3558,-85.4767,-85.6048,-85.7385,-85.8765,-86.0177,-86.1611,-86.3058,-86.4511,-86.5895,-86.6769,-86.7075,-86.7053,-86.6909,-86.6774,-86.6718,-86.6775,-86.6957,-86.7262,-86.7684,-86.8211,-86.8831,-86.9530,-87.0298,-87.1086,-87.1493,-87.1462,-87.1202,-87.0872,-87.0565,-87.0335,-87.0210,-87.0200,-87.0307,-87.0527,-87.0853,-87.1275,-87.1782,-87.2365,-87.3013,-87.3718,-87.4470,-87.5261,-87.6085,-87.6933,-87.7801,-87.8682,-87.9572,-88.0466,-88.1359,-88.2114,-88.1950,-88.1125,-88.0084,-87.9061,-87.8166,-87.7444,-87.6909,-87.6556,-87.6373,-87.6344,-87.6451,-87.6676,-87.7004,-87.7420,-87.7909,-87.8460,-87.9062,-87.9705,-88.0382,-88.1084,-88.1805,-88.2540,-88.3284,-88.4031,-88.4779,-88.5523,-88.6262,-88.6992,-88.7711,-88.8417,-88.9109,-88.9786,-89.0446,-89.1088,-89.1713,-89.2318,-89.2905,-89.3473,-89.4022,-89.4551,-89.5061,-89.5553,-89.6026,-89.6480,-89.6917,-89.7336,-89.7738,-89.8124,-89.8494,-89.8848,-89.9187,-89.9512,-89.9822,-90.0120,-90.0404,-90.0677,-90.0937,-90.1186,-90.1425,-90.1653,-90.1871,-90.2048,-90.1930,-90.1432,-90.0667,-89.9685,-89.7001,-89.3307,-88.9171,-88.4971,-88.0999,-87.7427,-87.4331,-87.1731,-86.9609,-86.7931,-86.6652,-86.5728,-86.5116,-86.4777,-86.4675,-86.4777,-86.5055,-86.5484,-86.6042,-86.6711,-86.7472,-86.8311,-86.9215,-87.0171,-87.1170,-87.2203,-87.3117,-87.2919,-87.2059,-87.1070,-87.0204,-86.9565,-86.9180,-86.9041,-86.9122,-86.9393,-86.9827,-87.0395,-87.1074,-87.1844,-87.2686,-87.3585,-87.4529,-87.5506,-87.6506,-87.7522,-87.8545,-87.9571,-88.0593,-88.1607,-88.2610,-88.3316,-88.3285,-88.2779,-88.2085,-88.1380,-88.0722,-87.9248,-87.7178,-87.5021,-87.3030,-87.1323,-86.9942,-86.8892,-86.8153,-86.7697,-86.7493,-86.7507,-86.7710,-86.8075,-86.8577,-86.9194,-86.9908,-87.0701,-87.1559,-87.2470,-87.3421,-87.4404,-87.5410,-87.6431,-87.7460,-87.8492,-87.9522,-88.0546,-88.1559,-88.2558,-88.3541,-88.4505,-88.5448,-88.6366,-88.7198,-88.7805,-88.8147,-88.6840,-88.3177,-87.8099,-87.3164,-86.8873,-86.5333,-86.2518,-86.0352,-85.8753,-85.7639,-85.6937,-85.6585,-85.6521,-85.5087,-85.2418,-84.9510,-84.6798,-84.4471,-84.2592,-84.1163,-84.0162,-83.9549,-83.9285,-83.9327,-83.9636,-84.0176,-84.0916,-84.1826,-84.2878,-84.3816,-84.4410,-84.4778,-84.5060,-84.5351,-84.5708,-84.6160,-84.6721,-84.7395,-84.8180,-84.9069,-85.0053,-85.1122,-85.2267,-85.3476,-85.4741,-85.6052,-85.7401,-85.7590,-85.6735,-85.5777,-85.5014,-85.4540,-85.4367,-85.4474,-85.4828,-85.5395,-85.6139,-85.7030,-85.8041,-85.9148,-86.0331,-86.1572,-86.2857,-86.4173,-86.5510,-86.6858,-86.8210,-86.9558,-87.0898,-87.2223,-87.3531,-87.4817,-87.6078,-87.7312,-87.8516,-87.9689,-88.0830,-88.1938,-88.3011,-88.4050,-88.5053,-88.6021,-88.6954,-88.7853,-88.8716,-88.9546,-89.0342,-89.1105,-89.1836,-89.2535,-89.3204,-89.3456,-89.2596,-89.1285,-88.9907,-88.8630,-88.7527,-88.6622,-88.5914,-88.5394,-88.5044,-88.4845,-88.4778,-88.4826,-88.4972,-88.5202,-88.5503,-88.5863,-88.6271,-88.6720,-88.7202,-88.7709,-88.8236,-88.8777,-88.9328,-88.9885,-89.0444,-89.1003,-89.1560,-89.2110,-89.2654,-89.3189,-89.3714,-89.4228,-89.4729,-89.5218,-89.5694,-89.6155,-89.6603,-89.7036,-89.7455,-89.7860,-89.8250,-89.8626,-89.8988,-89.9337,-89.9672,-89.9994,-90.0304,-90.0601,-90.0886,-90.1159,-90.1421,-90.1672,-90.1913,-90.2144,-90.2365,-90.2577,-90.2780,-90.2975,-90.3162,-90.3341,-90.3512,-90.3677,-90.3835,-90.3987,-90.4132,-90.4272,-90.4406,-90.4535,-90.4660,-90.4779,-90.4895,-90.5006,-90.5113,-90.5216,-90.5316,-90.5412,-90.5506,-90.5596,-90.5683,-90.5768,-90.5850,-90.5930,-90.6008,-90.6083,-90.6156,-90.6228,-90.6297,-90.6365,-90.6431,-90.6496,-90.5995,-90.4462,-90.2581,-90.0698,-89.8964,-89.7441,-89.6147,-89.5079,-89.4222,-89.3557,-89.3062,-89.2708,-89.2107,-89.0962,-88.9401,-88.7594,-88.5679,-88.2394,-87.8376,-87.4484,-87.1015,-86.8064,-86.5635,-86.3698,-86.2208,-86.1115,-86.0371,-85.9934,-85.9763,-85.9822,-86.0081,-86.0512,-86.1091,-86.1797,-86.2611,-86.3517,-86.4501,-86.5548,-86.6649,-86.7791,-86.8967,-87.0167,-87.1385,-87.2612,-87.3845,-87.5076,-87.6301,-87.7516,-87.8716,-87.9899,-88.1062,-88.2201,-88.3315,-88.4401,-88.5458,-88.6486,-88.7482,-88.8446,-88.9365,-88.9753,-88.9327,-88.8479,-88.7542,-88.6689,-88.5992,-88.5470,-88.5118,-88.4924,-88.4869,-88.4936,-88.5108,-88.5371,-88.5711,-88.6116,-88.6574,-88.7077,-88.7616,-88.8184,-88.8774,-88.9380,-88.9998,-89.0623,-89.1251,-89.1878,-89.2503,-89.3121,-89.3731,-89.4332,-89.4921,-89.5496,-89.6058,-89.6606,-89.7137,-89.7653,-89.8152,-89.8634,-89.9100,-89.9549,-89.9981,-90.0397,-90.0796,-90.1179,-90.1198,-90.0243,-89.8803,-89.7279,-89.5857,-89.4615,-89.3578,-89.2745,-89.2103,-89.1636,-89.1322,-89.1143,-89.1081,-89.1120,-89.1244,-89.1442,-89.1701,-89.2012,-89.2365,-89.2754,-89.3171,-89.3610,-89.4066,-89.4535,-89.5012,-89.5493,-89.5977,-89.6460,-89.6940,-89.7414,-89.7882,-89.8341,-89.8791,-89.9231,-89.9660,-90.0077,-90.0481,-90.0873,-90.1252,-90.1433,-90.1023,-90.0223,-89.9258,-89.8262,-89.7310,-89.6445,-89.5689,-89.4682,-89.2637,-89.0269,-88.7992,-88.5979,-88.4291,-88.2933,-88.1886,-88.1120,-88.0605,-88.0308,-88.0200,-88.0257,-88.0454,-88.0769,-88.1186,-88.1688,-88.2261,-88.2892,-88.3570,-88.4286,-88.5030,-88.5797,-88.6578,-88.7368,-88.8163,-88.8957,-88.9746,-89.0529,-89.1300,-89.2059,-89.2803,-89.3530,-89.4238,-89.4928,-89.5549,-89.5774,-89.5569,-89.5095,-89.4488,-89.3846,-89.3229,-89.2675,-89.2205,-89.1828,-89.1547,-89.1360,-89.1262,-89.1247,-89.1307,-89.1436,-89.1626,-89.1869,-89.2160,-89.2491,-89.2857,-89.3252,-89.3672,-89.4112,-89.4568,-89.5036,-89.5512,-89.5993,-89.6477,-89.6961,-89.7442,-89.7920,-89.8391,-89.8855,-89.9310,-89.9756,-90.0174,-89.9443,-89.7769,-89.5929,-89.4229,-89.2781,-89.1608,-89.0703,-89.0040,-88.9590,-88.9326,-88.9220,-88.9248,-88.9388,-88.9621,-88.9932,-89.0307,-89.0734,-89.1202,-89.1702,-89.2228,-89.2772,-89.3329,-89.3893,-89.4462,-89.5031,-89.5597,-89.6157,-89.6710,-89.7253,-89.7786,-89.8306,-89.8813,-89.9306,-89.9785,-90.0248,-90.0696,-90.1129,-90.1546,-90.1896,-90.0976,-89.9217,-89.7334,-89.5607,-89.4133,-89.2936,-89.2005,-89.1314,-89.0836,-89.0541,-89.0355,-88.9203,-88.6753,-88.3195,-87.9518,-87.6164,-87.3305,-87.0861,-86.8467,-86.6108,-86.3925,-86.2034,-86.0496,-85.9324,-85.8507,-85.7284,-85.5435,-85.3573,-85.1967,-85.0725,-84.9869,-84.9385,-84.9239,-84.9394,-84.9809,-85.0446,-85.1274,-85.2261,-85.3380,-85.4610,-85.5929,-85.7321,-85.8769,-86.0260,-86.1783,-86.3328,-86.4884,-86.6445,-86.8002,-86.9550,-87.1084,-87.2598,-87.4088,-87.5550,-87.6982,-87.8381,-87.9744,-88.1069,-88.2331,-88.2902,-88.2671,-88.2078,-88.1401,-88.0783,-88.0291,-87.9951,-87.9769,-87.9738,-87.9844,-88.0073,-88.0408,-88.0834,-88.1337,-88.1905,-88.2525,-88.3188,-88.3885,-88.4608,-88.5350,-88.6104,-88.6866,-88.7631,-88.8395,-88.9154,-88.9906,-89.0647,-89.1376,-89.2091,-89.2789,-89.3470,-89.4133,-89.4777,-89.5401,-89.6005,-89.6588,-89.7151,-89.7693,-89.8215,-89.8716,-89.9197,-89.9659,-90.0101,-90.0525,-90.0930,-90.1317,-90.1687,-90.2041,-90.2378,-90.2434,-90.1281,-89.9543,-89.7719,-89.6046,-89.4619,-89.3460,-89.2557,-89.1888,-89.1422,-89.1127,-89.0898,-89.0582,-89.0137,-88.9599,-88.9027,-88.8473,-88.7974,-88.7553,-88.7222,-88.6986,-88.6844,-88.6793,-88.6828,-88.6941,-88.7127,-88.7377,-88.7684,-88.8043,-88.8446,-88.8888,-88.9363,-88.9867,-89.0393,-89.0938,-89.1498,-89.2068,-89.2647,-89.3229,-89.3813,-89.4396,-89.4976,-89.5550,-89.6116,-89.6674,-89.7221,-89.7756,-89.8279,-89.8788,-89.9282,-89.9762,-90.0226,-90.0674,-90.1107,-90.1523,-90.1924,-90.2309,-90.2679,-90.3033,-90.3373,-90.3697,-90.4008,-90.4305,-90.4588,-90.4858,-90.5116,-90.5362,-90.5596,-90.5819,-90.6032,-90.6234,-90.6427,-90.6611,-90.6786,-90.6952,-90.7110,-90.7261,-90.7405,-90.7541,-90.7672,-90.7796,-90.7914,-90.8027,-90.8135,-90.8237,-90.8326,-90.8297,-90.8014,-90.7160,-90.5602,-90.3576,-90.1357,-89.9144,-89.7062,-89.5179,-89.3527,-89.2112,-89.0930,-88.9969,-88.9211,-88.8638,-88.8234,-88.7979,-88.7859,-88.7857,-88.7960,-88.7692,-88.6337,-88.4635,-88.2977,-88.1540,-88.0389,-87.9534,-87.8960,-87.8639,-87.8540,-87.8633,-87.8890,-87.9285,-87.9795,-88.0400,-88.1082,-88.1827,-88.2621,-88.3452,-88.4312,-88.5191,-88.6083,-88.6965,-88.6584,-88.5097,-88.3529,-88.2212,-88.1226,-88.0564,-88.0192,-88.0069,-88.0156,-88.0417,-88.0819,-88.1337,-88.1948,-88.2633,-88.3375,-88.4161,-88.4979,-88.5821,-88.6677,-88.7540,-88.8405,-88.9267,-89.0121,-89.0964,-89.1794,-89.2606,-89.3400,-89.4174,-89.4926,-89.5656,-89.6362,-89.7045,-89.7703,-89.8337,-89.8947,-89.9533,-90.0095,-90.0633,-90.1148,-90.1641,-90.2112,-90.2561,-90.2989,-90.3397,-90.3785,-90.4154,-90.3498,-90.1746,-89.9780,-89.7947,-89.6376,-89.5097,-89.4101,-89.3360,-89.2841,-89.2514,-89.2348,-89.2318,-89.2402,-89.2580,-89.2837,-89.3157,-89.3530,-89.3944,-89.4392,-89.4865,-89.5357,-89.5863,-89.6378,-89.6897,-89.6909,-89.5898,-89.4451,-89.2953,-89.1595,-89.0454,-88.9553,-88.8884,-88.8430,-88.8166,-88.8066,-88.8109,-88.8271,-88.8535,-88.8882,-88.9240,-88.8081,-88.6089,-88.4156,-88.2553,-88.1335,-88.0484,-87.9957,-87.9709,-87.9694,-87.9853,-88.0028,-88.0095,-87.9951,-87.7829,-87.4120,-87.0028,-86.6128,-86.2680,-85.9781,-85.7446,-85.5649,-85.4343,-85.3413,-85.2441,-85.1288,-85.0116,-84.9095,-84.8324,-84.7841,-84.7649,-84.7728,-84.8053,-84.8596,-84.9328,-85.0223,-85.1257,-85.2409,-85.3660,-85.4993,-85.6393,-85.7848,-85.9344,-86.0496,-86.0765,-86.0613,-86.0386,-86.0249,-86.0273,-86.0480,-86.0869,-86.1428,-86.1937,-86.1506,-86.0649,-85.9786,-85.9093,-85.8636,-85.8432,-85.8472,-85.8737,-85.9201,-85.9838,-86.0624,-86.1534,-86.1602,-86.0519,-85.9307,-85.8302,-85.7610,-85.7246,-85.7185,-85.7148,-85.6784,-85.6189,-85.5545,-85.4984,-85.4580,-85.4369,-85.4356,-85.4537,-85.4895,-85.5414,-85.6075,-85.6859,-85.7748,-85.8728,-85.9782,-86.0899,-86.2066,-86.3273,-86.4512,-86.5772,-86.7049,-86.8334,-86.9621,-87.0907,-87.2186,-87.3453,-87.4706,-87.5940,-87.7154,-87.8344,-87.9509,-88.0646,-88.1754,-88.2832,-88.3879,-88.4893,-88.5875,-88.6824,-88.7740,-88.8623,-88.9473,-89.0290,-89.1074,-89.1827,-89.2548,-89.3239,-89.3900,-89.4532,-89.5136,-89.5713,-89.6263,-89.6788,-89.7288,-89.7764,-89.8218,-89.8650,-89.9062,-89.9453,-89.9825,-90.0179,-90.0516,-90.0837,-90.1141,-90.1431,-90.1707,-90.1969,-90.2219,-90.2456,-90.2682,-90.2897,-90.3102,-90.3298,-90.3484,-90.3661,-90.3831,-90.3992,-90.4147,-90.4294,-90.4435,-90.4570,-90.4700,-90.4823,-90.4942,-90.5056,-90.5166,-90.5271,-90.5372,-90.5470,-90.5564,-90.5654,-90.5742,-90.5826,-90.5908,-90.5987,-90.6063,-90.6138,-90.6210,-90.6223,-90.5525,-90.4170,-90.2511,-90.0794,-89.9167,-89.7655,-89.5690,-89.3330,-89.0892,-88.8584,-88.6521,-88.4753,-88.3294,-88.2134,-88.1251,-88.0618,-88.0208,-87.9994,-87.9949,-88.0050,-88.0277,-88.0612,-88.1037,-88.1538,-88.2102,-88.2719,-88.3377,-88.4069,-88.4787,-88.5523,-88.6271,-88.7000,-88.6768,-88.5661,-88.4316,-88.3047,-88.1992,-88.1193,-88.0648,-88.0335,-88.0227,-88.0294,-88.0507,-88.0844,-88.1282,-88.1804,-88.2393,-88.3036,-88.3721,-88.4439,-88.5181,-88.5909,-88.5250,-88.3750,-88.2209,-88.0884,-87.9757,-87.8209,-87.6276,-87.4337,-87.2627,-87.1241,-87.0197,-86.9475,-86.9044,-86.8868,-86.8912,-86.9144,-86.9537,-87.0065,-87.0707,-87.1444,-87.2260,-87.3138,-87.4068,-87.5038,-87.6039,-87.7061,-87.8097,-87.9141,-88.0186,-88.1229,-88.2264,-88.2388,-88.0844,-87.9133,-87.7683,-87.6597,-87.5872,-87.5470,-87.5342,-87.5443,-87.5732,-87.6173,-87.6736,-87.7396,-87.8133,-87.8930,-87.9771,-88.0329,-87.9179,-87.7543,-87.6064,-87.4911,-87.4108,-87.3628,-87.3428,-87.3467,-87.3704,-87.4105,-87.4639,-87.5281,-87.6009,-87.6805,-87.7654,-87.8543,-87.9441,-87.8962,-87.7639,-87.6266,-87.5106,-87.4241,-87.3675,-87.3316,-87.1610,-86.9292,-86.7200,-86.5546,-86.4355,-86.3590,-86.3196,-86.3118,-86.3304,-86.3301,-86.1913,-86.0213,-85.7458,-85.4307,-85.1458,-84.9146,-84.7419,-84.6245,-84.5566,-84.5315,-84.5427,-84.5844,-84.6513,-84.7393,-84.8444,-84.9635,-85.0940,-85.2335,-85.3801,-85.5322,-85.6882,-85.8469,-86.0073,-86.1686,-86.3297,-86.4902,-86.6494,-86.8067,-86.9617,-87.1141,-87.2634,-87.4095,-87.5521,-87.6909,-87.8259,-87.9568,-88.0837,-88.2064,-88.3249,-88.4393,-88.5494,-88.6553,-88.7570,-88.8547,-88.9483,-89.0380,-89.1237,-89.2058,-89.2841,-89.3589,-89.4301,-89.4981,-89.5628,-89.6244,-89.6830,-89.7388,-89.7917,-89.8420,-89.8898,-89.9352,-89.9783,-90.0192,-90.0580,-90.0947,-90.1297,-90.1628,-90.1942,-90.2239,-90.2522,-90.2790,-90.3045,-90.3286,-90.3515,-90.3733,-90.3940,-90.4136,-90.4323,-90.4500,-90.4669,-90.4830,-90.4983,-90.5129,-90.5269,-90.5402,-90.5528,-90.5650,-90.5766,-90.5877,-90.5983,-90.6085,-90.6183,-90.6253,-90.5402,-90.3765,-90.1879,-90.0018,-89.8321,-89.6848,-89.5616,-89.4620,-89.3841,-89.3260,-89.2851,-89.2593,-89.2464,-89.2446,-89.2521,-89.2676,-89.2896,-89.3172,-89.3493,-89.3837,-89.3865,-89.3349,-89.2463,-89.1417,-89.0369,-88.9414,-88.8602,-88.7955,-88.7473,-88.7151,-88.6169,-88.3768,-88.1265,-87.9098,-87.7370,-87.6074,-87.5166,-87.4597,-87.4315,-87.4275,-87.4439,-87.4770,-87.5215,-87.5072,-87.4247,-87.3218,-87.2252,-87.1465,-87.0901,-87.0566,-87.0448,-87.0527,-87.0715,-87.0831,-87.0816,-87.0718,-87.0604,-87.0530,-87.0529,-87.0620,-87.0811,-87.1102,-87.1489,-87.1965,-87.2520,-87.3146,-87.3776,-87.4272,-87.4474,-87.3941,-87.2816,-87.1399,-86.9798,-86.7754,-86.5351,-86.1927,-85.7814,-85.3272,-84.8729,-84.4525,-84.0847,-83.7767,-83.5292,-83.3392,-83.2019,-83.1119,-83.0637,-83.0197,-82.9183,-82.7990,-82.6938,-82.6167,-82.5728,-82.5622,-82.5834,-82.6334,-82.7092,-82.8076,-82.9255,-83.0602,-83.2091,-83.3700,-83.5410,-83.7201,-83.9059,-84.0968,-84.2918,-84.4896,-84.6841,-84.8550,-84.9968,-85.1156,-85.2196,-85.3157,-85.4088,-85.5024,-85.5984,-85.6982,-85.8021,-85.9103,-86.0225,-86.1384,-86.2575,-86.3793,-86.5033,-86.6289,-86.7557,-86.8832,-87.0108,-87.1383,-87.2651,-87.3910,-87.5157,-87.6388,-87.7492,-87.7707,-87.7242,-87.6548,-87.5810,-87.4980,-87.4043,-87.3069,-87.2135,-87.1301,-87.0603,-87.0059,-86.9676,-86.9449,-86.9372,-86.9434,-86.9623,-86.9927,-86.9659,-86.8459,-86.7020,-86.5679,-86.4581,-86.3771,-86.3251,-86.2999,-86.2988,-86.3185,-86.3564,-86.4097,-86.4760,-86.5533,-86.6396,-86.7139,-86.6229,-86.4741,-86.3398,-86.2395,-86.1680,-85.9742,-85.7409,-85.5330,-85.3692,-85.2282,-85.0749,-84.9212,-84.6727,-84.2891,-83.8783,-83.4963,-83.1657,-82.8935,-82.6797,-82.5207,-82.4116,-82.3470,-82.3216,-82.3305,-82.3358,-82.2060,-82.0488,-81.9217,-81.8397,-81.8038,-81.8098,-81.8527,-81.9270,-82.0277,-82.1506,-82.2918,-82.4483,-82.6171,-82.7960,-82.9831,-83.1765,-83.3748,-83.5204,-83.4866,-83.3530,-83.1885,-83.0313,-82.8921,-82.7641,-82.6469,-82.5454,-82.4643,-82.4066,-82.3735,-82.3649,-82.3796,-82.4161,-82.4725,-82.5469,-82.6374,-82.7422,-82.8596,-82.9878,-83.1256,-83.2564,-83.3036,-83.3029,-83.2923,-83.2904,-83.3051,-83.3393,-83.3928,-83.4647,-83.5532,-83.6564,-83.7724,-83.8993,-84.0356,-84.1796,-84.3301,-84.4857,-84.6455,-84.8083,-84.9733,-85.1397,-85.3068,-85.4740,-85.6406,-85.8062,-85.9702,-86.1324,-86.2922,-86.4495,-86.6038,-86.7549,-86.9027,-87.0469,-87.1874,-87.3240,-87.4567,-87.5853,-87.7098,-87.8303,-87.9466,-88.0587,-88.1668,-88.2708,-88.3708,-88.4668,-88.5566,-88.6000,-88.5794,-88.5184,-88.4397,-88.3583,-88.2831,-88.1926,-87.9816,-87.7278,-87.4858,-87.2758,-87.1022,-86.9309,-86.7372,-86.5363,-86.3459,-86.1776,-86.0312,-85.8679,-85.5811,-85.2069,-84.7286,-84.1815,-83.6182,-83.0849,-82.6077,-82.1973,-81.8556,-81.5800,-81.3653,-81.1974,-80.9825,-80.7494,-80.5411,-80.3731,-80.2491,-80.1678,-80.1258,-80.1192,-80.1441,-80.1964,-80.2650,-80.3046,-80.3198,-80.3299,-80.3467,-80.3762,-80.4215,-80.4836,-80.5626,-80.6578,-80.7682,-80.8925,-81.0293,-81.1773,-81.3351,-81.5015,-81.6709,-81.7358,-81.7247,-81.6754,-81.5819,-81.4689,-81.3611,-81.2737,-81.2144,-81.1856,-81.1585,-81.0690,-80.9621,-80.8684,-80.8015,-80.7658,-80.7601,-80.7143,-80.5708,-80.3735,-80.1641,-79.9486,-79.7078,-79.4634,-79.2377,-79.0449,-78.8920,-78.7814,-78.7123,-78.6821,-78.6876,-78.7249,-78.7905,-78.8809,-78.9929,-79.1238,-79.2710,-79.4322,-79.5723,-79.6004,-79.5418,-79.3851,-79.2104,-79.0602,-78.9399,-78.8127,-78.6778,-78.5521,-78.4492,-78.3768,-78.3381,-78.3332,-78.3608,-78.4182,-78.5026,-78.6110,-78.7385,-78.7521,-78.7042,-78.6632,-78.6472,-78.6475,-78.6546,-78.6690,-78.6947,-78.7353,-78.7930,-78.8685,-78.9616,-79.0715,-79.1956,-79.3148,-79.4090,-79.4617,-79.4747,-79.4621,-79.4367,-79.4085,-79.3839,-79.3677,-79.3629,-79.3714,-79.3940,-79.4305,-79.4805,-79.5429,-79.6166,-79.7005,-79.7935,-79.8105,-79.6543,-79.4206,-79.1648,-78.7930,-78.3652,-77.9643,-77.6170,-77.2627,-76.8771,-76.4922,-76.0802,-75.6798,-75.3229,-74.9969,-74.6469,-74.3078,-74.0078,-73.7578,-73.5598,-73.4119,-73.3100,-73.2498,-73.2266,-73.2360,-73.2740,-73.3370,-73.4218,-73.5255,-73.6457,-73.7803,-73.9275,-74.0856,-74.2535,-74.4298,-74.6136,-74.8042,-75.0007,-75.2027,-75.4094,-75.6205,-75.8356,-76.0543,-76.2763,-76.5013,-76.7291,-76.9594,-77.1921,-77.4269,-77.6636,-77.9002,-78.1242,-78.3240,-78.4998,-78.6575,-78.8039,-78.8771,-78.8112,-78.6110,-78.3438,-78.0876,-77.8722,-77.7068,-77.5919,-77.5239,-77.4982,-77.5097,-77.5537,-77.6258,-77.7220,-77.8390,-77.9737,-78.1237,-78.2867,-78.4610,-78.6448,-78.8369,-79.0359,-79.2409,-79.4510,-79.6654,-79.8834,-80.1042,-80.3275,-80.5527,-80.7792,-81.0068,-81.2349,-81.4632,-81.6913,-81.9190,-82.1458,-82.3715,-82.5800,-82.7262,-82.8203,-82.8848,-82.9377,-82.9910,-83.0518,-83.1235,-83.2076,-83.3040,-83.4118,-83.5300,-83.6571,-83.7911,-83.8051,-83.6016,-83.3328,-83.0746,-82.8546,-82.6811,-82.5543,-82.4710,-82.4266,-82.4164,-82.4357,-82.4805,-82.5470,-82.6319,-82.7324,-82.8459,-82.9705,-83.1041,-83.2454,-83.3928,-83.5435,-83.6394,-83.6617,-83.6408,-83.5132,-83.3290,-83.1421,-82.9761,-82.8411,-82.7399,-82.6722,-82.6358,-82.5855,-82.4615,-82.3138,-82.1764,-82.0655,-81.9870,-81.9416,-81.9273,-81.9413,-81.9804,-82.0414,-82.1213,-82.2174,-82.3273,-82.4490,-82.5805,-82.7203,-82.8670,-83.0193,-83.1761,-83.3366,-83.4999,-83.6652,-83.8319,-83.9994,-84.1671,-84.3346,-84.4967,-84.5561,-84.5184,-84.4074,-84.2265,-83.9987,-83.7409,-83.4716,-83.2081,-82.9625,-82.7428,-82.5528,-82.3938,-82.2422,-82.0591,-81.8557,-81.6538,-81.4689,-81.3099,-81.1810,-81.0831,-81.0156,-80.9767,-80.9644,-80.9761,-81.0097,-81.0627,-81.1332,-81.2192,-81.3189,-81.4308,-81.5534,-81.6855,-81.8259,-81.9735,-82.1257,-82.2166,-82.2093,-82.1159,-81.9741,-81.7307,-81.3949,-81.0377,-80.6644,-80.2970,-79.9579,-79.6605,-79.4110,-79.2107,-79.0580,-78.9498,-78.8823,-78.8514,-78.8533,-78.8843,-78.9409,-79.0200,-79.1191,-79.2347,-79.3083,-79.2582,-79.1354,-78.9922,-78.8589,-78.7501,-78.6716,-78.6246,-78.6080,-78.6199,-78.6577,-78.7188,-78.8009,-78.9014,-79.0184,-79.1500,-79.2942,-79.4496,-79.6148,-79.7886,-79.9697,-80.1573,-80.3495,-80.5105,-80.6160,-80.6842,-80.7349,-80.7827,-80.8371,-80.9034,-80.9839,-81.0795,-81.1797,-81.2466,-81.2759,-81.2852,-81.2906,-81.3026,-81.3263,-81.3312,-81.1904,-80.9384,-80.5506,-80.0719,-79.6060,-79.1946,-78.8515,-78.5782,-78.3705,-78.2217,-78.1251,-78.0741,-78.0625,-78.0851,-78.1309,-78.1768,-78.2152,-78.2498,-78.2865,-78.3300,-78.3836,-78.4491,-78.5276,-78.6181,-78.6788,-78.6906,-78.6367,-78.5294,-78.3953,-78.2135,-77.9904,-77.6808,-77.3226,-76.9711,-76.6547,-76.3859,-76.1683,-76.0014,-75.8823,-75.8069,-75.7710,-75.7703,-75.8009,-75.8590,-75.9414,-76.0450,-76.1673,-76.3060,-76.4590,-76.6246,-76.7949,-76.9262,-77.0061,-77.0523,-77.0841,-77.1157,-77.1564,-77.2115,-77.2837,-77.3737,-77.4814,-77.6059,-77.7458,-77.8999,-78.0667,-78.2447,-78.4326,-78.6292,-78.8077,-78.7975,-78.6767,-78.5306,-78.3963,-78.2895,-78.2160,-78.1768,-78.1704,-78.1945,-78.2462,-78.3226,-78.4208,-78.5381,-78.6723,-78.8174,-78.9379,-79.0159,-79.0674,-79.1117,-79.1046,-78.9998,-78.8774,-78.7715,-78.6943,-78.6491,-78.6221,-78.5812,-78.5316,-78.4857,-78.4522,-78.4126,-78.2746,-78.1052,-77.9474,-77.8172,-77.7198,-77.6559,-77.6240,-77.6219,-77.6468,-77.6962,-77.7674,-77.8563,-77.8489,-77.6918,-77.4811,-77.2684,-77.0792,-76.9247,-76.8090,-76.7321,-76.6919,-76.6854,-76.7093,-76.7603,-76.8353,-76.9314,-77.0458,-77.1764,-77.3211,-77.4779,-77.6454,-77.8222,-78.0070,-78.1988,-78.3967,-78.5997,-78.8072,-79.0186,-79.2331,-79.4343,-79.5400,-79.5958,-79.6421,-79.6960,-79.7642,-79.8484,-79.9259,-79.9569,-79.9502,-79.9272,-79.9045,-79.8926,-79.8973,-79.9212,-79.9650,-80.0282,-80.1096,-80.1936,-80.2404,-80.2498,-80.2386,-80.2221,-80.2066,-80.1854,-80.1554,-80.1210,-80.0888,-80.0646,-80.0526,-80.0555,-80.0743,-80.1094,-80.1605,-80.2268,-80.3072,-80.4008,-80.5065,-80.6230,-80.7494,-80.8846,-81.0276,-81.1777,-81.3340,-81.4901,-81.5693,-81.5878,-81.5877,-81.5645,-81.4871,-81.3587,-81.2023,-81.0403,-80.8887,-80.7569,-80.6500,-80.5696,-80.5160,-80.4880,-80.4841,-80.5022,-80.5405,-80.5969,-80.6697,-80.7570,-80.8573,-80.9692,-81.0913,-81.2226,-81.3350,-81.3503,-81.3229,-81.2861,-81.2138,-81.0983,-80.9624,-80.8282,-80.7103,-80.6171,-80.5521,-80.5162,-80.5087,-80.5277,-80.5709,-80.6358,-80.7200,-80.8213,-80.9374,-81.0664,-81.2066,-81.3564,-81.5145,-81.6796,-81.8505,-82.0264,-82.2064,-82.3896,-82.5754,-82.7631,-82.9521,-83.1419,-83.3320,-83.5220,-83.7113,-83.8998,-84.0868,-84.2722,-84.4557,-84.6369,-84.8156,-84.9915,-85.1645,-85.3343,-85.5007,-85.6637,-85.8230,-85.9786,-86.1303,-86.2781,-86.4219,-86.5616,-86.6925,-86.7777,-86.8023,-86.7859,-86.7504,-86.7111,-86.6769,-86.6523,-86.6390,-86.6374,-86.6470,-86.6670,-86.6865,-86.4963,-86.1436,-85.7694,-85.4277,-85.1337,-84.8764,-84.6435,-84.4327,-84.2463,-84.0867,-83.9550,-83.8513,-83.7746,-83.7234,-83.6957,-83.6896,-83.6637,-83.5711,-83.4492,-83.3305,-83.2323,-83.1613,-83.1188,-83.1035,-83.1128,-83.1440,-83.1946,-83.2619,-83.3217,-83.3148,-83.2622,-83.1425,-82.9820,-82.8194,-82.6749,-82.4400,-82.1212,-81.8216,-81.5733,-81.3824,-81.2420,-81.0233,-80.7594,-80.5283,-80.3511,-80.2296,-80.1591,-80.1337,-80.1471,-80.1731,-80.0747,-79.9315,-79.7584,-79.5779,-79.4123,-79.2761,-79.1762,-79.1147,-79.0907,-79.1016,-79.1441,-79.2145,-79.3095,-79.4256,-79.5600,-79.7100,-79.8733,-80.0479,-80.2320,-80.4240,-80.6064,-80.7415,-80.8294,-80.8887,-80.9365,-80.9840,-81.0381,-81.1023,-81.1783,-81.2667,-81.3671,-81.4789,-81.6014,-81.7336,-81.8744,-82.0228,-82.1780,-82.3389,-82.5048,-82.6747,-82.8480,-83.0239,-83.2019,-83.3812,-83.5613,-83.7418,-83.9222,-84.1020,-84.2809,-84.4585,-84.6345,-84.8085,-84.9804,-85.1499,-85.3166,-85.4806,-85.6415,-85.7992,-85.9535,-86.1044,-86.2517,-86.3953,-86.5352,-86.6713,-86.8035,-86.9319,-87.0563,-87.1769,-87.2935,-87.4063,-87.5152,-87.6204,-87.7218,-87.8195,-87.9136,-88.0041,-88.0912,-88.1749,-88.2553,-88.3325,-88.4065,-88.4776,-88.5457,-88.6111,-88.6737,-88.7336,-88.7911,-88.8461,-88.8989,-88.9493,-88.9977,-89.0440,-89.0883,-89.1308,-89.1714,-89.2104,-89.2477,-89.2835,-89.3178,-89.3507,-89.3823,-89.4126,-89.4366,-89.4188,-89.3483,-89.2436,-89.1247,-89.0056,-88.8947,-88.7965,-88.7128,-88.6439,-88.5893,-88.5480,-88.5188,-88.5005,-88.4919,-88.4919,-88.4873,-88.4334,-88.3436,-88.2406,-88.1379,-88.0432,-87.9602,-87.8908,-87.8357,-87.7947,-87.7670,-87.7517,-87.7479,-87.7543,-87.7699,-87.7936,-87.8245,-87.8617,-87.9043,-87.9516,-88.0027,-88.0572,-88.1145,-88.1739,-88.2350,-88.2975,-88.3608,-88.4247,-88.4889,-88.5530,-88.6168,-88.6801,-88.7427,-88.8044,-88.8651,-88.9247,-88.9830,-89.0399,-89.0955,-89.1495,-89.2021,-89.2531,-89.3025,-89.3504,-89.3967,-89.4415,-89.4846,-89.5263,-89.5664,-89.6051,-89.6423,-89.6781,-89.7125,-89.7456,-89.7774,-89.8080,-89.8373,-89.8655,-89.8925,-89.9185,-89.9435,-89.9674,-89.9904,-90.0125,-90.0337,-90.0535,-89.9357,-89.7208,-89.4968,-89.2930,-89.1192,-88.9766,-88.8633,-88.7762,-88.7118,-88.6671,-88.6390,-88.6249,-88.6228,-88.6301,-88.5884,-88.4680,-88.2589,-87.9724,-87.6713,-87.3885,-87.1389,-86.9282,-86.7569,-86.6113,-86.3372,-86.0052,-85.6528,-85.3092,-84.9953,-84.7230,-84.4765,-84.1775,-83.8671,-83.5838,-83.3454,-83.1574,-83.0188,-82.9259,-82.8740,-82.8581,-82.8736,-82.9160,-82.9816,-83.0669,-83.1690,-83.2853,-83.4136,-83.5519,-83.6986,-83.8521,-84.0112,-84.1748,-84.3418,-84.4906,-84.5412,-84.5344,-84.5117,-84.4794,-84.3923,-84.2811,-84.1754,-84.0889,-84.0269,-83.9906,-83.9795,-83.9919,-84.0257,-84.0786,-84.1485,-84.2330,-84.3304,-84.4386,-84.5561,-84.6414,-84.5765,-84.4686,-84.3763,-84.3159,-84.2896,-84.2950,-84.3282,-84.3849,-84.4613,-84.5172,-84.5199,-84.4662,-84.2953,-84.0626,-83.8104,-83.5675,-83.3503,-83.1600,-82.9381,-82.6920,-82.4516,-82.2363,-82.0564,-81.9161,-81.8157,-81.7534,-81.7262,-81.7307,-81.7632,-81.8203,-81.8991,-81.9965,-82.1100,-82.2375,-82.3769,-82.5264,-82.6846,-82.8500,-83.0214,-83.1978,-83.3783,-83.5618,-83.7477,-83.9353,-84.1238,-84.3127,-84.5015,-84.6896,-84.8766,-85.0620,-85.2454,-85.4266,-85.6050,-85.7806,-85.9529,-86.1218,-86.2870,-86.4484,-86.6058,-86.7590,-86.9079,-87.0525,-87.1927,-87.3285,-87.4598,-87.5866,-87.7089,-87.8268,-87.9403,-88.0415,-87.9514,-87.7871,-87.6292,-87.5003,-87.4049,-87.3412,-87.3053,-87.2930,-87.3004,-87.3238,-87.3605,-87.4077,-87.4634,-87.5259,-87.5938,-87.6657,-87.7407,-87.8180,-87.8968,-87.9764,-88.0565,-88.1364,-88.2160,-88.2948,-88.3726,-88.4492,-88.5244,-88.5751,-88.5295,-88.4263,-88.3067,-88.1914,-88.0236,-87.7143,-87.3920,-87.1073,-86.8730,-86.6890,-86.5509,-86.4531,-86.3898,-86.3559,-86.3468,-86.3586,-86.3879,-86.4318,-86.4879,-86.5540,-86.6285,-86.7098,-86.7966,-86.8877,-86.9822,-87.0791,-87.1778,-87.2776,-87.3780,-87.4784,-87.5784,-87.6777,-87.7759,-87.8727,-87.9679,-88.0614,-88.1518,-88.2129,-88.2278,-88.2105,-88.1759,-88.1345,-88.0932,-88.0564,-88.0265,-88.0047,-87.9917,-87.9873,-87.9912,-88.0029,-88.0217,-88.0469,-88.0780,-88.1142,-88.1548,-88.1993,-88.2472,-88.2979,-88.3509,-88.4058,-88.4623,-88.4762,-88.3744,-88.2284,-88.0790,-87.9451,-87.8337,-87.7466,-87.6828,-87.6402,-87.6164,-87.6089,-87.6156,-87.6342,-87.6631,-87.7006,-87.7454,-87.7962,-87.8519,-87.9116,-87.9746,-88.0400,-88.1072,-88.0968,-87.9941,-87.8654,-87.7392,-87.6120,-87.4778,-87.3409,-87.2084,-87.0866,-86.9795,-86.8895,-86.8176,-86.7636,-86.7269,-86.7063,-86.7005,-86.7083,-86.7281,-86.7588,-86.7991,-86.8479,-86.9040,-86.9666,-87.0346,-87.1075,-87.1843,-87.2645,-87.3474,-87.4325,-87.5194,-87.6074,-87.6963,-87.7856,-87.8749,-87.9640,-88.0526,-88.1404,-88.2271,-88.3126,-88.3967,-88.4791,-88.5598,-88.6386,-88.7155,-88.7902,-88.8629,-88.9333,-89.0016,-89.0676,-89.1313,-89.1928,-89.2521,-89.3091,-89.3627,-89.3840,-89.3471,-89.2673,-89.1684,-89.0677,-88.9747,-88.8943,-88.8280,-88.7758,-88.7370,-88.7104,-88.6948,-88.6890,-88.6917,-88.6916,-88.6457,-88.5546,-88.4324,-88.1431,-87.7783,-87.4337,-87.1376,-86.8957,-86.7058,-86.5629,-86.4614,-86.3955,-86.3602,-86.3509,-86.3636,-86.3949,-86.4419,-86.5020,-86.5731,-86.6532,-86.7409,-86.8345,-86.9330,-87.0352,-87.1010,-87.0830,-87.0218,-86.9416,-86.8378,-86.7162,-86.5888,-86.4662,-86.3560,-86.2625,-86.1882,-86.1338,-86.0987,-86.0822,-86.0828,-86.0990,-86.1270,-86.1339,-86.0960,-86.0279,-85.9509,-85.8800,-85.8237,-85.7856,-85.7668,-85.7667,-85.7840,-85.8170,-85.8641,-85.9234,-85.9934,-86.0188,-85.9438,-85.8376,-85.7360,-85.6550,-85.6001,-85.5718,-85.5684,-85.5873,-85.6257,-85.6809,-85.7503,-85.8317,-85.9232,-86.0229,-86.1294,-86.2414,-86.3576,-86.4771,-86.5989,-86.7222,-86.8464,-86.9709,-87.0951,-87.2184,-87.3406,-87.4613,-87.5801,-87.6888,-87.6376,-87.5139,-87.3878,-87.2112,-86.9610,-86.7066,-86.4818,-86.2995,-86.1621,-86.0669,-86.0091,-85.9838,-85.9861,-86.0115,-86.0564,-86.1173,-86.1914,-86.2765,-86.3703,-86.4712,-86.5778,-86.6886,-86.8027,-86.9190,-87.0368,-87.1553,-87.2739,-87.3921,-87.5094,-87.6255,-87.7399,-87.8524,-87.9627,-88.0706,-88.1760,-88.2786,-88.3785,-88.4754,-88.5694,-88.6603,-88.7482,-88.8319,-88.8955,-88.9255,-88.9268,-88.9092,-88.8815,-88.8504,-88.8202,-88.7937,-88.7726,-88.7577,-88.7493,-88.7367,-88.6767,-88.5812,-88.4727,-88.3648,-88.2652,-88.1774,-88.0940,-87.9980,-87.8891,-87.7746,-87.6566,-87.5052,-87.3177,-87.1127,-86.9084,-86.7178,-86.5490,-86.4058,-86.2895,-86.1997,-86.1349,-86.0934,-86.0731,-86.0718,-86.0876,-86.1185,-86.1628,-86.2189,-86.2852,-86.3605,-86.4436,-86.5333,-86.6286,-86.7285,-86.8323,-86.9392,-87.0484,-87.1592,-87.2712,-87.3838,-87.4964,-87.6086,-87.7200,-87.8303,-87.9391,-88.0462,-88.1512,-88.2541,-88.3546,-88.4525,-88.5477,-88.6402,-88.7298,-88.8166,-88.9004,-88.9813,-89.0592,-89.1342,-89.2063,-89.2755,-89.3419,-89.4056,-89.4665,-89.5248,-89.5806,-89.6339,-89.6848,-89.7334,-89.7798,-89.8240,-89.8662,-89.9063,-89.9081,-89.7872,-89.5753,-89.3206,-89.0574,-88.8066,-88.5644,-88.1804,-87.7589,-87.3782,-87.0581,-86.8000,-86.5989,-86.4485,-86.3420,-86.2731,-86.2365,-86.2272,-86.2410,-86.2745,-86.3245,-86.3884,-86.4640,-86.5492,-86.6423,-86.7357,-86.7271,-86.6492,-86.5573,-86.4772,-86.4193,-86.3865,-86.3780,-86.3916,-86.4247,-86.4743,-86.5381,-86.6135,-86.6986,-86.7915,-86.8907,-86.9948,-87.1012,-87.0370,-86.8890,-86.7486,-86.6403,-86.5689,-86.5322,-86.5259,-86.5453,-86.5859,-86.6439,-86.7159,-86.7991,-86.8911,-86.9900,-87.0941,-87.2020,-87.3126,-87.4249,-87.5381,-87.6515,-87.6914,-87.6117,-87.5013,-87.3979,-87.3156,-87.2583,-87.2257,-87.2157,-87.2255,-87.2524,-87.2938,-87.3471,-87.4103,-87.4815,-87.5591,-87.6417,-87.7283,-87.8177,-87.9090,-87.9974,-87.9801,-87.8826,-87.7643,-87.6533,-87.5617,-87.4934,-87.4482,-87.4246,-87.4200,-87.4321,-87.4583,-87.4965,-87.5448,-87.6014,-87.6649,-87.7340,-87.8074,-87.8844,-87.9639,-88.0454,-88.1280,-88.2114,-88.2949,-88.3783,-88.4610,-88.5429,-88.6237,-88.7030,-88.7809,-88.8570,-88.9312,-89.0036,-89.0739,-89.1421,-89.2082,-89.2721,-89.3339,-89.3935,-89.4509,-89.5062,-89.5594,-89.6105,-89.6596,-89.7067,-89.7518,-89.7949,-89.7424,-89.5861,-89.4088,-89.2416,-89.0960,-88.9753,-88.8793,-88.8063,-88.7540,-88.7197,-88.7010,-88.6958,-88.7019,-88.7177,-88.6758,-88.5326,-88.3612,-88.1967,-88.0545,-87.9399,-87.8536,-87.7939,-87.7579,-87.7429,-87.7459,-87.7641,-87.7953,-87.8372,-87.8880,-87.9461,-88.0102,-88.0789,-88.1513,-88.2265,-88.3036,-88.3822,-88.4273,-88.3794,-88.2849,-88.1809,-88.0853,-88.0061,-87.9458,-87.9049,-87.8821,-87.8758,-87.8841,-87.9052,-87.9372,-87.9785,-88.0276,-88.0832,-88.1441,-88.2093,-88.2311,-88.1051,-87.9438,-87.7947,-87.6729,-87.5817,-87.5201,-87.4804,-87.3075,-87.0375,-86.7288,-86.4226,-86.1302,-85.8346,-85.5488,-85.2894,-85.0672,-84.8866,-84.7481,-84.6496,-84.5877,-84.5588,-84.5589,-84.5844,-84.6320,-84.6985,-84.7813,-84.8780,-84.9850,-85.0895,-85.1790,-85.2525,-85.3147,-85.3716,-85.4281,-85.4876,-85.5522,-85.6231,-85.7006,-85.7849,-85.8755,-85.9721,-86.0739,-86.1803,-86.2907,-86.4045,-86.5210,-86.6396,-86.7598,-86.8812,-87.0031,-87.1252,-87.2470,-87.3683,-87.4886,-87.6077,-87.7253,-87.8410,-87.9548,-88.0664,-88.1756,-88.2822,-88.3862,-88.4874,-88.5857,-88.6810,-88.7733,-88.8626,-88.9488,-89.0319,-89.1119,-89.1888,-89.2628,-89.3338,-89.4018,-89.3887,-89.2564,-89.0927,-88.9364,-88.8017,-88.6930,-88.6099,-88.5505,-88.5122,-88.4921,-88.4876,-88.4962,-88.5158,-88.5446,-88.5810,-88.6235,-88.6711,-88.7226,-88.7773,-88.8343,-88.8931,-88.9530,-89.0136,-89.0746,-89.0266,-88.8319,-88.6275,-88.4509,-88.3112,-88.2080,-88.1376,-88.0952,-88.0765,-88.0773,-88.0943,-88.1244,-88.1652,-88.2146,-88.2709,-88.3327,-88.3986,-88.4677,-88.5391,-88.6121,-88.6861,-88.7605,-88.8347,-88.8933,-88.8985,-88.8543,-88.7841,-88.7076,-88.6367,-88.5773,-88.5316,-88.5000,-88.4818,-88.4757,-88.4805,-88.4949,-88.5176,-88.5475,-88.5835,-88.6248,-88.6706,-88.7200,-88.7724,-88.8274,-88.8842,-88.9425,-89.0019,-89.0620,-89.1224,-89.1829,-89.2431,-89.3029,-89.3621,-89.4203,-89.4776,-89.5338,-89.5887,-89.6422,-89.6943,-89.7449,-89.7610,-89.6249,-89.4332,-89.2424,-89.0744,-88.9362,-88.8283,-88.7480,-88.6922,-88.6574,-88.6403,-88.6382,-88.6485,-88.6691,-88.6983,-88.7345,-88.7764,-88.8229,-88.8730,-88.9260,-88.9811,-89.0377,-89.0953,-89.1535,-89.2119,-89.2701,-89.3280,-89.3851,-89.4415,-89.4968,-89.5510,-89.6039,-89.6555,-89.7057,-89.7543,-89.8015,-89.8471,-89.8912,-89.9337,-89.9747,-90.0142,-90.0521,-90.0885,-90.1235,-90.1571,-90.1893,-90.2201,-90.2496,-90.2778,-90.3049,-90.3307,-90.3554,-90.3790,-90.4016,-90.4232,-90.4438,-90.4635,-90.4823,-90.5003,-90.5174,-90.5339,-90.5496,-90.5646,-90.5790,-90.5927,-90.6059,-90.6185,-90.6305,-90.6402,-90.6179,-90.5518,-90.4573,-90.3494,-90.2386,-90.1316,-90.0324,-89.9435,-89.8658,-89.7996,-89.7448,-89.7007,-89.6666,-89.6418,-89.6255,-89.6168,-89.6149,-89.6191,-89.6287,-89.6368,-89.5935,-89.4985,-89.3791,-89.2560,-89.1413,-88.9663,-88.7093,-88.4412,-88.1952,-87.9848,-87.8136,-87.6805,-87.5823,-87.5151,-87.4751,-87.4586,-87.4622,-87.4831,-87.5185,-87.5662,-87.6243,-87.6910,-87.7647,-87.8442,-87.9283,-88.0160,-88.1063,-88.1985,-88.2919,-88.3859,-88.4799,-88.5735,-88.6663,-88.7580,-88.8482,-88.9367,-89.0232,-89.1077,-89.1899,-89.2698,-89.3473,-89.4222,-89.4946,-89.5644,-89.6316,-89.6963,-89.7584,-89.8180,-89.8750,-89.9297,-89.9820,-90.0319,-90.0796,-90.1251,-90.1685,-90.2099,-90.2492,-90.2867,-90.3224,-90.3563,-90.3885,-90.4191,-90.4482,-90.4759,-90.4873,-90.3811,-90.2120,-90.0206,-89.8095,-89.5888,-89.3713,-89.1672,-88.9826,-88.8207,-88.6823,-88.5671,-88.4740,-88.4015,-88.3478,-88.3111,-88.2897,-88.2819,-88.2861,-88.3011,-88.3253,-88.3577,-88.3971,-88.4426,-88.4932,-88.5482,-88.6069,-88.6686,-88.7327,-88.7987,-88.8660,-88.9343,-89.0032,-89.0722,-89.1412,-89.2097,-89.2776,-89.3418,-89.3261,-89.2391,-89.1315,-89.0265,-88.9333,-88.8557,-88.7946,-88.7497,-88.7199,-88.7039,-88.7003,-88.7077,-88.7247,-88.7500,-88.7826,-88.8211,-88.8584,-88.8802,-88.8814,-88.8662,-88.8413,-88.8128,-88.7852,-88.7131,-88.5558,-88.3652,-88.1761,-88.0048,-87.8582,-87.7384,-87.6452,-87.5770,-87.5316,-87.5063,-87.4756,-87.4047,-87.3020,-87.1889,-87.0818,-86.9793,-86.8439,-86.6790,-86.5064,-86.3438,-86.2018,-86.0852,-85.9955,-85.9324,-85.8941,-85.8785,-85.8834,-85.9065,-85.9457,-85.9988,-86.0642,-86.1400,-86.2249,-86.3174,-86.4164,-86.5208,-86.6295,-86.7417,-86.8566,-86.9735,-87.0917,-87.2107,-87.3299,-87.4488,-87.4520,-87.3436,-87.1955,-86.9739,-86.7304,-86.5009,-86.3012,-86.1371,-86.0093,-85.9162,-85.8548,-85.8218,-85.8139,-85.8277,-85.8603,-85.9091,-85.9715,-86.0455,-86.1293,-86.2212,-86.3197,-86.4217,-86.5085,-86.5685,-86.6060,-86.6293,-86.6457,-86.6609,-86.6786,-86.7011,-86.7299,-86.7656,-86.8082,-86.8576,-86.9134,-86.9750,-87.0419,-87.1135,-87.1891,-87.2683,-87.3504,-87.4349,-87.5213,-87.6092,-87.6981,-87.7877,-87.8775,-87.9673,-88.0567,-88.1455,-88.2334,-88.3202,-88.4057,-88.4896,-88.5719,-88.6524,-88.7310,-88.8077,-88.8822,-88.9545,-89.0247,-89.0926,-89.1399,-89.1289,-89.0271,-88.8526,-88.6436,-88.4281,-88.2233,-88.0384,-87.8777,-87.7427,-87.6329,-87.5471,-87.4794,-87.3562,-87.1828,-87.0015,-86.8338,-86.6897,-86.5734,-86.4854,-86.3815,-86.1960,-85.9839,-85.7867,-85.6233,-85.4996,-85.4145,-85.3647,-85.3460,-85.3542,-85.3852,-85.4357,-85.5026,-85.5833,-85.6487,-85.6227,-85.5480,-85.4674,-85.4025,-85.3618,-85.2648,-85.0439,-84.6813,-84.3134,-83.9929,-83.7341,-83.5376,-83.3987,-83.3110,-83.2678,-83.2629,-83.2907,-83.3460,-83.4246,-83.5228,-83.6372,-83.7652,-83.9044,-84.0527,-84.2084,-84.3700,-84.5361,-84.7055,-84.8773,-85.0506,-85.2246,-85.3986,-85.5719,-85.7440,-85.9145,-86.0830,-86.2489,-86.4121,-86.5721,-86.7288,-86.8820,-87.0315,-87.1770,-87.3185,-87.4559,-87.5892,-87.7182,-87.8429,-87.9634,-88.0374,-87.9778,-87.8732,-87.7671,-87.6759,-87.6052,-87.5561,-87.5275,-87.5164,-87.4973,-87.4434,-87.3614,-87.2680,-87.1767,-87.0961,-87.0303,-86.9813,-86.9491,-86.9329,-86.9314,-86.9434,-86.9673,-87.0016,-87.0452,-87.0966,-87.1550,-87.2191,-87.2882,-87.3613,-87.4379,-87.5172,-87.5986,-87.6816,-87.7658,-87.8507,-87.9358,-88.0210,-88.1057,-88.1899,-88.2731,-88.3553,-88.4362,-88.5156,-88.5934,-88.6694,-88.7436,-88.7321,-88.6166,-88.4776,-88.3465,-88.2344,-88.1447,-88.0773,-88.0305,-88.0022,-87.9904,-87.9926,-88.0070,-88.0318,-88.0653,-88.1061,-88.1530,-88.2048,-88.2607,-88.3198,-88.3814,-88.4413,-88.4570,-88.4249,-88.3691,-88.3057,-88.2438,-88.1886,-88.1427,-88.1076,-88.0835,-88.0702,-88.0673,-88.0739,-88.0892,-88.1124,-88.1425,-88.1788,-88.2204,-88.2666,-88.3167,-88.3702,-88.4264,-88.4848,-88.5450,-88.6065,-88.6689,-88.7319,-88.7952,-88.8584,-88.9214,-88.9838,-89.0455,-89.1064,-89.1662,-89.2249,-89.2822,-89.3382,-89.3928,-89.4458,-89.4973,-89.5472,-89.5955,-89.6422,-89.6873,-89.7114,-89.6409,-89.5118,-89.3665,-89.2264,-89.1010,-88.9941,-88.9068,-88.8382,-88.7872,-88.7520,-88.7309,-88.7220,-88.7239,-88.7351,-88.7542,-88.7801,-88.8117,-88.8480,-88.8883,-88.9319,-88.9780,-89.0262,-89.0759,-89.1267,-89.1783,-89.2302,-89.2822,-89.3340,-89.3854,-89.4363,-89.4864,-89.5285,-89.4869,-89.3717,-89.2334,-89.0983,-88.9782,-88.8772,-88.7963,-88.7348,-88.6910,-88.6632,-88.6493,-88.6477,-88.6565,-88.6740,-88.6779,-88.6352,-88.5547,-88.4580,-88.3619,-88.2760,-88.2050,-88.1503,-88.1119,-88.0886,-88.0793,-88.0823,-88.0962,-88.1196,-88.1514,-88.1877,-88.1910,-88.1437,-88.0646,-87.9740,-87.8866,-87.8110,-87.7515,-87.7096,-87.6853,-87.6774,-87.6845,-87.7048,-87.7369,-87.7789,-87.8296,-87.8874,-87.9514,-88.0203,-88.0932,-88.1693,-88.2477,-88.3279,-88.4093,-88.4913,-88.5734,-88.6553,-88.7366,-88.8169,-88.8962,-88.9740,-89.0502,-89.1247,-89.1974,-89.2680,-89.3366,-89.4031,-89.4674,-89.5295,-89.5894,-89.6471,-89.7027,-89.7560,-89.8073,-89.8564,-89.9035,-89.9486,-89.9918,-90.0330,-90.0724,-90.1101,-90.1460,-90.1803,-90.2131,-90.2443,-90.2740,-90.3023,-90.3294,-90.3551,-90.3796,-90.4030,-90.4253,-90.4465,-90.4667,-90.4860,-90.5044,-90.5219,-90.5386,-90.5545,-90.5698,-90.5843,-90.5982,-90.6115,-90.6242,-90.6363,-90.6480,-90.6591,-90.6698,-90.6801,-90.6899,-90.6994,-90.7069,-90.6823,-90.5996,-90.4745,-90.3222,-90.1475,-89.9584,-89.7656,-89.5671,-89.3398,-89.0885,-88.8321,-88.5864,-88.3610,-88.1607,-87.9875,-87.8412,-87.7208,-87.6247,-87.5510,-87.4979,-87.4634,-87.4459,-87.4436,-87.4549,-87.4783,-87.5126,-87.5558,-87.5350,-87.4318,-87.3019,-87.1773,-87.0727,-86.9754,-86.8619,-86.7357,-86.6096,-86.4946,-86.3977,-86.3223,-86.2694,-86.2387,-86.2252,-86.1974,-86.1377,-86.0570,-85.9714,-85.8932,-85.8294,-85.7837,-85.7573,-85.7499,-85.7604,-85.7875,-85.8296,-85.8849,-85.9520,-86.0293,-86.1154,-86.2091,-86.3091,-86.4145,-86.5243,-86.6377,-86.7537,-86.8719,-86.9914,-87.1118,-87.2325,-87.3531,-87.4730,-87.5920,-87.7097,-87.8258,-87.9400,-88.0521,-88.1619,-88.2690,-88.3356,-88.3318,-88.2926,-88.2421,-88.1927,-88.1507,-88.1189,-88.0984,-88.0893,-88.0911,-88.1029,-88.1238,-88.1529,-88.1891,-88.2316,-88.2794,-88.3317,-88.3084,-88.1888,-88.0428,-87.9031,-87.7841,-87.6909,-87.6239,-87.5815,-87.5611,-87.5601,-87.5701,-87.4990,-87.3716,-87.2330,-87.1059,-87.0006,-86.9210,-86.8675,-86.8387,-86.8322,-86.8454,-86.8431,-86.7177,-86.5556,-86.4060,-86.2866,-86.2019,-86.1510,-86.1306,-86.1367,-86.1653,-86.2130,-86.2763,-86.3527,-86.4398,-86.5354,-86.6380,-86.7460,-86.8581,-86.9732,-87.0905,-87.2090,-87.3281,-87.4471,-87.5656,-87.6831,-87.7992,-87.9135,-87.9474,-87.8465,-87.7203,-87.6070,-87.5185,-87.4574,-87.4222,-87.4102,-87.4183,-87.4433,-87.4824,-87.5333,-87.5936,-87.6617,-87.7359,-87.8149,-87.8974,-87.9827,-88.0698,-88.1579,-88.2467,-88.3354,-88.4236,-88.5111,-88.5974,-88.6823,-88.7656,-88.8471,-88.9267,-89.0042,-89.0795,-89.1526,-89.2234,-89.2915,-89.3357,-89.3239,-89.2663,-89.1851,-89.0381,-88.7827,-88.5001,-88.2305,-87.9917,-87.7899,-87.6258,-87.4974,-87.4013,-87.3339,-87.2917,-87.2714,-87.2683,-87.1917,-87.0387,-86.8721,-86.7226,-86.6028,-86.5159,-86.4609,-86.4346,-86.4325,-86.3146,-86.1094,-85.9176,-85.7661,-85.6595,-85.5946,-85.5664,-85.5696,-85.5992,-85.6506,-85.7202,-85.8004,-85.8493,-85.8537,-85.8324,-85.8039,-85.7805,-85.7688,-85.7718,-85.7904,-85.8241,-85.8717,-85.9320,-86.0033,-86.0842,-86.1734,-86.2695,-86.3713,-86.4779,-86.5882,-86.7014,-86.8153,-86.9020,-86.9463,-86.9623,-86.9639,-86.9609,-86.9598,-86.9643,-86.9765,-86.9973,-87.0268,-87.0505,-87.0328,-86.9769,-86.9021,-86.8254,-86.7576,-86.7044,-86.6684,-86.6501,-86.6487,-86.6631,-86.6916,-86.7327,-86.7849,-86.8465,-86.9163,-86.9930,-87.0755,-87.1628,-87.2540,-87.3482,-87.4447,-87.5428,-87.6421,-87.7418,-87.8417,-87.9411,-88.0399,-88.1376,-88.2339,-88.3287,-88.4216,-88.5125,-88.6013,-88.6878,-88.7719,-88.8536,-88.9327,-89.0093,-89.0833,-89.1547,-89.2236,-89.2898,-89.3536,-89.4148,-89.4736,-89.5299,-89.5839,-89.6357,-89.6852,-89.7325,-89.7778,-89.8210,-89.8623,-89.9017,-89.9394,-89.9753,-90.0095,-90.0422,-90.0734,-90.1031,-90.1315,-90.1585,-90.1843,-90.2089,-90.2324,-90.2548,-90.2762,-90.2966,-90.3161,-90.3233,-90.2532,-90.1233,-89.9674,-89.8082,-89.6590,-89.5267,-89.4142,-89.3219,-89.2462,-89.1612,-89.0550,-88.9365,-88.8166,-88.7030,-88.6009,-88.5130,-88.4404,-88.3831,-88.3408,-88.3124,-88.2969,-88.2931,-88.2998,-88.3158,-88.3400,-88.3715,-88.4092,-88.4524,-88.5002,-88.5519,-88.6070,-88.6647,-88.7246,-88.7862,-88.8490,-88.9127,-88.9769,-89.0412,-89.1055,-89.1693,-89.2325,-89.2949,-89.3564,-89.4166,-89.4756,-89.5332,-89.5893,-89.6439,-89.6968,-89.7481,-89.7977,-89.8456,-89.8918,-89.9363,-89.9792,-90.0203,-90.0598,-90.0977,-90.1340,-90.1688,-90.2021,-90.2340,-90.2644,-90.2935,-90.2989,-90.2283,-90.1158,-89.9906,-89.8672,-89.7529,-89.6511,-89.5630,-89.4891,-89.4289,-89.3817,-89.3464,-89.3220,-89.3075,-89.3019,-89.3040,-89.3130,-89.3280,-89.3482,-89.3729,-89.4014,-89.4331,-89.4676,-89.5042,-89.5426,-89.5823,-89.6231,-89.6645,-89.7063,-89.7484,-89.7903,-89.8320,-89.8733,-89.9140,-89.9540,-89.9933,-90.0316,-90.0690,-90.0950,-90.0892,-90.0517,-89.9921,-89.9207,-89.8455,-89.7721,-89.7043,-89.6442,-89.5929,-89.5508,-89.5178,-89.4935,-89.4774,-89.4688,-89.4672,-89.4718,-89.4819,-89.4971,-89.5166,-89.5400,-89.5668,-89.5964,-89.6284,-89.6625,-89.6983,-89.7353,-89.7734,-89.8122,-89.8514,-89.8909,-89.9304,-89.9568,-89.7910,-89.4828,-89.1348,-88.7976,-88.4945,-88.2345,-88.0195,-87.8475,-87.7150,-87.6176,-87.5512,-87.5116,-87.4951,-87.4983,-87.5184,-87.5528,-87.5990,-87.6392,-87.6345,-87.5889,-87.5136,-87.3574,-87.1531,-86.9461,-86.7597,-86.6037,-86.4810,-86.3908,-86.3306,-86.2974,-86.2881,-86.2996,-86.3291,-86.3741,-86.4323,-86.5018,-86.5809,-86.6629,-86.7057,-86.6992,-86.6631,-86.5384,-86.2660,-85.9824,-85.7350,-85.5362,-85.3863,-85.2816,-85.2170,-85.1871,-85.1871,-85.2125,-85.2594,-85.2041,-85.0561,-84.9087,-84.7901,-84.7082,-84.6632,-84.6521,-84.6707,-84.7148,-84.7807,-84.8646,-84.9636,-85.0750,-85.1964,-85.3259,-85.4618,-85.6026,-85.7448,-85.7452,-85.6497,-85.5541,-85.4855,-85.4497,-85.4448,-85.3392,-85.1509,-84.9757,-84.8417,-84.7536,-84.7085,-84.7009,-84.7253,-84.7764,-84.8495,-84.9407,-85.0465,-85.1642,-85.2912,-85.4257,-85.5657,-85.7100,-85.8572,-86.0063,-86.1565,-86.3068,-86.4567,-86.6055,-86.7528,-86.8981,-87.0411,-87.1815,-87.3190,-87.4533,-87.5843,-87.7119,-87.8359,-87.9562,-88.0727,-88.1855,-88.2945,-88.3949,-88.3818,-88.2872,-88.1703,-88.0589,-87.9388,-87.7462,-87.5238,-87.3098,-87.1217,-86.9658,-86.8431,-86.7520,-86.6898,-86.6535,-86.6400,-86.6461,-86.6692,-86.7069,-86.7569,-86.8172,-86.8863,-86.9626,-87.0449,-87.1319,-87.2227,-87.3164,-87.4122,-87.5095,-87.6076,-87.7060,-87.8043,-87.9020,-87.9989,-88.0946,-88.1888,-88.2813,-88.3719,-88.4605,-88.5469,-88.6310,-88.7128,-88.7921,-88.8690,-88.9433,-89.0152,-89.0845,-89.1513,-89.2157,-89.2776,-89.3371,-89.3942,-89.4490,-89.5016,-89.5520,-89.6003,-89.6465,-89.6907,-89.7329,-89.7734,-89.8120,-89.8489,-89.8842,-89.9179,-89.9501,-89.9808,-90.0102,-90.0382,-90.0650,-90.0905,-90.1150,-90.1383,-90.1607,-90.1820,-90.2024,-90.2219,-90.2406,-90.2585,-90.2757,-90.2921,-90.3079,-90.3230,-90.3375,-90.3513,-90.3192,-90.2095,-90.0583,-89.8626,-89.4777,-89.0633,-88.6873,-88.3682,-88.1077,-87.9015,-87.7434,-87.6268,-87.5457,-87.4947,-87.4690,-87.4647,-87.4783,-87.5068,-87.5478,-87.5991,-87.6589,-87.7256,-87.7980,-87.8590,-87.8548,-87.8053,-87.7073,-87.5621,-87.3914,-87.2167,-87.0530,-86.9090,-86.7887,-86.6933,-86.6223,-86.5744,-86.5477,-86.5401,-86.5497,-86.5744,-86.5399,-86.3767,-86.1993,-86.0454,-85.9270,-85.8459,-85.7996,-85.7843,-85.7959,-85.8304,-85.8841,-85.9539,-86.0369,-86.1309,-86.2337,-86.3436,-86.4591,-86.5789,-86.7019,-86.8270,-86.9534,-87.0805,-87.2075,-87.3340,-87.4593,-87.5832,-87.7052,-87.8251,-87.9426,-88.0574,-88.1693,-88.2784,-88.3843,-88.4870,-88.5865,-88.6827,-88.7755,-88.8650,-88.9513,-89.0342,-89.1139,-89.1204,-88.9430,-88.7396,-88.5594,-88.4152,-88.3074,-88.2326,-88.1860,-88.1631,-88.1598,-88.1655,-88.0714,-87.8974,-87.6161,-87.2942,-86.9858,-86.7162,-86.4911,-86.1961,-85.8594,-85.5511,-85.2948,-85.0958,-84.9513,-84.8561,-84.8027,-84.7500,-84.6755,-84.5988,-84.5115,-84.3885,-84.2453,-84.1045,-83.9819,-83.8859,-83.8197,-83.7834,-83.7754,-83.7932,-83.8343,-83.8959,-83.9754,-84.0703,-84.1784,-84.2737,-84.3231,-84.3225,-84.2498,-84.1201,-83.8998,-83.6339,-83.3686,-83.1288,-82.9262,-82.7648,-82.6450,-82.5579,-82.3690,-82.1280,-81.9154,-81.6913,-81.3794,-81.0023,-80.6005,-80.1855,-79.7890,-79.4343,-79.1330,-78.8890,-78.7018,-78.5682,-78.4840,-78.4443,-78.4443,-78.4793,-78.5450,-78.6374,-78.7531,-78.8888,-79.0420,-79.2100,-79.3908,-79.5826,-79.7837,-79.9927,-80.2084,-80.4296,-80.6554,-80.8850,-81.1174,-81.3521,-81.5566,-81.6386,-81.6765,-81.7146,-81.7686,-81.8435,-81.9394,-82.0546,-82.1869,-82.3337,-82.4928,-82.6621,-82.8396,-83.0237,-83.2130,-83.3536,-83.3910,-83.3927,-83.3936,-83.4095,-83.4459,-83.5037,-83.5813,-83.6719,-83.7333,-83.7541,-83.7513,-83.7426,-83.7404,-83.7518,-83.7799,-83.8257,-83.8886,-83.9672,-84.0599,-84.1649,-84.2804,-84.4048,-84.5366,-84.6745,-84.8173,-84.9638,-85.1132,-85.2645,-85.4172,-85.5704,-85.7236,-85.8762,-86.0278,-86.1780,-86.3264,-86.4727,-86.6165,-86.7577,-86.8959,-87.0311,-87.1630,-87.2915,-87.4165,-87.5380,-87.6558,-87.7700,-87.8804,-87.9872,-88.0902,-88.1896,-88.2853,-88.3775,-88.4661,-88.5512,-88.6330,-88.7114,-88.7866,-88.7574,-88.6112,-88.4400,-88.2805,-88.1461,-88.0404,-87.9621,-87.9084,-87.8761,-87.8620,-87.8632,-87.8773,-87.9019,-87.9353,-87.9760,-88.0226,-88.0739,-88.1290,-88.1871,-88.2475,-88.3095,-88.3727,-88.4366,-88.5007,-88.5649,-88.6287,-88.6920,-88.7545,-88.8161,-88.8766,-88.9358,-88.9938,-89.0503,-89.1054,-89.1590,-89.2111,-89.2616,-89.2351,-89.0280,-88.8007,-88.5995,-88.4358,-88.3099,-88.2180,-88.1553,-88.1172,-88.0996,-88.0989,-88.1121,-88.1366,-88.1705,-88.2118,-88.2592,-88.3114,-88.3674,-88.4262,-88.4873,-88.5498,-88.6134,-88.6774,-88.7417,-88.8057,-88.8693,-88.9321,-88.9941,-89.0549,-89.1146,-89.1604,-89.0512,-88.8744,-88.6025,-88.2306,-87.8707,-87.5577,-87.3008,-87.0987,-86.9465,-86.8378,-86.7666,-86.7271,-86.7144,-86.7241,-86.7525,-86.7965,-86.8534,-86.9210,-86.9972,-87.0805,-87.1694,-87.2626,-87.3592,-87.4581,-87.5587,-87.6602,-87.7621,-87.8638,-87.9648,-88.0649,-88.1637,-88.2608,-88.3562,-88.4495,-88.5406,-88.6294,-88.7092,-88.7112,-88.6375,-88.5344,-88.4310,-88.3410,-88.2695,-88.2176,-88.1843,-88.1680,-88.1667,-88.1784,-88.2013,-88.2337,-88.2739,-88.3208,-88.3731,-88.4298,-88.4899,-88.5528,-88.6177,-88.6841,-88.7513,-88.8190,-88.8868,-88.9544,-89.0213,-89.0875,-89.1527,-89.2166,-89.2793,-89.3404,-89.4001,-89.4580,-89.5143,-89.5688,-89.6216,-89.6726,-89.7217,-89.7691,-89.8148,-89.8587,-89.9008,-89.9413,-89.9801,-90.0174,-90.0530,-90.0872,-90.1198,-90.1511,-90.1810,-90.2096,-90.2369,-90.2630,-90.2879,-90.3117,-90.3345,-90.3562,-90.3770,-90.3968,-90.4158,-90.4339,-90.4512,-90.4678,-90.4836,-90.4987,-90.5132,-90.5271,-90.5404,-90.5532,-90.5654,-90.5546,-90.4680,-90.3400,-90.1988,-89.9818,-89.6794,-89.3575,-89.0553,-88.7897,-88.5658,-88.3826,-88.2370,-88.1249,-88.0423,-87.9852,-87.9504,-87.9347,-87.9354,-87.9502,-87.9770,-88.0141,-88.0597,-88.1126,-88.1715,-88.2354,-88.2969,-88.2566,-88.1397,-88.0054,-87.8826,-87.7833,-87.7110,-87.6650,-87.6429,-87.6416,-87.6581,-87.6895,-87.7335,-87.7877,-87.8503,-87.9197,-87.9945,-88.0735,-88.1556,-88.2401,-88.3261,-88.4130,-88.5002,-88.5872,-88.6737,-88.7593,-88.8436,-88.9264,-89.0076,-89.0869,-89.1642,-89.2393,-89.3123,-89.3829,-89.4513,-89.5173,-89.5809,-89.6421,-89.7011,-89.7577,-89.8120,-89.8640,-89.9139,-89.9616,-90.0072,-90.0508,-90.0925,-90.1322,-90.1701,-90.2062,-90.2407,-90.2686,-90.2573,-90.2035,-90.1239,-90.0323,-89.9384,-89.8484,-89.7659,-89.6931,-89.6307,-89.5790,-89.5378,-89.5065,-89.4844,-89.4708,-89.4649,-89.4659,-89.4723,-89.4315,-89.3103,-89.1541,-88.9978,-88.8582,-88.7419,-88.6503,-88.5823,-88.5359,-88.5087,-88.4983,-88.5024,-88.5189,-88.5459,-88.5819,-88.6252,-88.6747,-88.7292,-88.7876,-88.8493,-88.9133,-88.9791,-89.0460,-89.1136,-89.1815,-89.2491,-89.3163,-89.3828,-89.4482,-89.5125,-89.5754,-89.6367,-89.6965,-89.7546,-89.8109,-89.8654,-89.9181,-89.9689,-90.0178,-90.0648,-90.1100,-90.1534,-90.1950,-90.2349,-90.2730,-90.3094,-90.3443,-90.3775,-90.4093,-90.4395,-90.4684,-90.4959,-90.5194,-90.4027,-90.1223,-89.7765,-89.4247,-89.0980,-88.8109,-88.5680,-88.3691,-88.2112,-88.0903,-88.0023,-87.9428,-87.9081,-87.8946,-87.8993,-87.9193,-87.9524,-87.9964,-88.0496,-88.1103,-88.1772,-88.2150,-88.1642,-88.0707,-87.9706,-87.8814,-87.8103,-87.7597,-87.7295,-87.7184,-87.7246,-87.7459,-87.7803,-87.8260,-87.8811,-87.9440,-88.0135,-88.0881,-88.1669,-88.2489,-88.3333,-88.4192,-88.5062,-88.5936,-88.6809,-88.7678,-88.8505,-88.8953,-88.8868,-88.8419,-88.7808,-88.7177,-88.6614,-88.6162,-88.5840,-88.5651,-88.5590,-88.5613,-88.5361,-88.4644,-88.3644,-88.2580,-88.1596,-88.0767,-88.0123,-87.9668,-87.9393,-87.9282,-87.9318,-87.9483,-87.9762,-88.0138,-88.0598,-88.1130,-88.1721,-88.2362,-88.3045,-88.3761,-88.4503,-88.5264,-88.6040,-88.6825,-88.7615,-88.8405,-88.9192,-88.9973,-89.0745,-89.1505,-89.2252,-89.2984,-89.3669,-89.3423
20,-83.0000,-83.5221,-83.6070,-83.5926,-83.5409,-83.4797,-83.4142,-83.3259,-83.2225,-83.1176,-83.0203,-82.9357,-82.8658,-82.8110,-82.7705,-82.7428,-82.7266,-82.7201,-82.7219,-82.7307,-82.7451,-82.7643,-82.7872,-82.8131,-82.8413,-82.8713,-82.9027,-82.9350,-82.9679,-83.0011,-83.0345,-83.0678,-83.1008,-83.1335,-83.1656,-83.1972,-83.2282,-83.2584,-83.2879,-83.3166,-83.3445,-83.3715,-83.3977,-83.4231,-83.4476,-83.4712,-83.4940,-83.5160,-83.5371,-83.5574,-83.5769,-83.5957,-83.6137,-83.6309,-83.6475,-83.6633,-83.6785,-83.6930,-83.7069,-83.7202,-83.7329,-83.7450,-83.7566,-83.7676,-83.7782,-83.7882,-83.7978,-83.8070,-83.8158,-83.8241,-83.8320,-83.8396,-83.8469,-83.8537,-83.8603,-83.8666,-83.8725,-83.8782,-83.8836,-83.8888,-83.8937,-83.8984,-83.9029,-83.9071,-83.9112,-83.9151,-83.9188,-83.9223,-83.9251,-83.8988,-83.8275,-83.7264,-83.5672,-83.3855,-83.2106,-83.0550,-82.9198,-82.7882,-82.6585,-82.5371,-82.4293,-82.3379,-82.2639,-82.2072,-82.1666,-82.1406,-82.1276,-82.1257,-82.1335,-82.1493,-82.1718,-82.1998,-82.2323,-82.2683,-82.3071,-82.3480,-82.3904,-82.4339,-82.4781,-82.5227,-82.5673,-82.6118,-82.6560,-82.6996,-82.7426,-82.7848,-82.8262,-82.8666,-82.9061,-82.9446,-82.9820,-83.0183,-83.0536,-83.0877,-83.1208,-83.1528,-83.1836,-83.2134,-83.2421,-83.2698,-83.2964,-83.3220,-83.3467,-83.3703,-83.3931,-83.4149,-83.4358,-83.4559,-83.4751,-83.4936,-83.5113,-83.5282,-83.5444,-83.5599,-83.5747,-83.5889,-83.6025,-83.6154,-83.6278,-83.6397,-83.6460,-83.5703,-83.4478,-83.3231,-83.2137,-83.1249,-83.0565,-83.0066,-82.9724,-82.9513,-82.9409,-82.9392,-82.9445,-82.9553,-82.9704,-82.9889,-83.0100,-83.0331,-83.0575,-83.0830,-83.1090,-83.1355,-83.1620,-83.1883,-83.1966,-83.1695,-83.1200,-83.0630,-83.0080,-82.9601,-82.9214,-82.8924,-82.8728,-82.8616,-82.8578,-82.8604,-82.8683,-82.8807,-82.8966,-82.9155,-82.9367,-82.9548,-82.9570,-82.9424,-82.9167,-82.8861,-82.8553,-82.8277,-82.8051,-82.7885,-82.7779,-82.7733,-82.7741,-82.7798,-82.7898,-82.8034,-82.8200,-82.8392,-82.8604,-82.8832,-82.9073,-82.9323,-82.9580,-82.9841,-83.0105,-83.0370,-83.0634,-83.0896,-83.1156,-83.1413,-83.1665,-83.1912,-83.1910,-83.1105,-83.0015,-82.8953,-82.8044,-82.7326,-82.6796,-82.6434,-82.6216,-82.6117,-82.6115,-82.6192,-82.6333,-82.6523,-82.6751,-82.7010,-82.7291,-82.7588,-82.7897,-82.8213,-82.8533,-82.8854,-82.9175,-82.9494,-82.9808,-83.0117,-83.0421,-83.0718,-83.1007,-83.1289,-83.1563,-83.1829,-83.2087,-83.2336,-83.2577,-83.2810,-83.3035,-83.3251,-83.3460,-83.3660,-83.3854,-83.4039,-83.4218,-83.4389,-83.4554,-83.4712,-83.4863,-83.5009,-83.4734,-83.3596,-83.2291,-83.1097,-83.0105,-82.9329,-82.8753,-82.8350,-82.8092,-82.7953,-82.7912,-82.7949,-82.8047,-82.8195,-82.8381,-82.8596,-82.8833,-82.9087,-82.9353,-82.9626,-82.9903,-83.0183,-83.0462,-83.0740,-83.1014,-83.1285,-83.1550,-83.1809,-83.2062,-83.2309,-83.2549,-83.2781,-83.3006,-83.3224,-83.3435,-83.3639,-83.3835,-83.4024,-83.4206,-83.4382,-83.4550,-83.4712,-83.4868,-83.5018,-83.5162,-83.5287,-83.5217,-83.4870,-83.4334,-83.3715,-83.3093,-83.2519,-83.2018,-83.1604,-83.1277,-83.1032,-83.0862,-83.0757,-83.0709,-83.0710,-83.0745,-83.0675,-83.0400,-82.9988,-82.9517,-82.9045,-82.8612,-82.8241,-82.7943,-82.7721,-82.7572,-82.7491,-82.7471,-82.7505,-82.7585,-82.7704,-82.7856,-82.8035,-82.8236,-82.8455,-82.8687,-82.8929,-82.9179,-82.9434,-82.9692,-82.9951,-83.0210,-83.0468,-83.0724,-83.0976,-83.1225,-83.1470,-83.1709,-83.1943,-83.2172,-83.2395,-83.2612,-83.2823,-83.3028,-83.3227,-83.3419,-83.3606,-83.3786,-83.3960,-83.4129,-83.4291,-83.4448,-83.4599,-83.4744,-83.4885,-83.5020,-83.5150,-83.5275,-83.5395,-83.5510,-83.5621,-83.5728,-83.5831,-83.5930,-83.6024,-83.6115,-83.6203,-83.6287,-83.6367,-83.6445,-83.6519,-83.6591,-83.6660,-83.6726,-83.6789,-83.6850,-83.6909,-83.6965,-83.7019,-83.7072,-83.7122,-83.7170,-83.7217,-83.7262,-83.7305,-83.7346,-83.7387,-83.7425,-83.7463,-83.7499,-83.7534,-83.7568,-83.6767,-83.5193,-83.3640,-83.2303,-83.1224,-83.0389,-82.9768,-82.9327,-82.9010,-82.8536,-82.7840,-82.7060,-82.6311,-82.5659,-82.5119,-82.3965,-82.2342,-82.0768,-81.9438,-81.8403,-81.7651,-81.7151,-81.6866,-81.6759,-81.6798,-81.6956,-81.7208,-81.7534,-81.7920,-81.8350,-81.8815,-81.9305,-81.9812,-82.0331,-82.0857,-82.1385,-82.1912,-82.2435,-82.2953,-82.3462,-82.3963,-82.4454,-82.4891,-82.5072,-82.4988,-82.4739,-82.4422,-82.4109,-82.3676,-82.2756,-82.1650,-82.0573,-81.9624,-81.8842,-81.8237,-81.7803,-81.7524,-81.7251,-81.6406,-81.5032,-81.3466,-81.1944,-81.0593,-80.9469,-80.8586,-80.7936,-80.7499,-80.7250,-80.6979,-80.6048,-80.4877,-80.3808,-80.2970,-80.2391,-80.2054,-80.1930,-80.1985,-80.2189,-80.2513,-80.2935,-80.3435,-80.3997,-80.4281,-80.3799,-80.3127,-80.2544,-80.2152,-80.1969,-80.1980,-80.2160,-80.2479,-80.2911,-80.3432,-80.4023,-80.4668,-80.5351,-80.6062,-80.6793,-80.7535,-80.8281,-80.9029,-80.9772,-81.0509,-81.1236,-81.1952,-81.2655,-81.3343,-81.4015,-81.4672,-81.5312,-81.5935,-81.6540,-81.7129,-81.7700,-81.8253,-81.8790,-81.9309,-81.9812,-82.0298,-82.0768,-82.1222,-82.1661,-82.2085,-82.2494,-82.2888,-82.2928,-82.2179,-82.1151,-81.9943,-81.8693,-81.7514,-81.6474,-81.5603,-81.4911,-81.4392,-81.4034,-81.3464,-81.2149,-81.0463,-80.8762,-80.7226,-80.5931,-80.4902,-80.4131,-80.3598,-80.3276,-80.3139,-80.3158,-80.3310,-80.3572,-80.3925,-80.4352,-80.4838,-80.5372,-80.5943,-80.6542,-80.7161,-80.7796,-80.8440,-80.9089,-80.9740,-81.0390,-81.1035,-81.1675,-81.2307,-81.2930,-81.3543,-81.4145,-81.4735,-81.5312,-81.5876,-81.6427,-81.6965,-81.7488,-81.7998,-81.8494,-81.8976,-81.9444,-81.9899,-82.0340,-82.0767,-82.1181,-82.1583,-82.1971,-82.2348,-82.2712,-82.3064,-82.3404,-82.3733,-82.4051,-82.4359,-82.4656,-82.4942,-82.5219,-82.5487,-82.5745,-82.5995,-82.6236,-82.6249,-82.5785,-82.5098,-82.4353,-82.3644,-82.3020,-82.2503,-82.2098,-82.1801,-82.1603,-82.1491,-82.1455,-82.1481,-82.1561,-82.1685,-82.1844,-82.2031,-82.2241,-82.2469,-82.2710,-82.2961,-82.3219,-82.3482,-82.3747,-82.4013,-82.4279,-82.4543,-82.4802,-82.4814,-82.4421,-82.3818,-82.3157,-82.2530,-82.1344,-81.9702,-81.8103,-81.6716,-81.5590,-81.4723,-81.4094,-81.3674,-81.3434,-81.3344,-81.3379,-81.3516,-81.3737,-81.4024,-81.4364,-81.4745,-81.5158,-81.5595,-81.6049,-81.6293,-81.5864,-81.5118,-81.4365,-81.3745,-81.3297,-81.3021,-81.2898,-81.2906,-81.3022,-81.3228,-81.3504,-81.3837,-81.4215,-81.4627,-81.5065,-81.5521,-81.5991,-81.6468,-81.6950,-81.7433,-81.7915,-81.8392,-81.8864,-81.9330,-81.9787,-82.0236,-82.0675,-82.1103,-82.1522,-82.1929,-82.2326,-82.2711,-82.3086,-82.3449,-82.3801,-82.4142,-82.4473,-82.4792,-82.5102,-82.5401,-82.5690,-82.5970,-82.6239,-82.6500,-82.6752,-82.6995,-82.7230,-82.7456,-82.7675,-82.7885,-82.8089,-82.8285,-82.8475,-82.8658,-82.8834,-82.9004,-82.9169,-82.9328,-82.9481,-82.9629,-82.9772,-82.9910,-83.0044,-83.0173,-83.0298,-83.0419,-83.0536,-83.0649,-83.0758,-83.0864,-83.0967,-83.1067,-83.1163,-83.1257,-83.1348,-83.1436,-83.1522,-83.1605,-83.1676,-83.1313,-83.0357,-82.9204,-82.8104,-82.7155,-82.6383,-82.5780,-82.5326,-82.4999,-82.4781,-82.4653,-82.4599,-82.4606,-82.4662,-82.4759,-82.4889,-82.5045,-82.5221,-82.5414,-82.5619,-82.5834,-82.6056,-82.6281,-82.6510,-82.6740,-82.6970,-82.7198,-82.7425,-82.7649,-82.7870,-82.8087,-82.8300,-82.8508,-82.8712,-82.8911,-82.9105,-82.9294,-82.9478,-82.9657,-82.9831,-83.0000,-83.0164,-83.0323,-83.0477,-83.0627,-83.0772,-83.0912,-83.1048,-83.1179,-83.1307,-83.1428,-83.1165,-83.0255,-82.9129,-82.8066,-82.7166,-82.6447,-82.5898,-82.5500,-82.5228,-82.5063,-82.4986,-82.4980,-82.5033,-82.5133,-82.5272,-82.5440,-82.5632,-82.5843,-82.6067,-82.6302,-82.6544,-82.6791,-82.7041,-82.7291,-82.7541,-82.7790,-82.8036,-82.8278,-82.8517,-82.8751,-82.8980,-82.9204,-82.9422,-82.9635,-82.9842,-83.0044,-83.0239,-83.0429,-83.0613,-83.0791,-83.0964,-83.1131,-83.1293,-83.1449,-83.1600,-83.1746,-83.1888,-83.2024,-83.2156,-83.2283,-83.2406,-83.2524,-83.2639,-83.2736,-83.2595,-83.2099,-83.1398,-83.0647,-82.9940,-82.9324,-82.8813,-82.8410,-82.8104,-82.7886,-82.7743,-82.7664,-82.7583,-82.6684,-82.5362,-82.4084,-82.3001,-82.2145,-82.1406,-82.0599,-81.9733,-81.8882,-81.8111,-81.7461,-81.6949,-81.6579,-81.6342,-81.6227,-81.6217,-81.6299,-81.6458,-81.6680,-81.6955,-81.7273,-81.7624,-81.8001,-81.8399,-81.8812,-81.9235,-81.9665,-82.0099,-82.0535,-82.0969,-82.1401,-82.1828,-82.2250,-82.2665,-82.3073,-82.3473,-82.3864,-82.4247,-82.4620,-82.4983,-82.5337,-82.5681,-82.6015,-82.6339,-82.6653,-82.6958,-82.7253,-82.7538,-82.7815,-82.8082,-82.8339,-82.8589,-82.8829,-82.9061,-82.9285,-82.9502,-82.9710,-82.9911,-83.0105,-83.0292,-83.0472,-83.0645,-83.0813,-83.0974,-83.0557,-82.9455,-82.8229,-82.7114,-82.6191,-82.5475,-82.4948,-82.4586,-82.4363,-82.4254,-82.4238,-82.4296,-82.4414,-82.4579,-82.4780,-82.5010,-82.5261,-82.5528,-82.5807,-82.6093,-82.6383,-82.6676,-82.6968,-82.7259,-82.7547,-82.7831,-82.8110,-82.8383,-82.8651,-82.8912,-82.9166,-82.9414,-82.9654,-82.9888,-83.0114,-83.0334,-83.0546,-83.0751,-83.0950,-83.1142,-83.1327,-83.1505,-83.1678,-83.1844,-83.2005,-83.2159,-83.2309,-83.2452,-83.2591,-83.2724,-83.2853,-83.2977,-83.3096,-83.3001,-83.2096,-83.0884,-82.9690,-82.8649,-82.7801,-82.7143,-82.6658,-82.6321,-82.6107,-82.5996,-82.5969,-82.6009,-82.6103,-82.6239,-82.6410,-82.6607,-82.6824,-82.7057,-82.7300,-82.7551,-82.7807,-82.8065,-82.8323,-82.8581,-82.8837,-82.9090,-82.9339,-82.9583,-82.9822,-83.0055,-83.0283,-83.0505,-83.0721,-83.0931,-83.1134,-83.1331,-83.1522,-83.1706,-83.1885,-83.2057,-83.2224,-83.2385,-83.2540,-83.2690,-83.2834,-83.2974,-83.3108,-83.3237,-83.3362,-83.3482,-83.3598,-83.3709,-83.3817,-83.3921,-83.4020,-83.4116,-83.4209,-83.4299,-83.4385,-83.4468,-83.4548,-83.4625,-83.4700,-83.4772,-83.4841,-83.4909,-83.4973,-83.5036,-83.5097,-83.4670,-83.3204,-83.1653,-83.0289,-82.9177,-82.8313,-82.7668,-82.7212,-82.6911,-82.6737,-82.6644,-82.6466,-82.6145,-82.5738,-82.5310,-82.4908,-82.4561,-82.4285,-82.4085,-82.3962,-82.3911,-82.3924,-82.3995,-82.4115,-82.4276,-82.4473,-82.4699,-82.4947,-82.5214,-82.5494,-82.5785,-82.6084,-82.6387,-82.6693,-82.7000,-82.7306,-82.7610,-82.7911,-82.8208,-82.8499,-82.8786,-82.9067,-82.9341,-82.9609,-82.9870,-83.0124,-83.0372,-83.0612,-83.0845,-83.1071,-83.1289,-83.1501,-83.1706,-83.1904,-83.2095,-83.2280,-83.2458,-83.2630,-83.2796,-83.2956,-83.3110,-83.3259,-83.3402,-83.3537,-83.3565,-83.3370,-83.2999,-83.2530,-83.2029,-83.1542,-83.1096,-83.0708,-83.0383,-83.0123,-82.9886,-82.9476,-82.8872,-82.8168,-82.7452,-82.6786,-82.6204,-82.5722,-82.5345,-82.5069,-82.4884,-82.4781,-82.4750,-82.4779,-82.4861,-82.4986,-82.5147,-82.5337,-82.5551,-82.5784,-82.6032,-82.6291,-82.6559,-82.6833,-82.7110,-82.7390,-82.7561,-82.7148,-82.6338,-82.5449,-82.4651,-82.4008,-82.3529,-82.3204,-82.3011,-82.2931,-82.2943,-82.3032,-82.3182,-82.3382,-82.3620,-82.3889,-82.4181,-82.4490,-82.4812,-82.5143,-82.5479,-82.5818,-82.6157,-82.6495,-82.6830,-82.7160,-82.7485,-82.7805,-82.8117,-82.8423,-82.8720,-82.9011,-82.9293,-82.9566,-82.9832,-83.0089,-83.0338,-83.0579,-83.0812,-83.1037,-83.1254,-83.1464,-83.1666,-83.1860,-83.2048,-83.2229,-83.2403,-83.2570,-83.2731,-83.2886,-83.3035,-83.3178,-83.3316,-83.3449,-83.3577,-83.3699,-83.3817,-83.3931,-83.4040,-83.4145,-83.4246,-83.4343,-83.4437,-83.4527,-83.4613,-83.4697,-83.4777,-83.4855,-83.4930,-83.5002,-83.5071,-83.5138,-83.5203,-83.5265,-83.5326,-83.5384,-83.5440,-83.5495,-83.5548,-83.5599,-83.5648,-83.5697,-83.5743,-83.5788,-83.5832,-83.5875,-83.5916,-83.5956,-83.5995,-83.6033,-83.6071,-83.6107,-83.6142,-83.6176,-83.6210,-83.6243,-83.6275,-83.6306,-83.6336,-83.6366,-83.6396,-83.6380,-83.6010,-83.5344,-83.4542,-83.3714,-83.2931,-83.2232,-83.1634,-83.1141,-83.0750,-83.0452,-83.0237,-83.0093,-83.0012,-82.9982,-82.9996,-83.0046,-83.0125,-83.0229,-83.0351,-83.0489,-83.0640,-83.0799,-83.0966,-83.1137,-83.1312,-83.1488,-83.1665,-83.1843,-83.2019,-83.2193,-83.2365,-83.2535,-83.2701,-83.2864,-83.3023,-83.3179,-83.3326,-83.3052,-83.2139,-83.1026,-82.9981,-82.9100,-82.8401,-82.7871,-82.7491,-82.7237,-82.7089,-82.7028,-82.7038,-82.7106,-82.7221,-82.7373,-82.7554,-82.7758,-82.7980,-82.8215,-82.8460,-82.8711,-82.8966,-82.9223,-82.9480,-82.9736,-82.9989,-83.0146,-83.0040,-82.9698,-82.9220,-82.8699,-82.8190,-82.7221,-82.5749,-82.4198,-82.2793,-82.1390,-81.9879,-81.8409,-81.7082,-81.5951,-81.5038,-81.4343,-81.3851,-81.3543,-81.3395,-81.3385,-81.3492,-81.3695,-81.3978,-81.4325,-81.4723,-81.5162,-81.5632,-81.6126,-81.6636,-81.7159,-81.7688,-81.8220,-81.8753,-81.9283,-81.9809,-82.0328,-82.0840,-82.1343,-82.1837,-82.2319,-82.2791,-82.3251,-82.3699,-82.4134,-82.4558,-82.4969,-82.5368,-82.5754,-82.6041,-82.5997,-82.5690,-82.5254,-82.4789,-82.4356,-82.3989,-82.3703,-82.3500,-82.3377,-82.3327,-82.3341,-82.3411,-82.3527,-82.3682,-82.3868,-82.4080,-82.4312,-82.4560,-82.4819,-82.5088,-82.5362,-82.5640,-82.5920,-82.6200,-82.6478,-82.6754,-82.7026,-82.7295,-82.7558,-82.7816,-82.8069,-82.8315,-82.8556,-82.8790,-82.9019,-82.9240,-82.9456,-82.9664,-82.9867,-83.0063,-83.0253,-83.0437,-83.0615,-83.0787,-83.0953,-83.1113,-83.1268,-83.1417,-83.1562,-83.1701,-83.1835,-83.1965,-83.2090,-83.2210,-83.2327,-83.2439,-83.2547,-83.2651,-83.2752,-83.2849,-83.2942,-83.3033,-83.3120,-83.3204,-83.3285,-83.3363,-83.3438,-83.3335,-83.2808,-83.2015,-83.1147,-83.0322,-82.9596,-82.8987,-82.8497,-82.8118,-82.7836,-82.7640,-82.7518,-82.7457,-82.7447,-82.7481,-82.7551,-82.7649,-82.7771,-82.7912,-82.8067,-82.8235,-82.8411,-82.8515,-82.8344,-82.7926,-82.7368,-82.6765,-82.6183,-82.5661,-82.5221,-82.4869,-82.4603,-82.4420,-82.4310,-82.4264,-82.4274,-82.4330,-82.4427,-82.4556,-82.4712,-82.4889,-82.5084,-82.5293,-82.5512,-82.5739,-82.5971,-82.6207,-82.6444,-82.6683,-82.6868,-82.5878,-82.4485,-82.3193,-82.2038,-82.0445,-81.8669,-81.7031,-81.5669,-81.4616,-81.3855,-81.3352,-81.3067,-81.2961,-81.3002,-81.3161,-81.3414,-81.3742,-81.4127,-81.4557,-81.5021,-81.5491,-81.5474,-81.4807,-81.3819,-81.2752,-81.1751,-81.0892,-81.0208,-80.9705,-80.9377,-80.9207,-80.9177,-80.9267,-80.9458,-80.9734,-81.0079,-81.0480,-81.0925,-81.1406,-81.1914,-81.2442,-81.2984,-81.3295,-81.3154,-81.2809,-81.2417,-81.2063,-81.1795,-81.1631,-81.1576,-81.1624,-81.1507,-81.1024,-81.0418,-80.9835,-80.9347,-80.8988,-80.8765,-80.8675,-80.8707,-80.8847,-80.9080,-80.9390,-80.9765,-81.0192,-81.0660,-81.1160,-81.1685,-81.2226,-81.2779,-81.3339,-81.3903,-81.4466,-81.5026,-81.5582,-81.6130,-81.6671,-81.7202,-81.7722,-81.8232,-81.8730,-81.9215,-81.9689,-82.0150,-82.0598,-82.0905,-82.0546,-81.9882,-81.9181,-81.8553,-81.8044,-81.7665,-81.7414,-81.7278,-81.7245,-81.7298,-81.7425,-81.7612,-81.7848,-81.8122,-81.8426,-81.8754,-81.9099,-81.9456,-81.9821,-82.0190,-82.0562,-82.0934,-82.1303,-82.1668,-82.2029,-82.2384,-82.2732,-82.3073,-82.3406,-82.3732,-82.4049,-82.4357,-82.4657,-82.4949,-82.5231,-82.5506,-82.5772,-82.6029,-82.6278,-82.6520,-82.6753,-82.6979,-82.7197,-82.7408,-82.7612,-82.7809,-82.7999,-82.8183,-82.8360,-82.8532,-82.8697,-82.8857,-82.9011,-82.9160,-82.9304,-82.9443,-82.9577,-82.9707,-82.9833,-82.9954,-83.0071,-83.0137,-83.0001,-82.9665,-82.9209,-82.8702,-82.8197,-82.7728,-82.7313,-82.6961,-82.6675,-82.6451,-82.6287,-82.6177,-82.6113,-82.6091,-82.6104,-82.6148,-82.6217,-82.6308,-82.6416,-82.6539,-82.6674,-82.6818,-82.6970,-82.7128,-82.7290,-82.7455,-82.7622,-82.7790,-82.7958,-82.8126,-82.8293,-82.8458,-82.8622,-82.8783,-82.8926,-82.8368,-82.7339,-82.6245,-82.5246,-82.4404,-82.3734,-82.3228,-82.2871,-82.2103,-82.0109,-81.7845,-81.5701,-81.3831,-81.2289,-81.1076,-81.0168,-80.9533,-80.9135,-80.8936,-80.8904,-80.9011,-80.9230,-80.9540,-80.9894,-80.9352,-80.8370,-80.7444,-80.6717,-80.6218,-80.5536,-80.4605,-80.3704,-80.2956,-80.2405,-80.2057,-80.1902,-80.1919,-80.2087,-80.2382,-80.2783,-80.3270,-80.3826,-80.4436,-80.5086,-80.5768,-80.6470,-80.7186,-80.7910,-80.8637,-80.9362,-81.0083,-81.0795,-81.1498,-81.2189,-81.2868,-81.3532,-81.4181,-81.4814,-81.5431,-81.6032,-81.6616,-81.7184,-81.7734,-81.8268,-81.8786,-81.9287,-81.9772,-82.0241,-82.0694,-82.1133,-82.1556,-82.1964,-82.2358,-82.2739,-82.3106,-82.3459,-82.3800,-82.4129,-82.4446,-82.4751,-82.5045,-82.5328,-82.5600,-82.5863,-82.6115,-82.6359,-82.6593,-82.6819,-82.7036,-82.7245,-82.7447,-82.7641,-82.7828,-82.8008,-82.8181,-82.8348,-82.8510,-82.8665,-82.8815,-82.8959,-82.9099,-82.9233,-82.9363,-82.9489,-82.9610,-82.9727,-82.9840,-82.9949,-83.0055,-83.0158,-83.0257,-83.0353,-83.0446,-83.0536,-83.0624,-83.0709,-83.0791,-83.0871,-83.0949,-83.1024,-83.1098,-83.1169,-83.1239,-83.1307,-83.1351,-83.0720,-82.9505,-82.8184,-82.6980,-82.5968,-82.5155,-82.4528,-82.4060,-82.3729,-82.3512,-82.3387,-82.3340,-82.3355,-82.3421,-82.3527,-82.3667,-82.3832,-82.4017,-82.4217,-82.4430,-82.4650,-82.4531,-82.3753,-82.2739,-82.1778,-82.0975,-82.0354,-81.9905,-81.9607,-81.9437,-81.9374,-81.9399,-81.9496,-81.9650,-81.9851,-82.0088,-82.0354,-82.0642,-82.0946,-82.1263,-82.1587,-82.1916,-82.2248,-82.2580,-82.2910,-82.3238,-82.3562,-82.3881,-82.4194,-82.4501,-82.4801,-82.5094,-82.5380,-82.5658,-82.5928,-82.6191,-82.6446,-82.6694,-82.6934,-82.7166,-82.7391,-82.7609,-82.7819,-82.8022,-82.8219,-82.8335,-82.7714,-82.6711,-82.5696,-82.4796,-82.4051,-82.3464,-82.3023,-82.2713,-82.2516,-82.2413,-82.2390,-82.2432,-82.2529,-82.2667,-82.2738,-82.2575,-82.2207,-82.1729,-82.1228,-82.0763,-82.0367,-82.0056,-81.9834,-81.9696,-81.9636,-81.9645,-81.9712,-81.9830,-81.9989,-82.0182,-82.0404,-82.0648,-82.0909,-82.1185,-82.1470,-82.1763,-82.2060,-82.2361,-82.2662,-82.2963,-82.3263,-82.3559,-82.3850,-82.4018,-82.3918,-82.3598,-82.3166,-82.2708,-82.2279,-82.1912,-82.1620,-82.1406,-82.1267,-82.1196,-82.1187,-82.1198,-82.1043,-82.0666,-82.0164,-81.9635,-81.9147,-81.8737,-81.8421,-81.8200,-81.8069,-81.8020,-81.8043,-81.8127,-81.8263,-81.8442,-81.8657,-81.8901,-81.9038,-81.8401,-81.7034,-81.5387,-81.3784,-81.2382,-81.1238,-81.0355,-80.9711,-80.9278,-80.9027,-80.8930,-80.8960,-80.9097,-80.9322,-80.9617,-80.9971,-81.0370,-81.0806,-81.1271,-81.1757,-81.2259,-81.2772,-81.3292,-81.3816,-81.4340,-81.4863,-81.5382,-81.5895,-81.6403,-81.6902,-81.7392,-81.7873,-81.8344,-81.8804,-81.9254,-81.9692,-82.0118,-82.0533,-82.0937,-82.1329,-82.1710,-82.2079,-82.2437,-82.2783,-82.3119,-82.3444,-82.3758,-82.4062,-82.4356,-82.4641,-82.4915,-82.5180,-82.5436,-82.5684,-82.5923,-82.6153,-82.6376,-82.6591,-82.6798,-82.6999,-82.7192,-82.7378,-82.7559,-82.7732,-82.7900,-82.8063,-82.8219,-82.8371,-82.8517,-82.8658,-82.8795,-82.8927,-82.9055,-82.9178,-82.9298,-82.9413,-82.9526,-82.9634,-82.9709,-82.9590,-82.9228,-82.8700,-82.7883,-82.6601,-82.5129,-82.3645,-82.1870,-81.9817,-81.7685,-81.5635,-81.3494,-81.0998,-80.8526,-80.6351,-80.4570,-80.3185,-80.2163,-80.1458,-80.1025,-80.0819,-80.0799,-80.0778,-80.0588,-80.0293,-79.9993,-79.9759,-79.9629,-79.9620,-79.9732,-79.9958,-80.0285,-80.0700,-80.0879,-80.0225,-79.9398,-79.8690,-79.8196,-79.7932,-79.7821,-79.7454,-79.6891,-79.6254,-79.5492,-79.4670,-79.3906,-79.3283,-79.2846,-79.2606,-79.2554,-79.2675,-79.2946,-79.3344,-79.3850,-79.4442,-79.5104,-79.5821,-79.6581,-79.7373,-79.8188,-79.9018,-79.9848,-80.0287,-80.0166,-79.9850,-79.9575,-79.9331,-79.8592,-79.7592,-79.6683,-79.6007,-79.5588,-79.5409,-79.5437,-79.5637,-79.5980,-79.6438,-79.6988,-79.7611,-79.8028,-79.7790,-79.6936,-79.5508,-79.4029,-79.2776,-79.1839,-79.1131,-78.9800,-78.7872,-78.5922,-78.4229,-78.2869,-78.1056,-77.8581,-77.6005,-77.3757,-77.2004,-77.0769,-77.0011,-76.9668,-76.9677,-76.9976,-77.0203,-76.9971,-76.9644,-76.9317,-76.8923,-76.8545,-76.7682,-76.6288,-76.4975,-76.3963,-76.3293,-76.2756,-76.2289,-76.1955,-76.1805,-76.1861,-76.2122,-76.2578,-76.3204,-76.3840,-76.4308,-76.4661,-76.4992,-76.5359,-76.5328,-76.4819,-76.4249,-76.3848,-76.3558,-76.3169,-76.2722,-76.1814,-76.0664,-75.9620,-75.8822,-75.8315,-75.7916,-75.7347,-75.6765,-75.6309,-75.6048,-75.5867,-75.5623,-75.5363,-75.5164,-75.5086,-75.5162,-75.4943,-75.4106,-75.3261,-75.2643,-75.2318,-75.2281,-75.2507,-75.2956,-75.3505,-75.3920,-75.4097,-75.4099,-75.3810,-75.2952,-75.1965,-75.1090,-75.0430,-75.0023,-74.9872,-74.9963,-75.0270,-75.0554,-75.0323,-74.9982,-74.9740,-74.9679,-74.9822,-75.0167,-75.0696,-75.1389,-75.2220,-75.3166,-75.4207,-75.5323,-75.6499,-75.7719,-75.8972,-76.0248,-76.1538,-76.2837,-76.4138,-76.5436,-76.6729,-76.8012,-76.9283,-77.0541,-77.1783,-77.3008,-77.4186,-77.4852,-77.5072,-77.5128,-77.5178,-77.5304,-77.5538,-77.5889,-77.6349,-77.6907,-77.7547,-77.8256,-77.9019,-77.9825,-78.0663,-78.1526,-78.2361,-78.2925,-78.3220,-78.3289,-78.3034,-78.2419,-78.1570,-78.0644,-77.9759,-77.8990,-77.8376,-77.7936,-77.7670,-77.7569,-77.7620,-77.7806,-77.8111,-77.8516,-77.9007,-77.9569,-77.9987,-78.0095,-78.0035,-77.9925,-77.9448,-77.8216,-77.6903,-77.5786,-77.4954,-77.4419,-77.4145,-77.3568,-77.2470,-77.1141,-76.9838,-76.8700,-76.7799,-76.7160,-76.6472,-76.5382,-76.4265,-76.3375,-76.2794,-76.2522,-76.2527,-76.2769,-76.3209,-76.3812,-76.4165,-76.3782,-76.2860,-76.1516,-76.0045,-75.8663,-75.7499,-75.6617,-75.6038,-75.5755,-75.5652,-75.5438,-75.5208,-75.5038,-75.3485,-75.0180,-74.6566,-74.3339,-74.0738,-73.8796,-73.7395,-73.6291,-73.5332,-73.4083,-73.2328,-73.0428,-72.8767,-72.7497,-72.6639,-72.5955,-72.5274,-72.4611,-72.3983,-72.3442,-72.2781,-72.1876,-72.0961,-72.0211,-71.9696,-71.9363,-71.9168,-71.9117,-71.9225,-71.9501,-71.9945,-72.0550,-72.1105,-72.1187,-72.0858,-71.9717,-71.8184,-71.6683,-71.5434,-71.4523,-71.3969,-71.3757,-71.3854,-71.4225,-71.4831,-71.5637,-71.6609,-71.7719,-71.8941,-72.0253,-72.1637,-72.3078,-72.4561,-72.6076,-72.7614,-72.9167,-73.0729,-73.2295,-73.3625,-73.4335,-73.4708,-73.4979,-73.4932,-73.4642,-73.4337,-73.4154,-73.4081,-73.3928,-73.3711,-73.3522,-73.3440,-73.3508,-73.3745,-73.4151,-73.4717,-73.5428,-73.6028,-73.5504,-73.4306,-73.3022,-73.1932,-73.1143,-73.0675,-73.0514,-73.0417,-72.9678,-72.8845,-72.8202,-72.7843,-72.7782,-72.7998,-72.8458,-72.9127,-72.9969,-73.0953,-73.2053,-73.3244,-73.4270,-73.4664,-73.4381,-73.2686,-73.0640,-72.8765,-72.7240,-72.6116,-72.5389,-72.5030,-72.4999,-72.5253,-72.5737,-72.6315,-72.6890,-72.7457,-72.8044,-72.8605,-72.8910,-72.8987,-72.8988,-72.9033,-72.9192,-72.9494,-72.9838,-72.9692,-72.9242,-72.8813,-72.8565,-72.8547,-72.8759,-72.9180,-72.9784,-73.0301,-73.0510,-73.0612,-73.0737,-73.0949,-73.1281,-73.1744,-73.2339,-73.3058,-73.3890,-73.4821,-73.5838,-73.6926,-73.8074,-73.9270,-74.0502,-74.1684,-74.2650,-74.3410,-74.4053,-74.4659,-74.5282,-74.5953,-74.6686,-74.7486,-74.8351,-74.9274,-75.0249,-75.1267,-75.2320,-75.3402,-75.4506,-75.5627,-75.6760,-75.7899,-75.9043,-76.0187,-76.1329,-76.2453,-76.3349,-76.3939,-76.4330,-76.4624,-76.4733,-76.4505,-76.4063,-76.3571,-76.3143,-76.2839,-76.2687,-76.2692,-76.2847,-76.3138,-76.3548,-76.4062,-76.4635,-76.5098,-76.5387,-76.5563,-76.5704,-76.5872,-76.6103,-76.6120,-76.5569,-76.4833,-76.4192,-76.3752,-76.3535,-76.3526,-76.3699,-76.3745,-76.3234,-76.2373,-76.1393,-76.0449,-75.9630,-75.8985,-75.8442,-75.7877,-75.7302,-75.6784,-75.6378,-75.6120,-75.6001,-75.5865,-75.5604,-75.5031,-75.4145,-75.3132,-75.1928,-75.0227,-74.8270,-74.6306,-74.4500,-74.2947,-74.1691,-74.0743,-74.0090,-73.9712,-73.9580,-73.9665,-73.9932,-74.0229,-74.0446,-74.0620,-74.0804,-74.1037,-74.1345,-74.1743,-74.2236,-74.2822,-74.3318,-74.3231,-74.2950,-74.2694,-74.2554,-74.2568,-74.2745,-74.3081,-74.3563,-74.4176,-74.4903,-74.5723,-74.6451,-74.6866,-74.6739,-74.5594,-74.4152,-74.2793,-74.1667,-74.0823,-74.0260,-73.9921,-73.9263,-73.8285,-73.7349,-73.6638,-73.6204,-73.6042,-73.6125,-73.6358,-73.6410,-73.6282,-73.6112,-73.5796,-73.5339,-73.4867,-73.4477,-73.4231,-73.4158,-73.4268,-73.4556,-73.5011,-73.5615,-73.6350,-73.7198,-73.8140,-73.9162,-74.0248,-74.1387,-74.2567,-74.3779,-74.5014,-74.6267,-74.7532,-74.8804,-75.0078,-75.1352,-75.2623,-75.3888,-75.5146,-75.6336,-75.7303,-75.8026,-75.8432,-75.8462,-75.8260,-75.7980,-75.7732,-75.7581,-75.7558,-75.7673,-75.7925,-75.8302,-75.8792,-75.9381,-76.0053,-76.0795,-76.1596,-76.2445,-76.3332,-76.4249,-76.4605,-76.4284,-76.3869,-76.3573,-76.3460,-76.3535,-76.3783,-76.4172,-76.4228,-76.3653,-76.2479,-76.0973,-75.9399,-75.7932,-75.6673,-75.5670,-75.4939,-75.4293,-75.2805,-75.1287,-75.0071,-74.9198,-74.8129,-74.6565,-74.4594,-74.2225,-73.9695,-73.7427,-73.5610,-73.4284,-73.3424,-73.2979,-73.2891,-73.3104,-73.3569,-73.4187,-73.4762,-73.5278,-73.5780,-73.6312,-73.6904,-73.7573,-73.8327,-73.9161,-73.9584,-73.9582,-73.9507,-73.9486,-73.9374,-73.9133,-73.8658,-73.7849,-73.6723,-73.5175,-73.3347,-73.1472,-72.9537,-72.7266,-72.4495,-72.1637,-71.9002,-71.6563,-71.4073,-71.1784,-70.9856,-70.8347,-70.7256,-70.6545,-70.6155,-70.6042,-70.6175,-70.6522,-70.7008,-70.7089,-70.6936,-70.6803,-70.6794,-70.6950,-70.7280,-70.7781,-70.8351,-70.8546,-70.8049,-70.7225,-70.6414,-70.5777,-70.5293,-70.4829,-70.4394,-70.4056,-70.3872,-70.3871,-70.4063,-70.4444,-70.5000,-70.5713,-70.6564,-70.7535,-70.8606,-70.9762,-71.0988,-71.2272,-71.3602,-71.4968,-71.6364,-71.7782,-71.9216,-72.0661,-72.2095,-72.3224,-72.3703,-72.3615,-72.3283,-72.2928,-72.2675,-72.2584,-72.2676,-72.2954,-72.3405,-72.4014,-72.4760,-72.5626,-72.6593,-72.7565,-72.8268,-72.8780,-72.9216,-72.9657,-73.0153,-73.0309,-72.9007,-72.7284,-72.5662,-72.4332,-72.3355,-72.2732,-72.2386,-72.2061,-72.1738,-72.1489,-72.1372,-72.1420,-72.1648,-72.2054,-72.2628,-72.3354,-72.4215,-72.5149,-72.5370,-72.5167,-72.4979,-72.4963,-72.5158,-72.5276,-72.5009,-72.4695,-72.4496,-72.4473,-72.4644,-72.5005,-72.5534,-72.6074,-72.6520,-72.6914,-72.7309,-72.7747,-72.8255,-72.8850,-72.9536,-73.0315,-73.1180,-73.2124,-73.3140,-73.4216,-73.5344,-73.6515,-73.7619,-73.8215,-73.8189,-73.7772,-73.7170,-73.6207,-73.4629,-73.2717,-73.0771,-72.8976,-72.7435,-72.6096,-72.4836,-72.3681,-72.2615,-72.1396,-72.0107,-71.8928,-71.7978,-71.7306,-71.6920,-71.6806,-71.6939,-71.7289,-71.7829,-71.8531,-71.9370,-71.9986,-72.0183,-72.0247,-72.0341,-72.0542,-72.0702,-72.0625,-72.0359,-72.0021,-71.9641,-71.9007,-71.8241,-71.7490,-71.6851,-71.6377,-71.6093,-71.6004,-71.6102,-71.6374,-71.6705,-71.6278,-71.4393,-71.1869,-70.9316,-70.7040,-70.5170,-70.3741,-70.2739,-70.2127,-70.1862,-70.1900,-70.2197,-70.2716,-70.3422,-70.4285,-70.5278,-70.6380,-70.7571,-70.8835,-71.0040,-71.0303,-70.9647,-70.8695,-70.7816,-70.7173,-70.6775,-70.6336,-70.5774,-70.4205,-70.1750,-69.9217,-69.6961,-69.5120,-69.3602,-69.2300,-69.1233,-69.0424,-68.9887,-68.9595,-68.9394,-68.9199,-68.9042,-68.8983,-68.9068,-68.9323,-68.9755,-69.0362,-69.1130,-69.1892,-69.2212,-69.2299,-69.2411,-69.2673,-69.3122,-69.3756,-69.4558,-69.5507,-69.6581,-69.7761,-69.9028,-70.0368,-70.1767,-70.3213,-70.4697,-70.6210,-70.7741,-70.9028,-70.9888,-71.0515,-71.0812,-71.0474,-70.9891,-70.9369,-70.9044,-70.8890,-70.8382,-70.7656,-70.7016,-70.6416,-70.5481,-70.4473,-70.3634,-70.3073,-70.2819,-70.2817,-70.2874,-70.2950,-70.3080,-70.3301,-70.3639,-70.4106,-70.4707,-70.5438,-70.6293,-70.7259,-70.8327,-70.9482,-71.0712,-71.2005,-71.3352,-71.4741,-71.6164,-71.7614,-71.9083,-72.0149,-72.0660,-72.1003,-72.1348,-72.1769,-72.2302,-72.2956,-72.3497,-72.3345,-72.3010,-72.2640,-72.1771,-72.0511,-71.9159,-71.7925,-71.6923,-71.6208,-71.5797,-71.5682,-71.5711,-71.5656,-71.5603,-71.5635,-71.4856,-71.2785,-71.0587,-70.8701,-70.7258,-70.6276,-70.5723,-70.5553,-70.5718,-70.6168,-70.6856,-70.7589,-70.8172,-70.8664,-70.9149,-70.9686,-71.0115,-71.0319,-71.0454,-71.0574,-71.0203,-70.9424,-70.8624,-70.8011,-70.7664,-70.7591,-70.7482,-70.6863,-70.5907,-70.4831,-70.3509,-70.1925,-70.0322,-69.8883,-69.7128,-69.4455,-69.1612,-68.8990,-68.6755,-68.4963,-68.3620,-68.2701,-68.2170,-68.1985,-68.2102,-68.2480,-68.3082,-68.3872,-68.4790,-68.5703,-68.6552,-68.7349,-68.8129,-68.8927,-68.9766,-69.0664,-69.1629,-69.2662,-69.3763,-69.4926,-69.6147,-69.7418,-69.8733,-70.0085,-70.1467,-70.2875,-70.4302,-70.5745,-70.7200,-70.8663,-71.0132,-71.1603,-71.3075,-71.4547,-71.5998,-71.7056,-71.7678,-71.8080,-71.8425,-71.8805,-71.9271,-71.9841,-72.0519,-72.1302,-72.2178,-72.3138,-72.4169,-72.5261,-72.6404,-72.7588,-72.8806,-73.0051,-73.1316,-73.2597,-73.3889,-73.5187,-73.6490,-73.7794,-73.9097,-74.0397,-74.1692,-74.2982,-74.4264,-74.5537,-74.6802,-74.8057,-74.9301,-75.0535,-75.1757,-75.2967,-75.4165,-75.5351,-75.6524,-75.7684,-75.8831,-75.9965,-76.1001,-76.1465,-76.1538,-76.1482,-76.1445,-76.1497,-76.1666,-76.1956,-76.2359,-76.2863,-76.3454,-76.4117,-76.4840,-76.5612,-76.6338,-76.6766,-76.6946,-76.7020,-76.7089,-76.7213,-76.7418,-76.7715,-76.8103,-76.8575,-76.9121,-76.9732,-77.0398,-77.1108,-77.1855,-77.2631,-77.3430,-77.4244,-77.5071,-77.5906,-77.6744,-77.7584,-77.8423,-77.9259,-78.0089,-78.0913,-78.1730,-78.2538,-78.3337,-78.4125,-78.4903,-78.5657,-78.6008,-78.5894,-78.5564,-78.5192,-78.4876,-78.4663,-78.4568,-78.4590,-78.4720,-78.4947,-78.5255,-78.5633,-78.6069,-78.6551,-78.7071,-78.7620,-78.8192,-78.8781,-78.9099,-78.8639,-78.7870,-78.7114,-78.6502,-78.6074,-78.5826,-78.5741,-78.5796,-78.5969,-78.6240,-78.6591,-78.7006,-78.7473,-78.7981,-78.8522,-78.9086,-78.9669,-79.0265,-79.0870,-79.1480,-79.2092,-79.2705,-79.3315,-79.3921,-79.4522,-79.5117,-79.5705,-79.6285,-79.6857,-79.7420,-79.7973,-79.8518,-79.9053,-79.9578,-80.0093,-80.0599,-80.1095,-80.1581,-80.2057,-80.2524,-80.2981,-80.3429,-80.3868,-80.4297,-80.4718,-80.5129,-80.5532,-80.5926,-80.6312,-80.6690,-80.7059,-80.7421,-80.7775,-80.8122,-80.8461,-80.8793,-80.9118,-80.9436,-80.9748,-81.0053,-81.0351,-81.0644,-81.0930,-81.1211,-81.1485,-81.1755,-81.2019,-81.2277,-81.2531,-81.2779,-81.3023,-81.3262,-81.3496,-81.3726,-81.3951,-81.4173,-81.4390,-81.4603,-81.4812,-81.5018,-81.5220,-81.5418,-81.5613,-81.5805,-81.5993,-81.6178,-81.6361,-81.6540,-81.6716,-81.6889,-81.7060,-81.7228,-81.7393,-81.7556,-81.7717,-81.7875,-81.8031,-81.8184,-81.8335,-81.8485,-81.8632,-81.8777,-81.8920,-81.9061,-81.9200,-81.9338,-81.9474,-81.9608,-81.9740,-81.9871,-82.0000,-82.0128,-82.0254,-82.0378,-82.0502,-82.0623,-82.0744,-82.0863,-82.0981,-82.1097,-82.1213,-82.1327,-82.1440,-82.1551,-82.1662,-82.1771,-82.1880,-82.1987,-82.2093,-82.2199,-82.2303,-82.2406,-82.2509,-82.2610,-82.2710,-82.2810,-82.2909,-82.3007,-82.3104,-82.3200,-82.3295,-82.3390,-82.3484,-82.3577,-82.3669,-82.3760,-82.3851,-82.3941,-82.4031,-82.4119,-82.4207,-82.4295,-82.4381,-82.4369,-82.4083,-82.3562,-82.2645,-82.1316,-81.9842,-81.8399,-81.7083,-81.5942,-81.4992,-81.4229,-81.3643,-81.3214,-81.2924,-81.2753,-81.2685,-81.2702,-81.2790,-81.2938,-81.3134,-81.3370,-81.3637,-81.3931,-81.4244,-81.4573,-81.4913,-81.5262,-81.5617,-81.5975,-81.6335,-81.6694,-81.7053,-81.7409,-81.7762,-81.8110,-81.8454,-81.8792,-81.9124,-81.9424,-81.9515,-81.9304,-81.8776,-81.8010,-81.7127,-81.6231,-81.5392,-81.4651,-81.4028,-81.3529,-81.3151,-81.2886,-81.2722,-81.2649,-81.2654,-81.2727,-81.2857,-81.3036,-81.3255,-81.3508,-81.3789,-81.4092,-81.4413,-81.4748,-81.5094,-81.5447,-81.5807,-81.6170,-81.6534,-81.6899,-81.7263,-81.7625,-81.7984,-81.8338,-81.8689,-81.9034,-81.9374,-81.9708,-82.0036,-82.0358,-82.0672,-82.0980,-82.1281,-82.1575,-82.1862,-82.2142,-82.2415,-82.2681,-82.2940,-82.3193,-82.3438,-82.3677,-82.3909,-82.4135,-82.4355,-82.4568,-82.4775,-82.4977,-82.5173,-82.5363,-82.5548,-82.5728,-82.5902,-82.6072,-82.6236,-82.6396,-82.6552,-82.6703,-82.6850,-82.6993,-82.7132,-82.7267,-82.7399,-82.7527,-82.7651,-82.7773,-82.7891,-82.8006,-82.8118,-82.8227,-82.8334,-82.8437,-82.8539,-82.8638,-82.8734,-82.8829,-82.8921,-82.9011,-82.9099,-82.9185,-82.9270,-82.9352,-82.9433,-82.9512,-82.9590,-82.9666,-82.9740,-82.9814,-82.9885,-82.9956,-83.0025,-83.0093,-83.0160,-83.0226,-83.0291,-83.0354,-83.0417,-83.0479,-83.0539,-83.0599,-83.0658,-83.0716,-83.0774,-83.0830,-83.0886,-83.0941,-83.0996,-83.1049,-83.1102,-83.1155,-83.1207,-83.1258,-83.1308,-83.1358,-83.1408,-83.1457,-83.1505,-83.1553,-83.1601,-83.1648,-83.1695,-83.1741,-83.1787,-83.1832,-83.1877,-83.1921,-83.1966,-83.2009,-83.2053,-83.2096,-83.2138,-83.2181,-83.2223,-83.2265,-83.2306,-83.2347,-83.2388,-83.2428,-83.2468,-83.2508,-83.2548,-83.2587,-83.2626,-83.2665,-83.2704,-83.2742,-83.2780,-83.2818,-83.2855,-83.2892,-83.2930,-83.2966,-83.3003,-83.3039,-83.3076,-83.3111,-83.3147,-83.3183,-83.3218,-83.3253,-83.3151,-83.2644,-83.1858,-83.0990,-83.0161,-82.9428,-82.8812,-82.8313,-82.7924,-82.7633,-82.7427,-82.7294,-82.7223,-82.7053,-82.6331,-82.5287,-82.4222,-82.3286,-82.2531,-82.1927,-82.1284,-82.0572,-81.9857,-81.9192,-81.8615,-81.8136,-81.7498,-81.6555,-81.5495,-81.4484,-81.3615,-81.2925,-81.2419,-81.2086,-81.1910,-81.1869,-81.1943,-81.2115,-81.2367,-81.2684,-81.3055,-81.3468,-81.3914,-81.4385,-81.4876,-81.5380,-81.5894,-81.6412,-81.6933,-81.7453,-81.7970,-81.8482,-81.8989,-81.9479,-81.9748,-81.9692,-81.9436,-81.9099,-81.8761,-81.8472,-81.8256,-81.8121,-81.8067,-81.8089,-81.8179,-81.8328,-81.8526,-81.8766,-81.9040,-81.9340,-81.9661,-81.9998,-82.0347,-82.0705,-82.1067,-82.1431,-82.1797,-82.2161,-82.2522,-82.2879,-82.3232,-82.3578,-82.3891,-82.3062,-82.1778,-82.0576,-81.9596,-81.8858,-81.8345,-81.8026,-81.7869,-81.7845,-81.7927,-81.8095,-81.8329,-81.8615,-81.8940,-81.8998,-81.8644,-81.8122,-81.7578,-81.7092,-81.6705,-81.6430,-81.6270,-81.6218,-81.6260,-81.6386,-81.6581,-81.6833,-81.7133,-81.7469,-81.7834,-81.8221,-81.8623,-81.9037,-81.9458,-81.9881,-82.0306,-82.0729,-82.1148,-82.1563,-82.1971,-82.2372,-82.2765,-82.3149,-82.3525,-82.3891,-82.4247,-82.4594,-82.4931,-82.5258,-82.5575,-82.5882,-82.6180,-82.6468,-82.6747,-82.7017,-82.7277,-82.7529,-82.7773,-82.8008,-82.8235,-82.8454,-82.8665,-82.8869,-82.9065,-82.9255,-82.9438,-82.9615,-82.9785,-82.9950,-83.0108,-83.0261,-83.0405,-83.0302,-82.9753,-82.8945,-82.8071,-82.7245,-82.6522,-82.5922,-82.5427,-82.4561,-82.3393,-82.2198,-82.1102,-82.0163,-81.9401,-81.8815,-81.8392,-81.8116,-81.7966,-81.7925,-81.7975,-81.8099,-81.8286,-81.8522,-81.8798,-81.9106,-81.9437,-81.9787,-82.0151,-82.0523,-82.0901,-82.1282,-82.1664,-82.2044,-82.2422,-82.2795,-82.3163,-82.3524,-82.3879,-82.4227,-82.3749,-82.2500,-82.1259,-82.0220,-81.9424,-81.8857,-81.8493,-81.8299,-81.8243,-81.8301,-81.8448,-81.8666,-81.8939,-81.9254,-81.9601,-81.9971,-82.0357,-82.0754,-82.1158,-82.1564,-82.1970,-82.2374,-82.2773,-82.3166,-82.3552,-82.3930,-82.4300,-82.4661,-82.5012,-82.5353,-82.5685,-82.6007,-82.6319,-82.6621,-82.6913,-82.7196,-82.7469,-82.7733,-82.7988,-82.8234,-82.8471,-82.8700,-82.8921,-82.9134,-82.9339,-82.9537,-82.9728,-82.9911,-83.0088,-83.0259,-83.0423,-83.0582,-83.0735,-83.0882,-83.1024,-83.1160,-83.1292,-83.1419,-83.1542,-83.1661,-83.1775,-83.1885,-83.1992,-83.2094,-83.2194,-83.2290,-83.2383,-83.2472,-83.2559,-83.2643,-83.2725,-83.2804,-83.2880,-83.2954,-83.3026,-83.3096,-83.3164,-83.3230,-83.3294,-83.3356,-83.3416,-83.3475,-83.3533,-83.3589,-83.3643,-83.3696,-83.3748,-83.3799,-83.3848,-83.3897,-83.3944,-83.3990,-83.4035,-83.4080,-83.4123,-83.4166,-83.4207,-83.4248,-83.4289,-83.4328,-83.4367,-83.4405,-83.4442,-83.4479,-83.4516,-83.4551,-83.4586,-83.4599,-83.4416,-83.3968,-83.3350,-83.2672,-83.2009,-83.1405,-83.0881,-83.0442,-83.0089,-82.9813,-82.9606,-82.9461,-82.9369,-82.9321,-82.9312,-82.9335,-82.9385,-82.9457,-82.9547,-82.9653,-82.9772,-82.9900,-82.9974,-82.9586,-82.8885,-82.8094,-82.7331,-82.6654,-82.6029,-82.5253,-82.4335,-82.3372,-82.2451,-82.1627,-82.0931,-82.0373,-81.9953,-81.9631,-81.8462,-81.6911,-81.5472,-81.4286,-81.3381,-81.2741,-81.2334,-81.2125,-81.2081,-81.2171,-81.2371,-81.2659,-81.3015,-81.3426,-81.3878,-81.4361,-81.4867,-81.5384,-81.5569,-81.5351,-81.4970,-81.4562,-81.4205,-81.3939,-81.3778,-81.3725,-81.3772,-81.3909,-81.4124,-81.4405,-81.4739,-81.5082,-81.5247,-81.5185,-81.4983,-81.4735,-81.4507,-81.4338,-81.4244,-81.4232,-81.4298,-81.4436,-81.4636,-81.4891,-81.5191,-81.5527,-81.5894,-81.6171,-81.5903,-81.5355,-81.4758,-81.4220,-81.3787,-81.3477,-81.3290,-81.3219,-81.3250,-81.3372,-81.3569,-81.3830,-81.4143,-81.4498,-81.4885,-81.5298,-81.5730,-81.6176,-81.6631,-81.7091,-81.7554,-81.8016,-81.8476,-81.8932,-81.9383,-81.9826,-82.0262,-82.0689,-82.1108,-82.1517,-82.1916,-82.2305,-82.2684,-82.3052,-82.3410,-82.3758,-82.4095,-82.4422,-82.4740,-82.5047,-82.5344,-82.5632,-82.5911,-82.6180,-82.6441,-82.6693,-82.6936,-82.7171,-82.7398,-82.7618,-82.7830,-82.8034,-82.8232,-82.8423,-82.8607,-82.8785,-82.8957,-82.9123,-82.9283,-82.9438,-82.9588,-82.9733,-82.9873,-83.0008,-83.0138,-83.0265,-83.0387,-83.0506,-83.0620,-83.0731,-83.0839,-83.0943,-83.1044,-83.1142,-83.1237,-83.1329,-83.1418,-83.1505,-83.1589,-83.1671,-83.1751,-83.1829,-83.1904,-83.1978,-83.2050,-83.2119,-83.2188,-83.2254,-83.2319,-83.2321,-83.1923,-83.1225,-83.0415,-82.9606,-82.8862,-82.8213,-82.7671,-82.7237,-82.6902,-82.6633,-82.6187,-82.5518,-82.4742,-82.3963,-82.3250,-82.2640,-82.2147,-82.1772,-82.1508,-82.1346,-82.1273,-82.1276,-82.1345,-82.1468,-82.1636,-82.1841,-82.2075,-82.2333,-82.2610,-82.2901,-82.3202,-82.3511,-82.3825,-82.4141,-82.4458,-82.4775,-82.5089,-82.5400,-82.5707,-82.6010,-82.6307,-82.6599,-82.6884,-82.7163,-82.7435,-82.7700,-82.7958,-82.8209,-82.8453,-82.8690,-82.8920,-82.9143,-82.9359,-82.9568,-82.9771,-82.9967,-83.0156,-83.0339,-83.0516,-83.0688,-83.0853,-83.1013,-83.1167,-83.1316,-83.1459,-83.1598,-83.1732,-83.1735,-83.0895,-82.9723,-82.8566,-82.7551,-82.6719,-82.6071,-82.5592,-82.4857,-82.3417,-82.1793,-82.0022,-81.8274,-81.6699,-81.5373,-81.4316,-81.3520,-81.2964,-81.2617,-81.2450,-81.2435,-81.2547,-81.2762,-81.3062,-81.3430,-81.3851,-81.4314,-81.4809,-81.5328,-81.5864,-81.6411,-81.6965,-81.7521,-81.8077,-81.8629,-81.9177,-81.9716,-82.0248,-82.0769,-82.1220,-82.1073,-82.0452,-81.9705,-81.9024,-81.8487,-81.8111,-81.7887,-81.7797,-81.7820,-81.7936,-81.8128,-81.8381,-81.8682,-81.9020,-81.9386,-81.9773,-82.0176,-82.0588,-82.1006,-82.1427,-82.1848,-82.2266,-82.2681,-82.3089,-82.3491,-82.3885,-82.4271,-82.4648,-82.5015,-82.5373,-82.5720,-82.6058,-82.6385,-82.6703,-82.7010,-82.7307,-82.7595,-82.7872,-82.7968,-82.7368,-82.6421,-82.5471,-82.4658,-82.4016,-82.3539,-82.3209,-82.3003,-82.2902,-82.2886,-82.2942,-82.3054,-82.3213,-82.3227,-82.2695,-82.1956,-82.1225,-82.0588,-82.0076,-81.9695,-81.9440,-81.9298,-81.9256,-81.9301,-81.9417,-81.9595,-81.9821,-82.0088,-82.0387,-82.0654,-82.0219,-81.9304,-81.8339,-81.7512,-81.6882,-81.6449,-81.6194,-81.6092,-81.6117,-81.6246,-81.6458,-81.6552,-81.6080,-81.5365,-81.4638,-81.4014,-81.3539,-81.3223,-81.3060,-81.2772,-81.1728,-81.0503,-80.9415,-80.8570,-80.7984,-80.7637,-80.7496,-80.7529,-80.7703,-80.7993,-80.8373,-80.8825,-80.9333,-80.9883,-81.0464,-81.1067,-81.1684,-81.2310,-81.2923,-81.3067,-81.2777,-81.2181,-81.1345,-81.0418,-80.9525,-80.8702,-80.7658,-80.6463,-80.5302,-80.4288,-80.3477,-80.2873,-80.2328,-80.1743,-80.1166,-80.0658,-80.0262,-79.9999,-79.9877,-79.9890,-80.0027,-80.0276,-80.0621,-80.0994,-80.1235,-80.1341,-80.1376,-80.1401,-80.1458,-80.1572,-80.1755,-80.2012,-80.2341,-80.2735,-80.3063,-80.3146,-80.3052,-80.2881,-80.2713,-80.2599,-80.2567,-80.2631,-80.2792,-80.3043,-80.3377,-80.3781,-80.4245,-80.4760,-80.5314,-80.5900,-80.6509,-80.7136,-80.7776,-80.8422,-80.9072,-80.9722,-81.0369,-81.1011,-81.1646,-81.2273,-81.2891,-81.3497,-81.4092,-81.4674,-81.5244,-81.5800,-81.6343,-81.6744,-81.6825,-81.6667,-81.6382,-81.5930,-81.4704,-81.3121,-81.1591,-81.0285,-80.9253,-80.8488,-80.7964,-80.7648,-80.7508,-80.7514,-80.7641,-80.7865,-80.8169,-80.8527,-80.8719,-80.8479,-80.7875,-80.7074,-80.6220,-80.5403,-80.4330,-80.2987,-80.1642,-80.0437,-79.9438,-79.8664,-79.8116,-79.7778,-79.7628,-79.7643,-79.7800,-79.8076,-79.8451,-79.8907,-79.9429,-80.0004,-80.0620,-80.1268,-80.1940,-80.2629,-80.3330,-80.4037,-80.4747,-80.5457,-80.6164,-80.6865,-80.7559,-80.7851,-80.7409,-80.6804,-80.6261,-80.5856,-80.5609,-80.5516,-80.5561,-80.5725,-80.5990,-80.6337,-80.6751,-80.6665,-80.5882,-80.5022,-80.4310,-80.3807,-80.3514,-80.3411,-80.3469,-80.3662,-80.3965,-80.4355,-80.4815,-80.5329,-80.5884,-80.6469,-80.7076,-80.7697,-80.8328,-80.8962,-80.9596,-81.0228,-81.0853,-81.1471,-81.2027,-81.1397,-81.0340,-80.9362,-80.8595,-80.8059,-80.7739,-80.7604,-80.7625,-80.7772,-80.8020,-80.8348,-80.8739,-80.9177,-80.9651,-81.0152,-81.0670,-81.1201,-81.1738,-81.2277,-81.2816,-81.3351,-81.3880,-81.4401,-81.4875,-81.5039,-81.4882,-81.4560,-81.4197,-81.3867,-81.3609,-81.3437,-81.3353,-81.3353,-81.3427,-81.3568,-81.3764,-81.4006,-81.4287,-81.4599,-81.4934,-81.5288,-81.5657,-81.6035,-81.6419,-81.6808,-81.7198,-81.7588,-81.7975,-81.8360,-81.8739,-81.9114,-81.9482,-81.9844,-82.0198,-82.0541,-82.0688,-82.0482,-82.0050,-81.9535,-81.9030,-81.8588,-81.8231,-81.7752,-81.6667,-81.5336,-81.4082,-81.2949,-81.1864,-81.0837,-80.9907,-80.9105,-80.8450,-80.7948,-80.7595,-80.7381,-80.7294,-80.7317,-80.7438,-80.7641,-80.7913,-80.8244,-80.8622,-80.9038,-80.9485,-80.9956,-81.0445,-81.0947,-81.1458,-81.1975,-81.2494,-81.3013,-81.3531,-81.4044,-81.4553,-81.5055,-81.5550,-81.6036,-81.6514,-81.6982,-81.7441,-81.7889,-81.8327,-81.8754,-81.9171,-81.9577,-81.9972,-82.0356,-82.0730,-82.1093,-82.1446,-82.1788,-82.2121,-82.2443,-82.2756,-82.3059,-82.3352,-82.3637,-82.3912,-82.4179,-82.4437,-82.4251,-82.3260,-82.2082,-82.0998,-82.0105,-81.9420,-81.8928,-81.8605,-81.8371,-81.7898,-81.7178,-81.6386,-81.5657,-81.5059,-81.4615,-81.4324,-81.4172,-81.4141,-81.4211,-81.4366,-81.4590,-81.4869,-81.5192,-81.5549,-81.5932,-81.6336,-81.6753,-81.7181,-81.7615,-81.8051,-81.8489,-81.8924,-81.9357,-81.9710,-81.9316,-81.8441,-81.7504,-81.6693,-81.6065,-81.5626,-81.5358,-81.5236,-81.5237,-81.5338,-81.5521,-81.5768,-81.6066,-81.6404,-81.6771,-81.7162,-81.7568,-81.7986,-81.8410,-81.8837,-81.9264,-81.9690,-82.0112,-82.0528,-82.0938,-82.1341,-82.1735,-82.2121,-82.2497,-82.2864,-82.3221,-82.3568,-82.3906,-82.4233,-82.4551,-82.4859,-82.5157,-82.5446,-82.5725,-82.5996,-82.6257,-82.6510,-82.6754,-82.6990,-82.7218,-82.7438,-82.7651,-82.7857,-82.8055,-82.8247,-82.8432,-82.8610,-82.8783,-82.8949,-82.9110,-82.9266,-82.9416,-82.9561,-82.9702,-82.9837,-82.9968,-83.0095,-83.0218,-83.0337,-83.0452,-83.0563,-83.0671,-83.0776,-83.0877,-83.0976,-83.1071,-83.1163,-83.1253,-83.1341,-83.1426,-83.1508,-83.1588,-83.1666,-83.1742,-83.1816,-83.1889,-83.1959,-83.2027,-83.2094,-83.2160,-83.2224,-83.2286,-83.2347,-83.2407,-83.2465,-83.2522,-83.2578,-83.2633,-83.2687,-83.2739,-83.2791,-83.2842,-83.2892,-83.2941,-83.2989,-83.3036,-83.3083,-83.3125,-83.3046,-83.2698,-83.2129,-83.1447,-83.0741,-83.0066,-82.9455,-82.8923,-82.8473,-82.8105,-82.7811,-82.7585,-82.7419,-82.7306,-82.7238,-82.7209,-82.7213,-82.7246,-82.7302,-82.7378,-82.7471,-82.7578,-82.7695,-82.7823,-82.7957,-82.8098,-82.8243,-82.8391,-82.8542,-82.8694,-82.8847,-82.9000,-82.9153,-82.9305,-82.9422,-82.8694,-82.6664,-82.4248,-82.1241,-81.7863,-81.4380,-81.1163,-80.8376,-80.6070,-80.4240,-80.2848,-80.1847,-80.1184,-80.0808,-80.0673,-80.0736,-80.0962,-80.1320,-80.1783,-80.2330,-80.2942,-80.3604,-80.4304,-80.5031,-80.5776,-80.6534,-80.7297,-80.8062,-80.8825,-80.9581,-81.0330,-81.1068,-81.1768,-81.2253,-81.2463,-81.2494,-81.2451,-81.2407,-81.2403,-81.2460,-81.2583,-81.2771,-81.3019,-81.3318,-81.3660,-81.4037,-81.4443,-81.4870,-81.5269,-81.5028,-81.4371,-81.3644,-81.3004,-81.2510,-81.2177,-81.1998,-81.1956,-81.2032,-81.2206,-81.2461,-81.2781,-81.3152,-81.3564,-81.4006,-81.4471,-81.4952,-81.5444,-81.5943,-81.6443,-81.6944,-81.7442,-81.7934,-81.8421,-81.8899,-81.9369,-81.9830,-82.0280,-82.0719,-82.0759,-81.9969,-81.8966,-81.8043,-81.7303,-81.6766,-81.6418,-81.6235,-81.6190,-81.6258,-81.6416,-81.6648,-81.6935,-81.7267,-81.7632,-81.8021,-81.8428,-81.8847,-81.9272,-81.9701,-82.0131,-82.0558,-82.0981,-82.1399,-82.1809,-82.2212,-82.2606,-82.2991,-82.3367,-82.3732,-82.4087,-82.4433,-82.4768,-82.5092,-82.5407,-82.5712,-82.6007,-82.6292,-82.6568,-82.6834,-82.7091,-82.7340,-82.7580,-82.7812,-82.8035,-82.8251,-82.8459,-82.8613,-82.8221,-82.7462,-82.6628,-82.5847,-82.5167,-82.4607,-82.4165,-82.3835,-82.3606,-82.3464,-82.3399,-82.3398,-82.3451,-82.3549,-82.3684,-82.3849,-82.4037,-82.4245,-82.4467,-82.4699,-82.4940,-82.5187,-82.5436,-82.5688,-82.5939,-82.6190,-82.6438,-82.6684,-82.6926,-82.7164,-82.7397,-82.7626,-82.7850,-82.8069,-82.8282,-82.8490,-82.8692,-82.8889,-82.9080,-82.9266,-82.9446,-82.9621,-82.9791,-82.9955,-83.0115,-83.0251,-83.0197,-82.9912,-82.9481,-82.8984,-82.8479,-82.8006,-82.7586,-82.7231,-82.6944,-82.6724,-82.6567,-82.6466,-82.6415,-82.6408,-82.6438,-82.6501,-82.6590,-82.6702,-82.6833,-82.6978,-82.7081,-82.6673,-82.5912,-82.5058,-82.4240,-82.3517,-82.2913,-82.2436,-82.2079,-82.1832,-82.1683,-82.1618,-82.1625,-82.1693,-82.1810,-82.1968,-82.2160,-82.2378,-82.2617,-82.2872,-82.3140,-82.3416,-82.3699,-82.3985,-82.4273,-82.4561,-82.4848,-82.5133,-82.5415,-82.5692,-82.5965,-82.6233,-82.6496,-82.6753,-82.7004,-82.7249,-82.7487,-82.7719,-82.7945,-82.8165,-82.8378,-82.8585,-82.8786,-82.8981,-82.9169,-82.9352,-82.9529,-82.9701,-82.9867,-83.0027,-83.0183,-83.0333,-83.0479,-83.0620,-83.0756,-83.0888,-83.1015,-83.1138,-83.1258,-83.1373,-83.1485,-83.1594,-83.1697,-83.1496,-83.0790,-82.9575,-82.7947,-82.6221,-82.4588,-82.3140,-82.1915,-82.0918,-82.0137,-81.9553,-81.9143,-81.8880,-81.8745,-81.8715,-81.8773,-81.8903,-81.9093,-81.9329,-81.9604,-81.9908,-82.0236,-82.0581,-82.0939,-82.1306,-82.1679,-82.2055,-82.2431,-82.2806,-82.3179,-82.3547,-82.3911,-82.4269,-82.4620,-82.4964,-82.5301,-82.5629,-82.5949,-82.6262,-82.6564,-82.6499,-82.5932,-82.5197,-82.4463,-82.3809,-82.3174,-82.1968,-82.0427,-81.8943,-81.7684,-81.6695,-81.5965,-81.5465,-81.5161,-81.5021,-81.5016,-81.5121,-81.5315,-81.5581,-81.5666,-81.5154,-81.4378,-81.3628,-81.3028,-81.2612,-81.2373,-81.2289,-81.2338,-81.2497,-81.2745,-81.3065,-81.3442,-81.3864,-81.4321,-81.4803,-81.5303,-81.5816,-81.6338,-81.6862,-81.7388,-81.7911,-81.8430,-81.8942,-81.9446,-81.9796,-81.9785,-81.9525,-81.9167,-81.8812,-81.8514,-81.8299,-81.8130,-81.7773,-81.7231,-81.6631,-81.6070,-81.5599,-81.5241,-81.5000,-81.4871,-81.4844,-81.4906,-81.5046,-81.5252,-81.5512,-81.5818,-81.6159,-81.6530,-81.6593,-81.6155,-81.5550,-81.4952,-81.4440,-81.4048,-81.3784,-81.3646,-81.3621,-81.3697,-81.3860,-81.4095,-81.4389,-81.4732,-81.5114,-81.5525,-81.5959,-81.6409,-81.6871,-81.7340,-81.7812,-81.8285,-81.8756,-81.9097,-81.9081,-81.8819,-81.8447,-81.8062,-81.7722,-81.7458,-81.7281,-81.7194,-81.7190,-81.7262,-81.7400,-81.7593,-81.7832,-81.8109,-81.8416,-81.8746,-81.9095,-81.9457,-81.9817,-81.9926,-81.9647,-81.9165,-81.8650,-81.8193,-81.7768,-81.6633,-81.5134,-81.2946,-81.0581,-80.8478,-80.6766,-80.5458,-80.4522,-80.3911,-80.3579,-80.3478,-80.3568,-80.3787,-80.3565,-80.3023,-80.2478,-80.2053,-80.1791,-80.1700,-80.1770,-80.1984,-80.2321,-80.2763,-80.3289,-80.3883,-80.4530,-80.5218,-80.5936,-80.6674,-80.7426,-80.8184,-80.8945,-80.9703,-81.0402,-81.0494,-81.0096,-80.9609,-80.9222,-80.8989,-80.8913,-80.8977,-80.9161,-80.9444,-80.9806,-81.0232,-81.0708,-81.1223,-81.1765,-81.2329,-81.2906,-81.3491,-81.4080,-81.4669,-81.5255,-81.5836,-81.6409,-81.6973,-81.7527,-81.8069,-81.8599,-81.9117,-81.9621,-82.0111,-82.0588,-82.1051,-82.1500,-82.1936,-82.2357,-82.2766,-82.3161,-82.3542,-82.3911,-82.4268,-82.4612,-82.4944,-82.5264,-82.5573,-82.5871,-82.6159,-82.6436,-82.6703,-82.6960,-82.7208,-82.7447,-82.7677,-82.7899,-82.8112,-82.8318,-82.8363,-82.7992,-82.7345,-82.6613,-82.5915,-82.5309,-82.4812,-82.4428,-82.4148,-82.3961,-82.3854,-82.3816,-82.3835,-82.3902,-82.4009,-82.4149,-82.4314,-82.4500,-82.4703,-82.4919,-82.5144,-82.5377,-82.5614,-82.5854,-82.6095,-82.6317,-82.6329,-82.6071,-82.5638,-82.5129,-82.4622,-82.4163,-82.3778,-82.3478,-82.3262,-82.3127,-82.3064,-82.3064,-82.3118,-82.3219,-82.3357,-82.3527,-82.3722,-82.3937,-82.4168,-82.4411,-82.4662,-82.4920,-82.5183,-82.5447,-82.5712,-82.5977,-82.6240,-82.6500,-82.6757,-82.7011,-82.7260,-82.7504,-82.7743,-82.7977,-82.8205,-82.8428,-82.8644,-82.8856,-82.9061,-82.9260,-82.9454,-82.9642,-82.9368,-82.8278,-82.7041,-82.5920,-82.4993,-82.4269,-82.3732,-82.3356,-82.3118,-82.2992,-82.2960,-82.3003,-82.3107,-82.3259,-82.3450,-82.3671,-82.3915,-82.4176,-82.4450,-82.4732,-82.5021,-82.5312,-82.5605,-82.5897,-82.6186,-82.6473,-82.6755,-82.7032,-82.7304,-82.7570,-82.7829,-82.8082,-82.8328,-82.8568,-82.8800,-82.9026,-82.9245,-82.9457,-82.9662,-82.9861,-83.0053,-83.0236,-82.9870,-82.8845,-82.7666,-82.6584,-82.5686,-82.4986,-82.4469,-82.4111,-82.3808,-82.3358,-82.2773,-82.2140,-82.1530,-82.0994,-82.0555,-82.0223,-81.9997,-81.9871,-81.9833,-81.9873,-81.9980,-82.0143,-82.0352,-82.0599,-82.0877,-82.1179,-82.1500,-82.1834,-82.2179,-82.2531,-82.2887,-82.3245,-82.3603,-82.3960,-82.4313,-82.4662,-82.5005,-82.5343,-82.5675,-82.6000,-82.6317,-82.6627,-82.6928,-82.7222,-82.7508,-82.7786,-82.8055,-82.8316,-82.8570,-82.8815,-82.9052,-82.9282,-82.9504,-82.9719,-82.9926,-83.0126,-83.0320,-83.0506,-83.0680,-83.0718,-83.0534,-83.0185,-82.9751,-82.9293,-82.8853,-82.8458,-82.8120,-82.7845,-82.7632,-82.7479,-82.7381,-82.7331,-82.7323,-82.7352,-82.7413,-82.7500,-82.7608,-82.7735,-82.7877,-82.8031,-82.8194,-82.8364,-82.8540,-82.8720,-82.8903,-82.9087,-82.9271,-82.9455,-82.9638,-82.9820,-83.0000,-83.0177,-83.0351,-83.0523,-83.0691,-83.0855,-83.1016,-83.1173,-83.1327,-83.1477,-83.1622,-83.1764,-83.1902,-83.2037,-83.2167,-83.2294,-83.2402,-83.2060,-83.1281,-83.0361,-82.9452,-82.8626,-82.7913,-82.7324,-82.6855,-82.6498,-82.6240,-82.6070,-82.5973,-82.5940,-82.5959,-82.6022,-82.6120,-82.6248,-82.6398,-82.6567,-82.6751,-82.6946,-82.7149,-82.7358,-82.7571,-82.7786,-82.8002,-82.8217,-82.8432,-82.8644,-82.8854,-82.9061,-82.9264,-82.9361,-82.8755,-82.7792,-82.6790,-82.5886,-82.5134,-82.4545,-82.4110,-82.3813,-82.3633,-82.3553,-82.3555,-82.3623,-82.3747,-82.3914,-82.4115,-82.4343,-82.4592,-82.4836,-82.4899,-82.4703,-82.4327,-82.3875,-82.3419,-82.3006,-82.2661,-82.2393,-82.2202,-82.2086,-82.2037,-82.2048,-82.2110,-82.2216,-82.2360,-82.2534,-82.2734,-82.2954,-82.3191,-82.3440,-82.3699,-82.3965,-82.4236,-82.4511,-82.4787,-82.5062,-82.5248,-82.5170,-82.4867,-82.4440,-82.3978,-82.3538,-82.3156,-82.2848,-82.2619,-82.2468,-82.2390,-82.2375,-82.2417,-82.2506,-82.2636,-82.2800,-82.2991,-82.3204,-82.3435,-82.3680,-82.3935,-82.4198,-82.4467,-82.4739,-82.5012,-82.5286,-82.5559,-82.5829,-82.6097,-82.6362,-82.6622,-82.6878,-82.7129,-82.7375,-82.7615,-82.7850,-82.8079,-82.8302,-82.8519,-82.8731,-82.8936,-82.9136,-82.9330,-82.9518,-82.9700,-82.9877,-83.0048,-83.0214,-83.0375,-83.0531,-83.0682,-83.0828,-83.0969,-83.1106,-83.1238,-83.1366,-83.1490,-83.1610,-83.1726,-83.1838,-83.1947,-83.2052,-83.2154,-83.2253,-83.2349,-83.2441,-83.2317,-83.1330,-83.0052,-82.8824,-82.7773,-82.6931,-82.6288,-82.5823,-82.5508,-82.5317,-82.5228,-82.5221,-82.5281,-82.5394,-82.5548,-82.5735,-82.5947,-82.6178,-82.6423,-82.6564,-82.6338,-82.5899,-82.5389,-82.4889,-82.4442,-82.4069,-82.3778,-82.3571,-82.3443,-82.3386,-82.3393,-82.3456,-82.3566,-82.3715,-82.3898,-82.4107,-82.4338,-82.4585,-82.4846,-82.5116,-82.5392,-82.5533,-82.5259,-82.4698,-82.4045,-82.3426,-82.2900,-82.2489,-82.2194,-82.2007,-82.1911,-82.1619,-82.0965,-82.0174,-81.9412,-81.8762,-81.8255,-81.7892,-81.7666,-81.7561,-81.7561,-81.7650,-81.7813,-81.8037,-81.8311,-81.8624,-81.8970,-81.9339,-81.9727,-82.0056,-82.0054,-81.9788,-81.9401,-81.8995,-81.8635,-81.8352,-81.8163,-81.8068,-81.8062,-81.8137,-81.8281,-81.8484,-81.8736,-81.9029,-81.9353,-81.9703,-82.0071,-82.0453,-82.0846,-82.1244,-82.1645,-82.2047,-82.2179,-82.1558,-82.0713,-81.9895,-81.9204,-81.8673,-81.8306,-81.8090,-81.7896,-81.7212,-81.6292,-81.5376,-81.4583,-81.3960,-81.3519,-81.3248,-81.3132,-81.3148,-81.3277,-81.3497,-81.3793,-81.3788,-81.3297,-81.2647,-81.2020,-81.1505,-81.1136,-81.0919,-81.0845,-81.0898,-81.1056,-81.0911,-81.0255,-80.9442,-80.8705,-80.8141,-80.7773,-80.7594,-80.7580,-80.7706,-80.7885,-80.7431,-80.6578,-80.5734,-80.5071,-80.4634,-80.4417,-80.4393,-80.4532,-80.4805,-80.5186,-80.5652,-80.6186,-80.6771,-80.7394,-80.8045,-80.8716,-80.9398,-81.0087,-81.0778,-81.1466,-81.2149,-81.2824,-81.3489,-81.4143,-81.4783,-81.5410,-81.6022,-81.6619,-81.7200,-81.7766,-81.8315,-81.8849,-81.9366,-81.9868,-82.0353,-82.0823,-82.1278,-82.1718,-82.2142,-82.2553,-82.2949,-82.3331,-82.3700,-82.4056,-82.4400,-82.4731,-82.5050,-82.5357,-82.5653,-82.5939,-82.6214,-82.6479,-82.6734,-82.6980,-82.7217,-82.7445,-82.7665,-82.7877,-82.8081,-82.8278,-82.8467,-82.8650,-82.8826,-82.8996,-82.9160,-82.9318,-82.9470,-82.9618,-82.9760,-82.9821,-82.9312,-82.8479,-82.7592,-82.6767,-82.6048,-82.5451,-82.4974,-82.4609,-82.3804,-82.2442,-82.1012,-81.9734,-81.8687,-81.7882,-81.7301,-81.6916,-81.6695,-81.6613,-81.6642,-81.6762,-81.6956,-81.7208,-81.7505,-81.7838,-81.8199,-81.8579,-81.8974,-81.9379,-81.9790,-82.0204,-82.0192,-81.9088,-81.7859,-81.6796,-81.5973,-81.5387,-81.5014,-81.4823,-81.4781,-81.4860,-81.5036,-81.5290,-81.5603,-81.5962,-81.6357,-81.6776,-81.7143,-81.7080,-81.6660,-81.6100,-81.5551,-81.5090,-81.4588,-81.3528,-81.2217,-81.0999,-81.0007,-80.9270,-80.8773,-80.8485,-80.8375,-80.8412,-80.8571,-80.8829,-80.9165,-80.9565,-81.0013,-81.0500,-81.1015,-81.1552,-81.2100,-81.2429,-81.2088,-81.1217,-81.0166,-80.9160,-80.8302,-80.7630,-80.7146,-80.6837,-80.6686,-80.5863,-80.4398,-80.3041,-80.1968,-80.1207,-80.0735,-80.0516,-80.0508,-80.0674,-80.0981,-80.1402,-80.1912,-80.2492,-80.3125,-80.3799,-80.4503,-80.5227,-80.5964,-80.6708,-80.7453,-80.8197,-80.8936,-80.9667,-81.0388,-81.1097,-81.1793,-81.2475,-81.3142,-81.3793,-81.4428,-81.4973,-81.4831,-81.4188,-81.3451,-81.2814,-81.2340,-81.2036,-81.1888,-81.1875,-81.1974,-81.2166,-81.2431,-81.2756,-81.3127,-81.3534,-81.3968,-81.4421,-81.4887,-81.5108,-81.3977,-81.2125,-81.0207,-80.8512,-80.7138,-80.6094,-80.5355,-80.4883,-80.4639,-80.4584,-80.4686,-80.4914,-80.5245,-80.5659,-80.6136,-80.6664,-80.7231,-80.7826,-80.8441,-80.9070,-80.9707,-81.0348,-81.0988,-81.1625,-81.2257,-81.2881,-81.3496,-81.4099,-81.4692,-81.5271,-81.5838,-81.6390,-81.6929,-81.7452,-81.7572,-81.6989,-81.6148,-81.5338,-81.4673,-81.4183,-81.3863,-81.3692,-81.3650,-81.3714,-81.3865,-81.4086,-81.4364,-81.4686,-81.5043,-81.5254,-81.4884,-81.4183,-81.3443,-81.2811,-81.2340,-81.2034,-81.1880,-81.1856,-81.1943,-81.2119,-81.2369,-81.2635,-81.2780,-81.2779,-81.2199,-81.0535,-80.8780,-80.7236,-80.5988,-80.5044,-80.4379,-80.3961,-80.3752,-80.3720,-80.3835,-80.4068,-80.4399,-80.4807,-80.5079,-80.4664,-80.4037,-80.3468,-80.3046,-80.2791,-80.2699,-80.2722,-80.2255,-80.1450,-80.0648,-79.9993,-79.9535,-79.9282,-79.9218,-79.9320,-79.9563,-79.9923,-80.0379,-80.0910,-80.1501,-80.2138,-80.2810,-80.3506,-80.4219,-80.4943,-80.5672,-80.6402,-80.7128,-80.7849,-80.8561,-80.9264,-80.9954,-81.0632,-81.1296,-81.1945,-81.2579,-81.3198,-81.3801,-81.4387,-81.4958,-81.5513,-81.6051,-81.6574,-81.7081,-81.7573,-81.8049,-81.8510,-81.8957,-81.9390,-81.9808,-82.0199,-82.0403,-82.0326,-82.0041,-81.9650,-81.9233,-81.8845,-81.8515,-81.8258,-81.8077,-81.7969,-81.7928,-81.7947,-81.8016,-81.8130,-81.8279,-81.8322,-81.7697,-81.6674,-81.5625,-81.4717,-81.3999,-81.3472,-81.3116,-81.2909,-81.2815,-81.2382,-81.1465
1,-87.0000,-88.0092,-88.7548,-89.4070,-89.9938,-90.5285,-91.0190,-91.4706,-91.8873,-92.2722,-92.6279,-92.9563,-93.2595,-93.5392,-93.7970,-94.0342,-94.2523,-94.4527,-94.6365,-94.8049,-94.9591,-95.1002,-95.2290,-95.3467,-95.4541,-95.5519,-95.6411,-95.7223,-95.7962,-95.8634,-95.9245,-95.9800,-96.0305,-96.0763,-96.1179,-96.1557,-96.1899,-96.2210,-96.2493,-96.2748,-96.2981,-96.2878,-96.2008,-96.0791,-95.8841,-95.6488,-95.4216,-95.2245,-95.0495,-94.8806,-94.7226,-94.5821,-94.4628,-94.3660,-94.2918,-94.2388,-94.2054,-94.1898,-94.1898,-94.2030,-94.2039,-94.1463,-93.9838,-93.7215,-93.4230,-93.1308,-92.8671,-92.6420,-92.4591,-92.3179,-92.2161,-92.1326,-92.0128,-91.8926,-91.7956,-91.7297,-91.6964,-91.6935,-91.7180,-91.7665,-91.8353,-91.9214,-92.0218,-92.1340,-92.2555,-92.3843,-92.5187,-92.6571,-92.7980,-92.9099,-92.9487,-92.9636,-92.9792,-93.0013,-93.0190,-93.0288,-93.0355,-93.0453,-93.0625,-93.0895,-93.1271,-93.1750,-93.2326,-93.2983,-93.3313,-93.3038,-93.2558,-93.2147,-93.1916,-93.1892,-93.2063,-93.2408,-93.2901,-93.3515,-93.4229,-93.5021,-93.5874,-93.6772,-93.7702,-93.8654,-93.9616,-94.0488,-94.0756,-94.0440,-93.9756,-93.8931,-93.8132,-93.7450,-93.6367,-93.4131,-93.2015,-93.0337,-92.9132,-92.8356,-92.7950,-92.7852,-92.8008,-92.8300,-92.8458,-92.8114,-92.7367,-92.6351,-92.5017,-92.3393,-92.1656,-91.9999,-91.8554,-91.7390,-91.6531,-91.5974,-91.5700,-91.5686,-91.5901,-91.6320,-91.6913,-91.7658,-91.8531,-91.9511,-92.0581,-92.1724,-92.2925,-92.4170,-92.5449,-92.6750,-92.8064,-92.9382,-93.0697,-93.2002,-93.3292,-93.4561,-93.5804,-93.7019,-93.8202,-93.9349,-94.0460,-94.1533,-94.2566,-94.3558,-94.4499,-94.5233,-94.5641,-94.5527,-94.4926,-94.4088,-94.3197,-94.2364,-94.1645,-94.1065,-94.0440,-93.9448,-93.8294,-93.7181,-93.6222,-93.5467,-93.4928,-93.4599,-93.4463,-93.4499,-93.4685,-93.5000,-93.5425,-93.5942,-93.6535,-93.7189,-93.7892,-93.8631,-93.9398,-94.0184,-94.0980,-94.1780,-94.2579,-94.3371,-94.4153,-94.4766,-94.4607,-94.3641,-94.2311,-94.0951,-93.9738,-93.8743,-93.7866,-93.6287,-93.3728,-93.1039,-92.8642,-92.6681,-92.4637,-92.2460,-92.0547,-91.9031,-91.7934,-91.7232,-91.6843,-91.6178,-91.5225,-91.4344,-91.3728,-91.3433,-91.3453,-91.3751,-91.4154,-91.4515,-91.4855,-91.5228,-91.5664,-91.5530,-91.4773,-91.3145,-91.1001,-90.8782,-90.6803,-90.5218,-90.4073,-90.3361,-90.3019,-90.2335,-90.1350,-90.0499,-89.9986,-89.9860,-90.0101,-90.0664,-90.1501,-90.2565,-90.3814,-90.5213,-90.6727,-90.8228,-90.9575,-91.0713,-91.1435,-91.1802,-91.2006,-91.2197,-91.2467,-91.2860,-91.3392,-91.4063,-91.4864,-91.5779,-91.6758,-91.7510,-91.7975,-91.8282,-91.8559,-91.8891,-91.9326,-91.9881,-92.0558,-92.1348,-92.2238,-92.3211,-92.4254,-92.5350,-92.6488,-92.7652,-92.8730,-92.9526,-93.0059,-93.0442,-93.0656,-93.0063,-92.9166,-92.8316,-92.7637,-92.7171,-92.6920,-92.6870,-92.7001,-92.7290,-92.7715,-92.8255,-92.8892,-92.9608,-93.0388,-93.1218,-93.2088,-93.2986,-93.3903,-93.4832,-93.5764,-93.6695,-93.7618,-93.8530,-93.9427,-94.0305,-94.1162,-94.1995,-94.2803,-94.3585,-94.4339,-94.5066,-94.5764,-94.6434,-94.7075,-94.7688,-94.8273,-94.8831,-94.9362,-94.9867,-95.0347,-95.0803,-95.1235,-95.1645,-95.2033,-95.2401,-95.2749,-95.3077,-95.3388,-95.3682,-95.3960,-95.4222,-95.4470,-95.4682,-95.4361,-95.3560,-95.2576,-95.1587,-95.0685,-94.9715,-94.8144,-94.6425,-94.4828,-94.2748,-93.9710,-93.6942,-93.4707,-93.3015,-93.1807,-93.1012,-93.0560,-93.0393,-93.0458,-93.0713,-93.1123,-93.1658,-93.2292,-93.3005,-93.3779,-93.4599,-93.5452,-93.6327,-93.7215,-93.8108,-93.9000,-93.9872,-94.0382,-94.0456,-94.0320,-94.0122,-93.9950,-93.9848,-93.9837,-93.9921,-94.0090,-94.0054,-93.9702,-93.9228,-93.8758,-93.8357,-93.8060,-93.7878,-93.7813,-93.7406,-93.6462,-93.5409,-93.4476,-93.3755,-93.3266,-93.3000,-93.2936,-93.3046,-93.3305,-93.3690,-93.4178,-93.4750,-93.5391,-93.6085,-93.6736,-93.7089,-93.7062,-93.6695,-93.6117,-93.5398,-93.4528,-93.3564,-93.2598,-93.1709,-93.0951,-93.0353,-92.9927,-92.9671,-92.9579,-92.9637,-92.9832,-93.0148,-93.0572,-93.1088,-93.1684,-93.2347,-93.3065,-93.3828,-93.4626,-93.5452,-93.6297,-93.6411,-93.5617,-93.4204,-93.2421,-93.0741,-92.9366,-92.8353,-92.7691,-92.7343,-92.7266,-92.7418,-92.7760,-92.8258,-92.8884,-92.9613,-93.0422,-93.1294,-93.2213,-93.3166,-93.4142,-93.5130,-93.6123,-93.7113,-93.8094,-93.9061,-94.0011,-94.0939,-94.1844,-94.2722,-94.3572,-94.3874,-94.2219,-93.9830,-93.7543,-93.5629,-93.4144,-93.3067,-93.2349,-93.1936,-93.1781,-93.1839,-93.2072,-93.2450,-93.2944,-93.3533,-93.4195,-93.4916,-93.5681,-93.6477,-93.7295,-93.8125,-93.8961,-93.9796,-94.0625,-94.1443,-94.2247,-94.3033,-94.3799,-94.4544,-94.5265,-94.5962,-94.6634,-94.7280,-94.7901,-94.8495,-94.9063,-94.9606,-95.0122,-95.0537,-95.0713,-95.0649,-95.0427,-95.0125,-94.9805,-94.9505,-94.9248,-94.9046,-94.8904,-94.8821,-94.8796,-94.8825,-94.8901,-94.9020,-94.9177,-94.9362,-94.8993,-94.8069,-94.7045,-94.6107,-94.5326,-94.4719,-94.4284,-94.4006,-94.3869,-94.3854,-94.3934,-94.3919,-94.3694,-94.3339,-94.2940,-94.2560,-94.2237,-94.1993,-94.1840,-94.1778,-94.1532,-94.0842,-94.0002,-93.9199,-93.8523,-93.8010,-93.7666,-93.7484,-93.7417,-93.7132,-93.6557,-93.5871,-93.5221,-93.4694,-93.4329,-93.4135,-93.4107,-93.4230,-93.4488,-93.4862,-93.5333,-93.5887,-93.6506,-93.7178,-93.7891,-93.8635,-93.9399,-94.0167,-94.0624,-94.0278,-93.8989,-93.7170,-93.5218,-93.3373,-93.1757,-93.0422,-92.9380,-92.8622,-92.8122,-92.7587,-92.6394,-92.4557,-92.2664,-92.0995,-91.9307,-91.7517,-91.5854,-91.4459,-91.3400,-91.2690,-91.2316,-91.2079,-91.1514,-91.0915,-91.0419,-90.9806,-90.9035,-90.8237,-90.7537,-90.7002,-90.6329,-90.5434,-90.4550,-90.3840,-90.3384,-90.3206,-90.3302,-90.3651,-90.4226,-90.4999,-90.5943,-90.7031,-90.8239,-90.9548,-91.0937,-91.2390,-91.3892,-91.5430,-91.6991,-91.8565,-92.0143,-92.1716,-92.3278,-92.4821,-92.6341,-92.7831,-92.9289,-93.0710,-93.2092,-93.3431,-93.4727,-93.5978,-93.7182,-93.8339,-93.9448,-94.0510,-94.1525,-94.2477,-94.2975,-94.3003,-94.2811,-94.2559,-94.2332,-94.2174,-94.2101,-94.2117,-94.2171,-94.1646,-94.0684,-93.9668,-93.8780,-93.8089,-93.7607,-93.7323,-93.7215,-93.7261,-93.7437,-93.7722,-93.8097,-93.8547,-93.9055,-93.9611,-94.0203,-94.0822,-94.1459,-94.2109,-94.2764,-94.3421,-94.4074,-94.4720,-94.5355,-94.5978,-94.6586,-94.7013,-94.6976,-94.6602,-94.6084,-94.5553,-94.5021,-94.4418,-94.3746,-94.3057,-94.2399,-94.1813,-94.1322,-94.0782,-93.9174,-93.7341,-93.5722,-93.4361,-93.3076,-93.1832,-93.0699,-92.9742,-92.8999,-92.8479,-92.8176,-92.8054,-92.7730,-92.7175,-92.6606,-92.6141,-92.5832,-92.5697,-92.5734,-92.5933,-92.6279,-92.6756,-92.7298,-92.7563,-92.7584,-92.7525,-92.7317,-92.6380,-92.5258,-92.4256,-92.3485,-92.2972,-92.2714,-92.2690,-92.2857,-92.3063,-92.3204,-92.3301,-92.3408,-92.3539,-92.3565,-92.3481,-92.3370,-92.3301,-92.3321,-92.3452,-92.3702,-92.4069,-92.4544,-92.5118,-92.5777,-92.6509,-92.7304,-92.8149,-92.9035,-92.9953,-93.0895,-93.1854,-93.2824,-93.3798,-93.4772,-93.5741,-93.6701,-93.7648,-93.8580,-93.9494,-94.0387,-94.1258,-94.2105,-94.2927,-94.3721,-94.4489,-94.5228,-94.5939,-94.6622,-94.7276,-94.7902,-94.8500,-94.9070,-94.9613,-95.0130,-95.0621,-95.1087,-95.1530,-95.1949,-95.2346,-95.2721,-95.3077,-95.3412,-95.3730,-95.4029,-95.4312,-95.4579,-95.4832,-95.5069,-95.5294,-95.5506,-95.5706,-95.5894,-95.6072,-95.6241,-95.6400,-95.6550,-95.6692,-95.6826,-95.6953,-95.7045,-95.6948,-95.6622,-95.6131,-95.5554,-95.4953,-95.4371,-95.3671,-95.1489,-94.9079,-94.6974,-94.5273,-94.3961,-94.2988,-94.2305,-94.1862,-94.1619,-94.1542,-94.1601,-94.1773,-94.2037,-94.2375,-94.2774,-94.3221,-94.3705,-94.4218,-94.4751,-94.5298,-94.5853,-94.6411,-94.6969,-94.7523,-94.8069,-94.8606,-94.9131,-94.9642,-95.0139,-95.0621,-95.1086,-95.1534,-95.1965,-95.2334,-95.2088,-95.1410,-95.0622,-94.9871,-94.9121,-94.8064,-94.6791,-94.5478,-94.3786,-94.1468,-93.9102,-93.7019,-93.5334,-93.4054,-93.3147,-93.2558,-93.2113,-93.1675,-93.1252,-93.0887,-93.0616,-93.0463,-93.0440,-93.0546,-93.0777,-93.1122,-93.1570,-93.2108,-93.2724,-93.3403,-93.4136,-93.4912,-93.5720,-93.6552,-93.7401,-93.8259,-93.9121,-93.9980,-94.0833,-94.1676,-94.2505,-94.3317,-94.4110,-94.4882,-94.5631,-94.6356,-94.7055,-94.7699,-94.7921,-94.7692,-94.7240,-94.6734,-94.6274,-94.5905,-94.5647,-94.5501,-94.5461,-94.5515,-94.5653,-94.5853,-94.5780,-94.5296,-94.4608,-94.3886,-94.3231,-94.2698,-94.2307,-94.2059,-94.1948,-94.1959,-94.2080,-94.2293,-94.2585,-94.2944,-94.3356,-94.3811,-94.4300,-94.4814,-94.5347,-94.5892,-94.6444,-94.6997,-94.7549,-94.8096,-94.8635,-94.9164,-94.9680,-94.9941,-94.9596,-94.8973,-94.8277,-94.7491,-94.6581,-94.5610,-94.4664,-94.3807,-94.3078,-94.2495,-94.1976,-94.1128,-94.0110,-93.9116,-93.8244,-93.7534,-93.6747,-93.5421,-93.3737,-93.1927,-93.0184,-92.8636,-92.7351,-92.6355,-92.5647,-92.5211,-92.5023,-92.5057,-92.5285,-92.5680,-92.6218,-92.6877,-92.7636,-92.8477,-92.9384,-93.0342,-93.1244,-93.1232,-93.0727,-93.0218,-92.9894,-92.9801,-92.9930,-93.0250,-93.0729,-93.1336,-93.2044,-93.2831,-93.3676,-93.4564,-93.5482,-93.6418,-93.7361,-93.8268,-93.9035,-93.9617,-94.0042,-94.0273,-94.0044,-93.9498,-93.8832,-93.8172,-93.7589,-93.7121,-93.6785,-93.6585,-93.6515,-93.6568,-93.6732,-93.6994,-93.7343,-93.7767,-93.8253,-93.8792,-93.9374,-93.9990,-94.0632,-94.0965,-94.0297,-93.9401,-93.8606,-93.8011,-93.7630,-93.7450,-93.7447,-93.7594,-93.7865,-93.8238,-93.8694,-93.9217,-93.9790,-94.0402,-94.1043,-94.1703,-94.2375,-94.3052,-94.3730,-94.4402,-94.5067,-94.5720,-94.6359,-94.6982,-94.7588,-94.8174,-94.8741,-94.9287,-94.9813,-95.0317,-95.0800,-95.1262,-95.1703,-95.2125,-95.2526,-95.2904,-95.3108,-95.3001,-95.2673,-95.2228,-95.1743,-95.1268,-95.0834,-95.0459,-95.0151,-94.9913,-94.9744,-94.9641,-94.9598,-94.9611,-94.9673,-94.9779,-94.9922,-95.0099,-95.0304,-95.0532,-95.0778,-95.1041,-95.1278,-95.1294,-95.1036,-95.0604,-95.0107,-94.9619,-94.9185,-94.8826,-94.8552,-94.8363,-94.8255,-94.8222,-94.8255,-94.8347,-94.8491,-94.8679,-94.8905,-94.9162,-94.9444,-94.9747,-95.0067,-94.9640,-94.8295,-94.6930,-94.5788,-94.4918,-94.4306,-94.3922,-94.3728,-94.3492,-94.2761,-94.1820,-94.0883,-94.0064,-93.9138,-93.7669,-93.6152,-93.4811,-93.3729,-93.2929,-93.2400,-93.2119,-93.2058,-93.2185,-93.2473,-93.2895,-93.3428,-93.4051,-93.4747,-93.5498,-93.6292,-93.7118,-93.7963,-93.8821,-93.9684,-94.0545,-94.1398,-94.2240,-94.3067,-94.3875,-94.4654,-94.5010,-94.4719,-94.4170,-94.3633,-94.3069,-94.2102,-94.0982,-93.9924,-93.9028,-93.8329,-93.7821,-93.7139,-93.6151,-93.4089,-93.1487,-92.9091,-92.7113,-92.5593,-92.4508,-92.3814,-92.3458,-92.3345,-92.3324,-92.3328,-92.3369,-92.3477,-92.3676,-92.3729,-92.2850,-92.1278,-91.9406,-91.6073,-91.2174,-90.8671,-90.5812,-90.3632,-90.2084,-90.1100,-90.0604,-90.0523,-90.0793,-90.1359,-90.2172,-90.3191,-90.4379,-90.5707,-90.7146,-90.8673,-91.0155,-91.1395,-91.2416,-91.3322,-91.4201,-91.5107,-91.6069,-91.7095,-91.8186,-91.9336,-92.0534,-92.1771,-92.3038,-92.4154,-92.4791,-92.5098,-92.5284,-92.5487,-92.5779,-92.6189,-92.6717,-92.7357,-92.8091,-92.8903,-92.9778,-93.0700,-93.1658,-93.2639,-93.3556,-93.3849,-93.3765,-93.3598,-93.3476,-93.3452,-93.3542,-93.3747,-93.4060,-93.4468,-93.4959,-93.5519,-93.5496,-93.4244,-93.3003,-93.1984,-93.1027,-93.0148,-92.9403,-92.8627,-92.7326,-92.5818,-92.4437,-92.3332,-92.2544,-92.2065,-92.1867,-92.1915,-92.2175,-92.2614,-92.3202,-92.3916,-92.4731,-92.5627,-92.6589,-92.7599,-92.8647,-92.9719,-93.0806,-93.1900,-93.2993,-93.4079,-93.5152,-93.6207,-93.7241,-93.8251,-93.9233,-94.0187,-94.1109,-94.1999,-94.2856,-94.3680,-94.4470,-94.5227,-94.5950,-94.6640,-94.7298,-94.7924,-94.8520,-94.9085,-94.9622,-95.0131,-95.0613,-95.1069,-95.1501,-95.1909,-95.2294,-95.2658,-95.2969,-95.2691,-95.1797,-95.0530,-94.9103,-94.7674,-94.6343,-94.5158,-94.3963,-94.2604,-94.1168,-93.9786,-93.8549,-93.7506,-93.6677,-93.6060,-93.5642,-93.5314,-93.4393,-93.2888,-93.0707,-92.8532,-92.6638,-92.5115,-92.3974,-92.3196,-92.2743,-92.2577,-92.2659,-92.2922,-92.2221,-92.1130,-92.0236,-91.9678,-91.9459,-91.9545,-91.9890,-92.0449,-92.1181,-92.2051,-92.3031,-92.4068,-92.5008,-92.5768,-92.6320,-92.6534,-92.6455,-92.6235,-92.6007,-92.5853,-92.5817,-92.5917,-92.6152,-92.6515,-92.6992,-92.7571,-92.8236,-92.8974,-92.9772,-93.0619,-93.1504,-93.2418,-93.3344,-93.4005,-93.4234,-93.4224,-93.4005,-93.3182,-93.1628,-92.9431,-92.7050,-92.4787,-92.2795,-92.1144,-91.9851,-91.8907,-91.8290,-91.7968,-91.7909,-91.8081,-91.8453,-91.8997,-91.9686,-92.0498,-92.1412,-92.2409,-92.3176,-92.2696,-92.1585,-92.0354,-91.9256,-91.8223,-91.7011,-91.5815,-91.4324,-91.2498,-91.0315,-90.8125,-90.6189,-90.4567,-90.3088,-90.1730,-90.0578,-89.9703,-89.9142,-89.8902,-89.8969,-89.9319,-89.9921,-90.0743,-90.1754,-90.2925,-90.4229,-90.5644,-90.7147,-90.8719,-91.0343,-91.2005,-91.3690,-91.5348,-91.6552,-91.6933,-91.6878,-91.6717,-91.6614,-91.6643,-91.6815,-91.6979,-91.7014,-91.6973,-91.6943,-91.6992,-91.7157,-91.7454,-91.7882,-91.8435,-91.9100,-91.9863,-92.0711,-92.1630,-92.2606,-92.3628,-92.4685,-92.5769,-92.6869,-92.7978,-92.9090,-93.0199,-93.1298,-93.2384,-93.3453,-93.4500,-93.5523,-93.6519,-93.7486,-93.8423,-93.9328,-94.0200,-94.1039,-94.1844,-94.2615,-94.3352,-94.4056,-94.4727,-94.5366,-94.5973,-94.6549,-94.7095,-94.7613,-94.8102,-94.8565,-94.9002,-94.9342,-94.9249,-94.8754,-94.8055,-94.7309,-94.6608,-94.5998,-94.5500,-94.5118,-94.4846,-94.4676,-94.4597,-94.4596,-94.4664,-94.4790,-94.4965,-94.5180,-94.5390,-94.5140,-94.4186,-94.2794,-94.0950,-93.8439,-93.5843,-93.3454,-93.1391,-92.9690,-92.8347,-92.7336,-92.6626,-92.6183,-92.5974,-92.5967,-92.6133,-92.6423,-92.6409,-92.6087,-92.5684,-92.5337,-92.5115,-92.5043,-92.5125,-92.5353,-92.5712,-92.6187,-92.6759,-92.7414,-92.8136,-92.8912,-92.9730,-93.0580,-93.1453,-93.2339,-93.3231,-93.4125,-93.5013,-93.5892,-93.6757,-93.7605,-93.8434,-93.9241,-94.0025,-94.0752,-94.1208,-94.1371,-94.1345,-94.1222,-94.0816,-93.9956,-93.8832,-93.7427,-93.5859,-93.4285,-93.2818,-93.1527,-93.0446,-92.9587,-92.8945,-92.8509,-92.8241,-92.8028,-92.7796,-92.6426,-92.4250,-92.2227,-92.0573,-91.9320,-91.8442,-91.7897,-91.7641,-91.7632,-91.7832,-91.8210,-91.8736,-91.9386,-92.0140,-92.0977,-92.1882,-92.2840,-92.3781,-92.4578,-92.5206,-92.5699,-92.6106,-92.6472,-92.6773,-92.6803,-92.6032,-92.4675,-92.3124,-92.1618,-92.0292,-91.9210,-91.8393,-91.7838,-91.7528,-91.7440,-91.7550,-91.7832,-91.8264,-91.8823,-91.9490,-92.0247,-92.1079,-92.1971,-92.2912,-92.3889,-92.4892,-92.5914,-92.6946,-92.7981,-92.9014,-93.0039,-93.1051,-93.2045,-93.2708,-93.2811,-93.2448,-93.1778,-93.0976,-93.0169,-92.9439,-92.8834,-92.8375,-92.8069,-92.7913,-92.7897,-92.8009,-92.8234,-92.8560,-92.8928,-92.8791,-92.8307,-92.7773,-92.7321,-92.7002,-92.6834,-92.6815,-92.6934,-92.7179,-92.7534,-92.7984,-92.8513,-92.9109,-92.9760,-93.0453,-93.1180,-93.1930,-93.2697,-93.3474,-93.4254,-93.5033,-93.5780,-93.5831,-93.5381,-93.4830,-93.4340,-93.3974,-93.3749,-93.3661,-93.3701,-93.3852,-93.4099,-93.4427,-93.4822,-93.5272,-93.5766,-93.6295,-93.6849,-93.7421,-93.8005,-93.8596,-93.9189,-93.9780,-94.0335,-94.0652,-94.0672,-94.0491,-94.0215,-93.9922,-93.9659,-93.9454,-93.9318,-93.9256,-93.9168,-93.8624,-93.7820,-93.6975,-93.6199,-93.5543,-93.5024,-93.4649,-93.4411,-93.4302,-93.4309,-93.4419,-93.4619,-93.4897,-93.5241,-93.5640,-93.6085,-93.6567,-93.7077,-93.7609,-93.8157,-93.8715,-93.9279,-93.9844,-94.0405,-94.0781,-94.0710,-94.0335,-93.9846,-93.9368,-93.8961,-93.8653,-93.8449,-93.8345,-93.8334,-93.8404,-93.8547,-93.8751,-93.9008,-93.9310,-93.9648,-94.0016,-94.0408,-94.0819,-94.1242,-94.1534,-94.1418,-94.0994,-94.0449,-93.9743,-93.8745,-93.7561,-93.6349,-93.5222,-93.4249,-93.3458,-93.2855,-93.2434,-93.2179,-93.2074,-93.2101,-93.2242,-93.2482,-93.2804,-93.3197,-93.3648,-93.4147,-93.4684,-93.5250,-93.5838,-93.6443,-93.7057,-93.7677,-93.8280,-93.8397,-93.7190,-93.5274,-93.3327,-93.1607,-93.0194,-92.9097,-92.8293,-92.7611,-92.6859,-92.6085,-92.5370,-92.4767,-92.4309,-92.4008,-92.3866,-92.3875,-92.4022,-92.4238,-92.4272,-92.3841,-92.3116,-92.2279,-92.1403,-91.9865,-91.8030,-91.6273,-91.4752,-91.3534,-91.2632,-91.2036,-91.1724,-91.1666,-91.1831,-91.2191,-91.2719,-91.3388,-91.4177,-91.5065,-91.6034,-91.7068,-91.8154,-91.9277,-92.0429,-92.1598,-92.2777,-92.3695,-92.3892,-92.3821,-92.3728,-92.3716,-92.3826,-92.4065,-92.4428,-92.4901,-92.5469,-92.6116,-92.6828,-92.7591,-92.8393,-92.9223,-93.0072,-93.0932,-93.1796,-93.2658,-93.3514,-93.4358,-93.5188,-93.6000,-93.6792,-93.7563,-93.8310,-93.9033,-93.9731,-94.0260,-94.0313,-94.0023,-93.9602,-93.9181,-93.8822,-93.8552,-93.8377,-93.8293,-93.8093,-93.7545,-93.6783,-93.5977,-93.5239,-93.4623,-93.4154,-93.3833,-93.3654,-93.3441,-93.2136,-93.0563,-92.9184,-92.8122,-92.7387,-92.6947,-92.6760,-92.6783,-92.6981,-92.7321,-92.7777,-92.8325,-92.8946,-92.9625,-93.0347,-93.1102,-93.1879,-93.2669,-93.3467,-93.4265,-93.5059,-93.5844,-93.6617,-93.7375,-93.8116,-93.8837,-93.9537,-94.0215,-94.0869,-94.1500,-94.2108,-94.2691,-94.3226,-94.3392,-94.3126,-94.2604,-94.1983,-94.1368,-94.0822,-94.0376,-94.0040,-93.9815,-93.9693,-93.9664,-93.9717,-93.9840,-94.0025,-94.0259,-94.0536,-94.0847,-94.1147,-94.1272,-94.1192,-94.0969,-94.0676,-94.0321,-93.9382,-93.7912,-93.6370,-93.5000,-93.3883,-93.3023,-93.2264,-93.1187,-92.9959,-92.8784,-92.7776,-92.6983,-92.6414,-92.6059,-92.5900,-92.5916,-92.6085,-92.6385,-92.6185,-92.4810,-92.3467,-92.2451,-92.1801,-92.1484,-92.1447,-92.1643,-92.2025,-92.2557,-92.3209,-92.3953,-92.4769,-92.5639,-92.6548,-92.7485,-92.8438,-92.9399,-93.0361,-93.1317,-93.2263,-93.3194,-93.4106,-93.4998,-93.5865,-93.6707,-93.7522,-93.8309,-93.9068,-93.9798,-94.0498,-94.1170,-94.1812,-94.2426,-94.3012,-94.3571,-94.4103,-94.4609,-94.5090,-94.5546,-94.5653,-94.4985,-94.4051,-94.2962,-94.1750,-94.0502,-93.9300,-93.8198,-93.7233,-93.6420,-93.5765,-93.5262,-93.4905,-93.4682,-93.4580,-93.4587,-93.4689,-93.4875,-93.5133,-93.5452,-93.5824,-93.6240,-93.6690,-93.7170,-93.7671,-93.8189,-93.8719,-93.9255,-93.9795,-94.0334,-94.0772,-94.0494,-93.9772,-93.8961,-93.8230,-93.7644,-93.7219,-93.6943,-93.6367,-93.5247,-93.3986,-93.2845,-93.1919,-93.0919,-92.9699,-92.7056,-92.3981,-92.1286,-91.9142,-91.7544,-91.6437,-91.5750,-91.5419,-91.5348,-91.4073,-91.2501,-91.1261,-91.0459,-91.0073,-91.0044,-91.0312,-91.0821,-91.1526,-91.2386,-91.3368,-91.4446,-91.5597,-91.6802,-91.8043,-91.9072,-91.9620,-91.9865,-91.9919,-91.9437,-91.8696,-91.7974,-91.7396,-91.7012,-91.6836,-91.6861,-91.7070,-91.7443,-91.7959,-91.8597,-91.9336,-92.0160,-92.1051,-92.1995,-92.2980,-92.3942,-92.4310,-92.3960,-92.2983,-92.1754,-92.0558,-91.9546,-91.8782,-91.8278,-91.7722,-91.6876,-91.6006,-91.5271,-91.4741,-91.4352,-91.3298,-91.0480,-90.6323,-90.1281,-89.6023,-89.1070,-88.6701,-88.2894,-87.9211,-87.5882,-87.3095,-87.0847,-86.8878,-86.7155,-86.5757,-86.4336,-86.2874,-86.1644,-86.0774,-86.0305,-86.0235,-86.0539,-86.1184,-86.2007,-86.2726,-86.3390,-86.4133,-86.5038,-86.6102,-86.7066,-86.7750,-86.8191,-86.8503,-86.8721,-86.8853,-86.8957,-86.9100,-86.9337,-86.9704,-87.0220,-87.0894,-87.1725,-87.2708,-87.3832,-87.5086,-87.6457,-87.7933,-87.9499,-88.1145,-88.2855,-88.4445,-88.5678,-88.6657,-88.7540,-88.8431,-88.9383,-89.0420,-89.1549,-89.2766,-89.3979,-89.4108,-89.3837,-89.3674,-89.3764,-89.4128,-89.4742,-89.5569,-89.6574,-89.7723,-89.8985,-90.0337,-90.1757,-90.3228,-90.4734,-90.6263,-90.7796,-90.9252,-91.0534,-91.1363,-91.1516,-91.1224,-91.0730,-91.0206,-90.9755,-90.9431,-90.9248,-90.8912,-90.8200,-90.7249,-90.6141,-90.4712,-90.3110,-90.1537,-90.0119,-89.8920,-89.7966,-89.7261,-89.6799,-89.6565,-89.6543,-89.6714,-89.7060,-89.7562,-89.8204,-89.8969,-89.9842,-90.0640,-90.0949,-90.0746,-89.9832,-89.7924,-89.5100,-89.2545,-89.0503,-88.8697,-88.7083,-88.5398,-88.3553,-88.1881,-88.0529,-87.9547,-87.8937,-87.8603,-87.8055,-87.7436,-87.6826,-87.6249,-87.5751,-87.5376,-87.5159,-87.5117,-87.5259,-87.5582,-87.5829,-87.5665,-87.4244,-87.2429,-87.0824,-86.9629,-86.8886,-86.8572,-86.8645,-86.9057,-86.9758,-87.0708,-87.1866,-87.3201,-87.4684,-87.6289,-87.7995,-87.9782,-88.1616,-88.3168,-88.3820,-88.3692,-88.3252,-88.2598,-88.1874,-88.1247,-88.0826,-88.0661,-88.0677,-88.0677,-88.0650,-88.0672,-88.0816,-88.1120,-88.1391,-88.1430,-88.1246,-88.0290,-87.8038,-87.5433,-87.2698,-87.0020,-86.7256,-86.4570,-86.2176,-86.0178,-85.8615,-85.7488,-85.6777,-85.6454,-85.6484,-85.6833,-85.7464,-85.8283,-85.8752,-85.9028,-85.9340,-85.9522,-85.9506,-85.9333,-85.9046,-85.8774,-85.8633,-85.8695,-85.8990,-85.9405,-85.9735,-86.0022,-86.0377,-86.0879,-86.1567,-86.2449,-86.3520,-86.4764,-86.6163,-86.7699,-86.9353,-87.1109,-87.2921,-87.4579,-87.6010,-87.7134,-87.7456,-87.7275,-87.6615,-87.5430,-87.3713,-87.1447,-86.8602,-86.5416,-86.2285,-85.9483,-85.7149,-85.5328,-85.4014,-85.3177,-85.2777,-85.2769,-85.3109,-85.3735,-85.4296,-85.4225,-85.2532,-85.0341,-84.8347,-84.6814,-84.5669,-84.4311,-84.2405,-84.0523,-83.9009,-83.7961,-83.7385,-83.7248,-83.7510,-83.8126,-83.9053,-84.0252,-84.1586,-84.1708,-84.1589,-84.1620,-84.1844,-84.2249,-84.2582,-84.2775,-84.2873,-84.2380,-84.1636,-84.0465,-83.9089,-83.7892,-83.6796,-83.5606,-83.4544,-83.3751,-83.3292,-83.2531,-83.0952,-82.9495,-82.7884,-82.6443,-82.5407,-82.4848,-82.4756,-82.5089,-82.5798,-82.6830,-82.8142,-82.9692,-83.1445,-83.3373,-83.5449,-83.7646,-83.9697,-84.1438,-84.2968,-84.3551,-84.3260,-84.2733,-84.2108,-84.0693,-83.8790,-83.6953,-83.5439,-83.4347,-83.3701,-83.3484,-83.3664,-83.4201,-83.5056,-83.6188,-83.7562,-83.9146,-84.0910,-84.2587,-84.3568,-84.3964,-84.4114,-84.4287,-84.4631,-84.5209,-84.6033,-84.7096,-84.8376,-84.9849,-85.1251,-85.2104,-85.2816,-85.3609,-85.4566,-85.5709,-85.7032,-85.7951,-85.7467,-85.6232,-85.4849,-85.3640,-85.2748,-85.2217,-85.1793,-85.0777,-84.9317,-84.7875,-84.6714,-84.5938,-84.5566,-84.5560,-84.5561,-84.5499,-84.5533,-84.5753,-84.6198,-84.6880,-84.7794,-84.8825,-84.9569,-85.0133,-85.0706,-85.1399,-85.2133,-85.2653,-85.3108,-85.3639,-85.4315,-85.5166,-85.6202,-85.7416,-85.8552,-85.9251,-85.9815,-86.0154,-86.0237,-86.0292,-86.0456,-86.0796,-86.1342,-86.2097,-86.3055,-86.4200,-86.5512,-86.6973,-86.8510,-86.9945,-87.1233,-87.2425,-87.3582,-87.4753,-87.5969,-87.6764,-87.6904,-87.6682,-87.6027,-87.4910,-87.3586,-87.2203,-87.0880,-86.9724,-86.8804,-86.8157,-86.7794,-86.7710,-86.7889,-86.8311,-86.8952,-86.9788,-87.0796,-87.1956,-87.3246,-87.4648,-87.6146,-87.7724,-87.9370,-88.1071,-88.2815,-88.4594,-88.6398,-88.8218,-89.0046,-89.1877,-89.3704,-89.5521,-89.7322,-89.9103,-90.0860,-90.2589,-90.4287,-90.5950,-90.7575,-90.9161,-91.0706,-91.2208,-91.3665,-91.5003,-91.5808,-91.6176,-91.6336,-91.6438,-91.6565,-91.6761,-91.7041,-91.7409,-91.7859,-91.8382,-91.8968,-91.9607,-92.0287,-92.1000,-92.1738,-92.2483,-92.2964,-92.3072,-92.2979,-92.2769,-92.1993,-92.0736,-91.9403,-91.8218,-91.7175,-91.5198,-91.1981,-90.8158,-90.4772,-90.0639,-89.6774,-89.3696,-89.1367,-88.9290,-88.7427,-88.5898,-88.4762,-88.4027,-88.3671,-88.3662,-88.3825,-88.3473,-88.3032,-88.2770,-88.2764,-88.3025,-88.3539,-88.4279,-88.5029,-88.5452,-88.5760,-88.6112,-88.6582,-88.7199,-88.7876,-88.8121,-88.7590,-88.6508,-88.5414,-88.4539,-88.3967,-88.3717,-88.3771,-88.3923,-88.3678,-88.3117,-88.2480,-88.1919,-88.1518,-88.1126,-88.0241,-87.9272,-87.8465,-87.7341,-87.5229,-87.2830,-87.0643,-86.8876,-86.7583,-86.6753,-86.6352,-86.6333,-86.6651,-86.7264,-86.8130,-86.9202,-86.9639,-86.9407,-86.8670,-86.7572,-86.6099,-86.4548,-86.3165,-86.2079,-86.1341,-86.0575,-85.9087,-85.7714,-85.6753,-85.6265,-85.6225,-85.6575,-85.6884,-85.6683,-85.5954,-85.4695,-85.3321,-85.1994,-85.0587,-84.9235,-84.8121,-84.7347,-84.6950,-84.6924,-84.7246,-84.7884,-84.8803,-84.9825,-85.0499,-85.1046,-85.1658,-85.2427,-85.3390,-85.4411,-85.5141,-85.5556,-85.5591,-85.5522,-85.5546,-85.5444,-85.4572,-85.3363,-85.2176,-85.1201,-85.0528,-85.0192,-85.0196,-85.0504,-85.0860,-85.0790,-84.9191,-84.5705,-84.1235,-83.6162,-83.0748,-82.5315,-81.9984,-81.5024,-81.0651,-80.6962,-80.3890,-80.1321,-79.9211,-79.7545,-79.6317,-79.5477,-79.4580,-79.3586,-79.2774,-79.2240,-79.1776,-79.1344,-79.1047,-79.0969,-79.1119,-79.1174,-79.0927,-79.0191,-78.9060,-78.7726,-78.6014,-78.3572,-78.0905,-77.8440,-77.6311,-77.4004,-77.1753,-76.9810,-76.8266,-76.7134,-76.6390,-76.5980,-76.5439,-76.4745,-76.4122,-76.3677,-76.3452,-76.3408,-76.3203,-76.2889,-76.2628,-76.2501,-76.2544,-76.2771,-76.3175,-76.3281,-76.3010,-76.2256,-76.1256,-76.0319,-75.9594,-75.9137,-75.8897,-75.8433,-75.7868,-75.7395,-75.7105,-75.7038,-75.7204,-75.7515,-75.7439,-75.7159,-75.6949,-75.6941,-75.7182,-75.7677,-75.8414,-75.9372,-76.0531,-76.1872,-76.3378,-76.5037,-76.6838,-76.8491,-76.9258,-76.8952,-76.8084,-76.7126,-76.6334,-76.5821,-76.5628,-76.5759,-76.6203,-76.6941,-76.7955,-76.9223,-77.0730,-77.2302,-77.3610,-77.4745,-77.5588,-77.6287,-77.7032,-77.7938,-77.9063,-78.0426,-78.2010,-78.3612,-78.5122,-78.6616,-78.8191,-78.9908,-79.1794,-79.3855,-79.6088,-79.8199,-79.9647,-80.0512,-80.1105,-80.1504,-80.1601,-80.1189,-80.0482,-79.9762,-79.9216,-79.8944,-79.8990,-79.9365,-80.0062,-80.1060,-80.2337,-80.3866,-80.5329,-80.5640,-80.5443,-80.5061,-80.4908,-80.5118,-80.5619,-80.6142,-80.6358,-80.5807,-80.4366,-80.3000,-80.2059,-80.1639,-80.1738,-80.2312,-80.3303,-80.4657,-80.6321,-80.8134,-80.9806,-81.1352,-81.2697,-81.3814,-81.4619,-81.5136,-81.4853,-81.3885,-81.2828,-81.1972,-81.1444,-81.1288,-81.1469,-81.1595,-81.1356,-81.0957,-81.0311,-80.8829,-80.7373,-80.6117,-80.4950,-80.3878,-80.2961,-80.2259,-80.1814,-80.1649,-80.1769,-80.2172,-80.2845,-80.3775,-80.4941,-80.6325,-80.7906,-80.9666,-81.1588,-81.3653,-81.5849,-81.8160,-82.0574,-82.3079,-82.5665,-82.8323,-83.1042,-83.3815,-83.6576,-83.8949,-84.0200,-84.0561,-84.0487,-83.9883,-83.9041,-83.8207,-83.7101,-83.5896,-83.4550,-83.2459,-82.9846,-82.6986,-82.4263,-82.1917,-82.0053,-81.8680,-81.7667,-81.6894,-81.6341,-81.6029,-81.5885,-81.5132,-81.3884,-81.2606,-81.1553,-81.0720,-80.9905,-80.9156,-80.8591,-80.8292,-80.8299,-80.8612,-80.8077,-80.6558,-80.4664,-80.2817,-80.1275,-80.0167,-79.9534,-79.9367,-79.9287,-79.9111,-79.9065,-79.9265,-79.9757,-80.0552,-80.1636,-80.2991,-80.4562,-80.6041,-80.7083,-80.7430,-80.6672,-80.5257,-80.3748,-80.2456,-80.1520,-80.0960,-80.0558,-80.0237,-80.0061,-80.0102,-80.0402,-80.0982,-80.1840,-80.2964,-80.4335,-80.5931,-80.7730,-80.9371,-81.0531,-81.1614,-81.2808,-81.4183,-81.5757,-81.7527,-81.9477,-82.1508,-82.3423,-82.5208,-82.6940,-82.8699,-83.0501,-83.2236,-83.3862,-83.5411,-83.6622,-83.7512,-83.8305,-83.9138,-83.9717,-83.9921,-84.0086,-84.0393,-84.0921,-84.1695,-84.2715,-84.3963,-84.5419,-84.7059,-84.8860,-85.0799,-85.2856,-85.5013,-85.7250,-85.9355,-86.0590,-86.0729,-86.0228,-85.9520,-85.8864,-85.8340,-85.7978,-85.7837,-85.7947,-85.8306,-85.8903,-85.9719,-86.0616,-86.0553,-86.0234,-86.0109,-86.0301,-86.0817,-86.1608,-86.2524,-86.3462,-86.4414,-86.5399,-86.6442,-86.7561,-86.8750,-86.9417,-86.9650,-86.9826,-87.0110,-87.0564,-87.1206,-87.2034,-87.3034,-87.4186,-87.5323,-87.6200,-87.6860,-87.7424,-87.7817,-87.7867,-87.7713,-87.7024,-87.5422,-87.3830,-87.2570,-87.1723,-87.1285,-87.1210,-87.1214,-87.0875,-86.9666,-86.7859,-86.5896,-86.4080,-86.2576,-86.1457,-86.0738,-86.0403,-86.0424,-86.0571,-85.9551,-85.8498,-85.7846,-85.7657,-85.7895,-85.8483,-85.9120,-85.9624,-86.0057,-86.0495,-86.0670,-86.0592,-86.0480,-86.0463,-86.0612,-86.0958,-86.1512,-86.2269,-86.3218,-86.4343,-86.5571,-86.6527,-86.6736,-86.6601,-86.6428,-86.6374,-86.6508,-86.6852,-86.7405,-86.8156,-86.9087,-87.0175,-87.1206,-87.1939,-87.2478,-87.2983,-87.3450,-87.3558,-87.3477,-87.3393,-87.3411,-87.3463,-87.3241,-87.2715,-87.1579,-86.9831,-86.7800,-86.5921,-86.4385,-86.3255,-86.2534,-86.2200,-86.2218,-86.2552,-86.3167,-86.4027,-86.5101,-86.6354,-86.7219,-86.7703,-86.8161,-86.8741,-86.9501,-87.0452,-87.1586,-87.2888,-87.4337,-87.5911,-87.7592,-87.9359,-88.1196,-88.3088,-88.5020,-88.6980,-88.8958,-89.0942,-89.2925,-89.4898,-89.6854,-89.8788,-90.0694,-90.2567,-90.4402,-90.6197,-90.7899,-90.9390,-91.0638,-91.1683,-91.2583,-91.3389,-91.4138,-91.4857,-91.5564,-91.6272,-91.6987,-91.7713,-91.8451,-91.9200,-91.9960,-92.0730,-92.1506,-92.2286,-92.3069,-92.3852,-92.4633,-92.5369,-92.5822,-92.5941,-92.5855,-92.5050,-92.3613,-92.2093,-92.0730,-91.9616,-91.8773,-91.8192,-91.7849,-91.7717,-91.7767,-91.7973,-91.8163,-91.7597,-91.6708,-91.5860,-91.5196,-91.4763,-91.4559,-91.4565,-91.4755,-91.5102,-91.5582,-91.6172,-91.6852,-91.7605,-91.8416,-91.9272,-92.0163,-92.1077,-92.2008,-92.2489,-92.2354,-92.2041,-92.1747,-92.1556,-92.1498,-92.1576,-92.1783,-92.2105,-92.2527,-92.2981,-92.3031,-92.2762,-92.2385,-92.2030,-92.1761,-92.1610,-92.1586,-92.1684,-92.1898,-92.2215,-92.2623,-92.3104,-92.3506,-92.3675,-92.3661,-92.3568,-92.3477,-92.3439,-92.3480,-92.3609,-92.3827,-92.4131,-92.4503,-92.4804,-92.4938,-92.4938,-92.4865,-92.4776,-92.4712,-92.4699,-92.4754,-92.4883,-92.5088,-92.5365,-92.5712,-92.6120,-92.6585,-92.7097,-92.7652,-92.8241,-92.8860,-92.9501,-93.0158,-93.0554,-93.0501,-93.0240,-92.9931,-92.9655,-92.9454,-92.9344,-92.9332,-92.9415,-92.9586,-92.9838,-93.0161,-93.0546,-93.0984,-93.1466,-93.1984,-93.2531,-93.3101,-93.3688,-93.4286,-93.4892,-93.5500,-93.6107,-93.6711,-93.7308,-93.7896,-93.8211,-93.8047,-93.7631,-93.7131,-93.6648,-93.6236,-93.5921,-93.5711,-93.5605,-93.5595,-93.5674,-93.5829,-93.6052,-93.6331,-93.6657,-93.7024,-93.7422,-93.7845,-93.8288,-93.8745,-93.9212,-93.9685,-94.0160,-94.0635,-94.1107,-94.1574,-94.2034,-94.2485,-94.2927,-94.3358,-94.3778,-94.4185,-94.4580,-94.4963,-94.5332,-94.5688,-94.6031,-94.6362,-94.6679,-94.6984,-94.7277,-94.7558,-94.7827,-94.8041,-94.7683,-94.6880,-94.5914,-94.4951,-94.4080,-94.3342,-94.2676,-94.1227,-93.9366,-93.7601,-93.6122,-93.4971,-93.4130,-93.3561,-93.3224,-93.3082,-93.3101,-93.3253,-93.3516,-93.3868,-93.2948,-93.1429,-93.0108,-92.8904,-92.7286,-92.5431,-92.3399,-92.1492,-91.9848,-91.8352,-91.6894,-91.5535,-91.4360,-91.3420,-91.2740,-91.2317,-91.2140,-91.2188,-91.2438,-91.2865,-91.3447,-91.4161,-91.4987,-91.5907,-91.6905,-91.7964,-91.9073,-92.0219,-92.1391,-92.2580,-92.3615,-92.3810,-92.3071,-92.1969,-92.0861,-91.9916,-91.9200,-91.8731,-91.8491,-91.8276,-91.7896,-91.7419,-91.6968,-91.6630,-91.6453,-91.6456,-91.6636,-91.6973,-91.7202,-91.7133,-91.6921,-91.6728,-91.6647,-91.6716,-91.6943,-91.7322,-91.7837,-91.8471,-91.9207,-92.0029,-92.0922,-92.1871,-92.2864,-92.3890,-92.4940,-92.6003,-92.7074,-92.8145,-92.9211,-93.0266,-93.1305,-93.2326,-93.3325,-93.4300,-93.5248,-93.6168,-93.7001,-93.7562,-93.7863,-93.7984,-93.7388,-93.6202,-93.4907,-93.3707,-93.2687,-93.1876,-93.1275,-93.0873,-93.0651,-93.0591,-93.0672,-93.0875,-93.1184,-93.1581,-93.2053,-93.2435,-93.2103,-93.1096,-92.9771,-92.8419,-92.7209,-92.6222,-92.5484,-92.4991,-92.4727,-92.4667,-92.4786,-92.5059,-92.5464,-92.5980,-92.6588,-92.7273,-92.8020,-92.8815,-92.9648,-93.0508,-93.1388,-93.2279,-93.3174,-93.4068,-93.4957,-93.5835,-93.6699,-93.7546,-93.8374,-93.9179,-93.9962,-94.0720,-94.1452,-94.2159,-94.2838,-94.3491,-94.4118,-94.4718,-94.5291,-94.5839,-94.6362,-94.6860,-94.7334,-94.7786,-94.8215,-94.8623,-94.9010,-94.9377,-94.9725,-95.0056,-95.0369,-95.0666,-95.0947,-95.1213,-95.1466,-95.1705,-95.1931,-95.2146,-95.2345,-95.2443,-95.2340,-95.2046,-95.1620,-95.1123,-95.0609,-95.0113,-94.9661,-94.9265,-94.8934,-94.8668,-94.8466,-94.8326,-94.8242,-94.8210,-94.8225,-94.8281,-94.8374,-94.8380,-94.7229,-94.5721,-94.4334,-94.3191,-94.2309,-94.1667,-94.1236,-94.0985,-94.0885,-94.0912,-94.1044,-94.1261,-94.1548,-94.1892,-94.2281,-94.2704,-94.3154,-94.3624,-94.4106,-94.4596,-94.5045,-94.5076,-94.4201,-94.2794,-94.1262,-93.9816,-93.8551,-93.7499,-93.6665,-93.6039,-93.5604,-93.5342,-93.5234,-93.5258,-93.5295,-93.5197,-93.5000,-93.4768,-93.4553,-93.4391,-93.4302,-93.4297,-93.4379,-93.4545,-93.4790,-93.5107,-93.4969,-93.4263,-93.3457,-93.2697,-93.1880,-93.0999,-93.0143,-92.9396,-92.8782,-92.8026,-92.7040,-92.6030,-92.5152,-92.4478,-92.4028,-92.3797,-92.3771,-92.3926,-92.4243,-92.4698,-92.5271,-92.5945,-92.6701,-92.7525,-92.8377,-92.9033,-92.9441,-92.9697,-92.9891,-93.0086,-93.0320,-93.0614,-93.0977,-93.1409,-93.1909,-93.2469,-93.3081,-93.3739,-93.4371,-93.4756,-93.4914,-93.4946,-93.4933,-93.4928,-93.4966,-93.4819,-93.4135,-93.3175,-93.1579,-92.8474,-92.5067,-92.1982,-91.9419,-91.7417,-91.5946,-91.4950,-91.4367,-91.4135,-91.4077,-91.4009,-91.3952,-91.3957,-91.4063,-91.4292,-91.4656,-91.5152,-91.5774,-91.6460,-91.6871,-91.6796,-91.6387,-91.5846,-91.5323,-91.4912,-91.4662,-91.4593,-91.4708,-91.4996,-91.5445,-91.5973,-91.6256,-91.6290,-91.6244,-91.6247,-91.6366,-91.6632,-91.7048,-91.7608,-91.8297,-91.9084,-91.9282,-91.8504,-91.7330,-91.6170,-91.5207,-91.4513,-91.4097,-91.3805,-91.3376,-91.2175,-91.0680,-90.9281,-90.8144,-90.7329,-90.6842,-90.6663,-90.6765,-90.7113,-90.7676,-90.8423,-90.9325,-91.0356,-91.1495,-91.2719,-91.3917,-91.4717,-91.5261,-91.5731,-91.6221,-91.6776,-91.7416,-91.8144,-91.8958,-91.9848,-92.0805,-92.1818,-92.2876,-92.3968,-92.5086,-92.6220,-92.7363,-92.8507,-92.9646,-93.0775,-93.1888,-93.2983,-93.4055,-93.5101,-93.6119,-93.7089,-93.7738,-93.7948,-93.7894,-93.7740,-93.7591,-93.7499,-93.7490,-93.7569,-93.7734,-93.7977,-93.8290,-93.8661,-93.9082,-93.9531,-93.8615,-93.7150,-93.5864,-93.4901,-93.4261,-93.3904,-93.3784,-93.3855,-93.4080,-93.4429,-93.4874,-93.5395,-93.5975,-93.6599,-93.7256,-93.7934,-93.8627,-93.9326,-94.0027,-94.0725,-94.1415,-94.2094,-94.2759,-94.2989,-94.2310,-94.1073,-93.9620,-93.8178,-93.6880,-93.5789,-93.4927,-93.4292,-93.3870,-93.3640,-93.3315,-93.1645,-92.9893,-92.8492,-92.7507,-92.6905,-92.6630,-92.6625,-92.6840,-92.7227,-92.7631,-92.7922,-92.8116,-92.8267,-92.8249,-92.7401,-92.5873,-92.3834,-92.1794,-92.0037,-91.8660,-91.7673,-91.7050,-91.6750,-91.6730,-91.6950,-91.7373,-91.7967,-91.8702,-91.9554,-92.0500,-92.1523,-92.2605,-92.3731,-92.4890,-92.6070,-92.7249,-92.8148,-92.8619,-92.8859,-92.9040,-92.9254,-92.9543,-92.9917,-93.0375,-93.0911,-93.1515,-93.2177,-93.2885,-93.3630,-93.4403,-93.5197,-93.6003,-93.6816,-93.7631,-93.8168,-93.8107,-93.7779,-93.7398,-93.7070,-93.6846,-93.6742,-93.6760,-93.6890,-93.7122,-93.7440,-93.7774,-93.7622,-93.7133,-93.6566,-93.6053,-93.5656,-93.5399,-93.5285,-93.5307,-93.5451,-93.5703,-93.6048,-93.6470,-93.6957,-93.7496,-93.8048,-93.8411,-93.8505,-93.8419,-93.8255,-93.8092,-93.7975,-93.7928,-93.7959,-93.8068,-93.8253,-93.8505,-93.8818,-93.9184,-93.9594,-94.0043,-94.0522,-94.1026,-94.1549,-94.2087,-94.2634,-94.3186,-94.3741,-94.4294,-94.4843,-94.5385,-94.5919,-94.6443,-94.6954,-94.7453,-94.7937,-94.8406,-94.8860,-94.9297,-94.9719,-95.0124,-95.0512,-95.0885,-95.1241,-95.1581,-95.1906,-95.2217,-95.2512,-95.2793,-95.3061,-95.3315,-95.3557,-95.3787,-95.4005,-95.4213,-95.4409,-95.4596,-95.4773,-95.4941,-95.5101,-95.5252,-95.5396,-95.5533,-95.5663,-95.5787,-95.5904,-95.6016,-95.6122,-95.6223,-95.6320,-95.6412,-95.6500,-95.6584,-95.6665,-95.6738,-95.6692,-95.6414,-95.5942,-95.5349,-95.4704,-95.4058,-95.3448,-95.2895,-95.2410,-95.2000,-95.1663,-95.1399,-95.1202,-95.1068,-95.0990,-95.0963,-95.0982,-95.1040,-95.1132,-95.1254,-95.1402,-95.1570,-95.1757,-95.1957,-95.2168,-95.2388,-95.2614,-95.2844,-95.3075,-95.3307,-95.3539,-95.3767,-95.3993,-95.4215,-95.4432,-95.4643,-95.4849,-95.5049,-95.5242,-95.5428,-95.5608,-95.5782,-95.5949,-95.6109,-95.6262,-95.6409,-95.6550,-95.6685,-95.6814,-95.6938,-95.7055,-95.7168,-95.7276,-95.7378,-95.7476,-95.7570,-95.7660,-95.7745,-95.7827,-95.7905,-95.7980,-95.8052,-95.8120,-95.8186,-95.8249,-95.8310,-95.8368,-95.8423,-95.8477,-95.8529,-95.8579,-95.8627,-95.8673,-95.8718,-95.8761,-95.8803,-95.8843,-95.8833,-95.8281,-95.7248,-95.6094,-95.5008,-95.3428,-95.0711,-94.8135,-94.5996,-94.4323,-94.3069,-94.2172,-94.1572,-94.1219,-94.1067,-94.1081,-94.1230,-94.1489,-94.1836,-94.2255,-94.2729,-94.3248,-94.3798,-94.4373,-94.4964,-94.5563,-94.6167,-94.6770,-94.7367,-94.7957,-94.8536,-94.9101,-94.9652,-95.0187,-95.0704,-95.1203,-95.1684,-95.2145,-95.2588,-95.3012,-95.3417,-95.3803,-95.4132,-95.4182,-95.3943,-95.3527,-95.3032,-95.2528,-95.2057,-95.1645,-95.1305,-95.1041,-95.0853,-95.0736,-95.0686,-95.0697,-95.0760,-95.0870,-95.1019,-95.1204,-95.1416,-95.1652,-95.1907,-95.2177,-95.2459,-95.2748,-95.3042,-95.3338,-95.3635,-95.3910,-95.3958,-95.3722,-95.2834,-95.1236,-94.9459,-94.7756,-94.6239,-94.4955,-94.3913,-94.3104,-94.2452,-94.1279,-93.8440,-93.5435,-93.2824,-93.0728,-92.9139,-92.8008,-92.7276,-92.6885,-92.6783,-92.6924,-92.7267,-92.7777,-92.8425,-92.9184,-92.9985,-93.0669,-93.1186,-93.1588,-93.1938,-93.2289,-93.2672,-93.3106,-93.3597,-93.4147,-93.4753,-93.5408,-93.6106,-93.6839,-93.7601,-93.8375,-93.8725,-93.8249,-93.7248,-93.6070,-93.4949,-93.4005,-93.3289,-93.2810,-93.2555,-93.2503,-93.2629,-93.2907,-93.3314,-93.3775,-93.4168,-93.4455,-93.4668,-93.4857,-93.5061,-93.5305,-93.5602,-93.5958,-93.5551,-93.4337,-93.3166,-93.2258,-93.1654,-93.1336,-93.1267,-93.1409,-93.1725,-93.2183,-93.2756,-93.3304,-93.3079,-93.2493,-93.1919,-93.1488,-93.0954,-93.0220,-92.9461,-92.8822,-92.8375,-92.8141,-92.8114,-92.8115,-92.7678,-92.7070,-92.6513,-92.6109,-92.5900,-92.5893,-92.6076,-92.6431,-92.6937,-92.7571,-92.8311,-92.9140,-93.0038,-93.0991,-93.1983,-93.3004,-93.4043,-93.5090,-93.6137,-93.7178,-93.8208,-93.9221,-94.0212,-94.1180,-94.2121,-94.3033,-94.3915,-94.4765,-94.5581,-94.6246,-94.6573,-94.6609,-94.6475,-94.6276,-94.6082,-94.5933,-94.5394,-94.4175,-94.2682,-94.1112,-93.8968,-93.6455,-93.4036,-93.1906,-93.0135,-92.8734,-92.7687,-92.6955,-92.6162,-92.5157,-92.4164,-92.3333,-92.2733,-92.2382,-92.2274,-92.2387,-92.2698,-92.3179,-92.3807,-92.4557,-92.5409,-92.6344,-92.7345,-92.8396,-92.9485,-93.0600,-93.1730,-93.2868,-93.3832,-93.4289,-93.3692,-93.1745,-92.9813,-92.8257,-92.7143,-92.6446,-92.6087,-92.5871,-92.5680,-92.5510,-92.5317,-92.4994,-92.4054,-92.2696,-92.1006,-91.9150,-91.7345,-91.5746,-91.4437,-91.3451,-91.2790,-91.2436,-91.2361,-91.2402,-91.2214,-91.1747,-91.1141,-91.0547,-90.9733,-90.8481,-90.7241,-90.6242,-90.5557,-90.5196,-90.5140,-90.5359,-90.5823,-90.6499,-90.7358,-90.8374,-90.9520,-91.0776,-91.2120,-91.3535,-91.5006,-91.6516,-91.8055,-91.9610,-92.1170,-92.2728,-92.4275,-92.5803,-92.7308,-92.8438,-92.8611,-92.8280,-92.7764,-92.7242,-92.6812,-92.6521,-92.6387,-92.6412,-92.6588,-92.6902,-92.7339,-92.7429,-92.6910,-92.6281,-92.5765,-92.5441,-92.5327,-92.5412,-92.5675,-92.6093,-92.6642,-92.7299,-92.7861,-92.7893,-92.7683,-92.7451,-92.7307,-92.7296,-92.7432,-92.7713,-92.8125,-92.8652,-92.9277,-92.9985,-93.0758,-93.1584,-93.2449,-93.3343,-93.4256,-93.5179,-93.6105,-93.7029,-93.7944,-93.8846,-93.9732,-94.0598,-94.1442,-94.2262,-94.3056,-94.3824,-94.4563,-94.5275,-94.5958,-94.6612,-94.7238,-94.7836,-94.8407,-94.8951,-94.9468,-94.9960,-95.0427,-95.0870,-95.1290,-95.1689,-95.2066,-95.2422,-95.2585,-95.2224,-95.1508,-95.0661,-94.9832,-94.9101,-94.8499,-94.7921,-94.7248,-94.6501,-94.5739,-94.5015,-94.4365,-94.3813,-94.3370,-94.3037,-94.2814,-94.2692,-94.2665,-94.2723,-94.2857,-94.3056,-94.3314,-94.3620,-94.3968,-94.4349,-94.4564,-94.4123,-94.3320,-94.2492,-94.1792,-94.1271,-94.0930,-94.0755,-94.0724,-94.0817,-94.1014,-94.1296,-94.1649,-94.2058,-94.2513,-94.3003,-94.3519,-94.4054,-94.4601,-94.5156,-94.5713,-94.6269,-94.6820,-94.7363,-94.7896,-94.8417,-94.8925,-94.9418,-94.9561,-94.8193,-94.6642,-94.5334,-94.4347,-94.3658,-94.3226,-94.3004,-94.2951,-94.3034,-94.3226,-94.3502,-94.3845,-94.4239,-94.4673,-94.5135,-94.5618,-94.6115,-94.6619,-94.7126,-94.7632,-94.8133,-94.8628,-94.9113,-94.9586,-95.0048,-95.0455,-95.0120,-94.9307,-94.8413,-94.7595,-94.6916,-94.6390,-94.6015,-94.5778,-94.5664,-94.5656,-94.5739,-94.5899,-94.6122,-94.6398,-94.6715,-94.7067,-94.7444,-94.7840,-94.8251,-94.8670,-94.9093,-94.9518,-94.9941,-95.0360,-95.0772,-95.1174,-95.1297,-95.0915,-95.0244,-94.9479,-94.8743,-94.8101,-94.7582,-94.7193,-94.6870,-94.6040,-94.4917,-94.3801,-94.2817,-94.2011,-94.1394,-94.0960,-94.0693,-94.0578,-94.0594,-94.0725,-94.0954,-94.1264,-94.1643,-94.1715,-94.1283,-94.0697,-94.0131,-93.9664,-93.9326,-93.9124,-93.9054,-93.9104,-93.9261,-93.9512,-93.9843,-94.0242,-94.0696,-94.1195,-94.1730,-94.2292,-94.2874,-94.3469,-94.4072,-94.4678,-94.5283,-94.5883,-94.6475,-94.7057,-94.7626,-94.8180,-94.8719,-94.9242,-94.9746,-95.0233,-95.0701,-95.1151,-95.1582,-95.1995,-95.2389,-95.2765,-95.3123,-95.3465,-95.3790,-95.4098,-95.4391,-95.4669,-95.4714,-95.4126,-95.3236,-95.2280,-95.1378,-95.0587,-94.9931,-94.9411,-94.9021,-94.8751,-94.8586,-94.8514,-94.8521,-94.8597,-94.8729,-94.8909,-94.9129,-94.9379,-94.9656,-94.9951,-95.0261,-95.0582,-95.0909,-95.1240,-95.1571,-95.1901,-95.2228,-95.2549,-95.2865,-95.3173,-95.3473,-95.3764,-95.4046,-95.4272,-95.4041,-95.3449,-95.2726,-95.1996,-95.1322,-95.0736,-95.0150,-94.9185,-94.7935,-94.6625,-94.5254,-94.3351,-94.1341,-93.9514,-93.7982,-93.6772,-93.5870,-93.5248,-93.4868,-93.4066,-93.2824,-93.1612,-93.0622,-92.9912,-92.9485,-92.9319,-92.9134,-92.8236,-92.6893,-92.5452,-92.4126,-92.3027,-92.2203,-92.1553,-92.0372,-91.9042,-91.7902,-91.7076,-91.6590,-91.6430,-91.6562,-91.6947,-91.7547,-91.8325,-91.9249,-92.0291,-92.1426,-92.2633,-92.3893,-92.5191,-92.6513,-92.7846,-92.9182,-93.0510,-93.1824,-93.3118,-93.4386,-93.5624,-93.6829,-93.7997,-93.9127,-94.0217,-94.1266,-94.2273,-94.3238,-94.4161,-94.5042,-94.5881,-94.6680,-94.7440,-94.8161,-94.8674,-94.8361,-94.7561,-94.6686,-94.5931,-94.5356,-94.4963,-94.4733,-94.4644,-94.4671,-94.4796,-94.4985,-94.5041,-94.4343,-94.2858,-94.1113,-93.9381,-93.7379,-93.5012,-93.2387,-92.9640,-92.6961,-92.4501,-92.2355,-92.0566,-91.9144,-91.8077,-91.7341,-91.6814,-91.6272,-91.5704,-91.5196,-91.4823,-91.4628,-91.4421,-91.3646,-91.2768,-91.2033,-91.1533,-91.0831,-90.9871,-90.8887,-90.7373,-90.5851,-90.4620,-90.3409,-90.1909,-90.0490,-89.9401,-89.8726,-89.8463,-89.8577,-89.9019,-89.9743,-90.0702,-90.1858,-90.3175,-90.4621,-90.6172,-90.7802,-90.9489,-91.1136,-91.2435,-91.2600,-91.2218,-91.1771,-91.1470,-91.1376,-91.1285,-91.1067,-91.0851,-91.0745,-91.0799,-91.1030,-91.1433,-91.1996,-91.2702,-91.3534,-91.4473,-91.5503,-91.6609,-91.7775,-91.8990,-92.0242,-92.1520,-92.2815,-92.4118,-92.5423,-92.6722,-92.8010,-92.9281,-93.0532,-93.1759,-93.2958,-93.4036,-93.4581,-93.4720,-93.4682,-93.4609,-93.4583,-93.4641,-93.4744,-93.4369,-93.3697,-93.3003,-93.2409,-93.1961,-93.1486,-93.0806,-93.0031,-92.9295,-92.8686,-92.8247,-92.7989,-92.7860,-92.7619,-92.7254,-92.6874,-92.6564,-92.6374,-92.6322,-92.6410,-92.6632,-92.6974,-92.7423,-92.7965,-92.8585,-92.9272,-93.0013,-93.0798,-93.1618,-93.2464,-93.3328,-93.4203,-93.5084,-93.5966,-93.6843,-93.7712,-93.8569,-93.9410,-94.0234,-94.1032,-94.1347,-94.1145,-94.0704,-93.9571,-93.7340,-93.4680,-93.1996,-92.9500,-92.7297,-92.5429,-92.3906,-92.2716,-92.1838,-92.1245,-92.0909,-92.0799,-92.0890,-92.1155,-92.1506,-92.0512,-91.9208,-91.8190,-91.7564,-91.7310,-91.7376,-91.7709,-91.8257,-91.8979,-91.9840,-92.0808,-92.1860,-92.2975,-92.4136,-92.5328,-92.6539,-92.7759,-92.8978,-93.0190,-93.1387,-93.2566,-93.3720,-93.4847,-93.5940,-93.5995,-93.5385,-93.4766,-93.4316,-93.4060,-93.3718,-93.3164,-93.2553,-93.2002,-93.1575,-93.1293,-93.1161,-93.1171,-93.1311,-93.1566,-93.1924,-93.2368,-93.2886,-93.3466,-93.4097,-93.4768,-93.5470,-93.6195,-93.6937,-93.7688,-93.8443,-93.9198,-93.9948,-94.0689,-94.1419,-94.2135,-94.2835,-94.3516,-94.4178,-94.4783,-94.4606,-94.3642,-94.2228,-94.0705,-93.9262,-93.7993,-93.6940,-93.6111,-93.5502,-93.5096,-93.4874,-93.4814,-93.4897,-93.5101,-93.5410,-93.5807,-93.6277,-93.6806,-93.7383,-93.7998,-93.8642,-93.9306,-93.9984,-94.0670,-94.1358,-94.2045,-94.2725,-94.3396,-94.4055,-94.4700,-94.5329,-94.5941,-94.6533,-94.7106,-94.7614,-94.7467,-94.6362,-94.4762,-94.3049,-94.1437,-94.0033,-93.8878,-93.7979,-93.7322,-93.6887,-93.6648,-93.5693,-93.3807,-93.2096,-93.0781,-92.9877,-92.9336,-92.9102,-92.9120,-92.9343,-92.9732,-93.0252,-93.0877,-93.1585,-93.2355,-93.3173,-93.4023,-93.4826,-93.5460,-93.5912,-93.6227,-93.6462,-93.6666,-93.6873,-93.7106,-93.7378,-93.7695,-93.8057,-93.8463,-93.8910,-93.9392,-93.9876,-94.0115,-94.0056,-93.9819,-93.9522,-93.9246,-93.9040,-93.8927,-93.8915,-93.9001,-93.9179,-93.9438,-93.9768,-94.0158,-94.0599,-94.1081,-94.1595,-94.2136,-94.2694,-94.3266,-94.3687,-94.3622,-94.3297,-94.2896,-94.2509,-94.1873,-94.0843,-93.9671,-93.8548,-93.7576,-93.5731,-93.3174,-93.0909,-92.8269,-92.4394,-92.0670,-91.7515,-91.5005,-91.2954,-91.1223,-90.9815,-90.8738,-90.7990,-90.7557,-90.7418,-90.7546,-90.7912,-90.8488,-90.9245,-91.0157,-91.1201,-91.2352,-91.3593,-91.4904,-91.6205,-91.7115,-91.7687,-91.8124,-91.8564,-91.9080,-91.9698,-92.0423,-92.1247,-92.2121,-92.2856,-92.3394,-92.3811,-92.4190,-92.4593,-92.5053,-92.5583,-92.6188,-92.6864,-92.7592,-92.8240,-92.8719,-92.9074,-92.9374,-92.9673,-93.0003,-93.0382,-93.0814,-93.1014,-93.0762,-93.0262,-92.9414,-92.8287,-92.7115,-92.5469,-92.3424,-92.1501,-91.9886,-91.8629,-91.7730,-91.7164,-91.6897,-91.6049,-91.4386,-91.2962,-91.1984,-91.1455,-91.1324,-91.1528,-91.2008,-91.2712,-91.3597,-91.4626,-91.5767,-91.6997,-91.8292,-91.9635,-92.1010,-92.2404,-92.3804,-92.5203,-92.6591,-92.7962,-92.9309,-93.0628,-93.1916,-93.3167,-93.4381,-93.5555,-93.6687,-93.7722,-93.8318,-93.8494,-93.8462,-93.8373,-93.8309,-93.8310,-93.8393,-93.8557,-93.8766,-93.8747,-93.8442,-93.7992,-93.7527,-93.7128,-93.6834,-93.6662,-93.6612,-93.6676,-93.6845,-93.7106,-93.7445,-93.7852,-93.8288,-93.8491,-93.8399,-93.8171,-93.7929,-93.7738,-93.7626,-93.7605,-93.7675,-93.7831,-93.8066,-93.8370,-93.8737,-93.9156,-93.9619,-94.0119,-94.0649,-94.1201,-94.1770,-94.2351,-94.2939,-94.3529,-94.4119,-94.4704,-94.5217,-94.5052,-94.4470,-94.3807,-94.3208,-94.2732,-94.2343,-94.1858,-94.1239,-94.0567,-93.9923,-93.9364,-93.8919,-93.8600,-93.8408,-93.8336,-93.8266,-93.7895,-93.7284,-93.6617,-93.6018,-93.5544,-93.5218,-93.5041,-93.4872,-93.4312,-93.3370,-93.2232,-93.1068,-92.9994,-92.9077,-92.8351,-92.7829,-92.7505,-92.7371,-92.7408,-92.7600,-92.7928,-92.8374,-92.8923,-92.9557,-93.0263,-93.1029,-93.1841,-93.2690,-93.3566,-93.4461,-93.5368,-93.6279,-93.7189,-93.8092,-93.8986,-93.9696,-93.9643,-93.9254,-93.8816,-93.8452,-93.8210,-93.8103,-93.7971,-93.6415,-93.4648,-93.3027,-93.1161,-92.9381,-92.7887,-92.6733,-92.5912,-92.5398,-92.5020,-92.4405,-92.3719,-92.3124,-92.2694,-92.2455,-92.2411,-92.2550,-92.2663,-92.2254,-92.1597,-92.1012,-92.0635,-92.0504,-92.0609,-92.0924,-92.1395,-92.1366,-92.0970,-92.0582,-92.0347,-92.0310,-92.0473,-92.0822,-92.1336,-92.1991,-92.2764,-92.3635,-92.4585,-92.5596,-92.6654,-92.7745,-92.8859,-92.9984,-93.1113,-93.2238,-93.3220,-93.3779,-93.4039,-93.4168,-93.4271,-93.4404,-93.4593,-93.4849,-93.5173,-93.5562,-93.6009,-93.6507,-93.7049,-93.7627,-93.8234,-93.8864,-93.9509,-94.0166,-94.0828,-94.1492,-94.2153,-94.2780,-94.3275,-94.3587,-94.3738,-94.3735,-94.2945,-94.1492,-93.9586,-93.7575,-93.5671,-93.3978,-93.2544,-93.1380,-93.0481,-92.9831,-92.9410,-92.9194,-92.9160,-92.9286,-92.9550,-92.9935,-93.0421,-93.0993,-93.1636,-93.2337,-93.3084,-93.3868,-93.4678,-93.5507,-93.6348,-93.7193,-93.7916,-93.8092,-93.7945,-93.7702,-93.7478,-93.7230,-93.6859,-93.6388,-93.5889,-93.5432,-93.5053,-93.4513,-93.3639,-93.2632,-93.1673,-93.0864,-93.0248,-92.9837,-92.9624,-92.9593,-92.9725,-92.9885,-92.9531,-92.8948,-92.8396,-92.7980,-92.7737,-92.7673,-92.7781,-92.8045,-92.8445,-92.8965,-92.9584,-93.0286,-93.1055,-93.1878,-93.2741,-93.3634,-93.4501,-93.4890,-93.4897,-93.4800,-93.4731,-93.4745,-93.4856,-93.5066,-93.5357,-93.5575,-93.5580,-93.5427,-93.5218,-93.5034,-93.4924,-93.4910,-93.5001,-93.5193,-93.5478,-93.5846,-93.6286,-93.6787,-93.7339,-93.7932,-93.8557,-93.9208,-93.9877,-94.0558,-94.1246,-94.1936,-94.2624,-94.3306,-94.3979,-94.4641,-94.5290,-94.5922,-94.6538,-94.7136,-94.7714,-94.8272,-94.8810,-94.9328,-94.9824,-95.0224,-95.0176,-94.9737,-94.9119,-94.8474,-94.7887,-94.7397,-94.7017,-94.6748,-94.6581,-94.6508,-94.6518,-94.6594,-94.6290,-94.5379,-94.4274,-94.3245,-94.2404,-94.1775,-94.1353,-94.1114,-94.1033,-94.1088,-94.1254,-94.1514,-94.1849,-94.2246,-94.2691,-94.3173,-94.3685,-94.4217,-94.4762,-94.5316,-94.5873,-94.6429,-94.6980,-94.7524,-94.8059,-94.8581,-94.9091,-94.9585,-95.0064,-95.0527,-95.0973,-95.1402,-95.1814,-95.2209,-95.2587,-95.2948,-95.3293,-95.3622,-95.3934,-95.4232,-95.4515,-95.4784,-95.5040,-95.5282,-95.5512,-95.5730,-95.5936,-95.6132,-95.6245,-95.5821,-95.4978,-95.3616,-95.1912,-95.0148,-94.8498,-94.7048,-94.5825,-94.4633,-94.3204,-94.1676,-94.0241,-93.9012,-93.7757,-93.6078,-93.4326,-93.2636,-93.1076,-92.9701,-92.8542,-92.7617,-92.6925,-92.6459,-92.6203,-92.6139,-92.6247,-92.6509,-92.6886,-92.7236,-92.7480,-92.7320,-92.6366,-92.5111,-92.3933,-92.2998,-92.2349,-92.1980,-92.1867,-92.1977,-92.2233,-92.2423,-92.2499,-92.2524,-92.2574,-92.2699,-92.2930,-92.3275,-92.3736,-92.4307,-92.4976,-92.5731,-92.6561,-92.7452,-92.8394,-92.9375,-93.0385,-93.1416,-93.2167,-93.2141,-93.1747,-93.1341,-93.1078,-93.1003,-93.1112,-93.1382,-93.1789,-93.2308,-93.2918,-93.3599,-93.4335,-93.5114,-93.5922,-93.6750,-93.7590,-93.8434,-93.9276,-94.0028,-94.0267,-94.0149,-93.9897,-93.9641,-93.9449,-93.9349,-93.9352,-93.9453,-93.9646,-93.9919,-94.0262,-94.0663,-94.1113,-94.1601,-94.2121,-94.2663,-94.3223,-94.3793,-94.4369,-94.4917,-94.4715,-94.3683,-94.2292,-94.0838,-93.9483,-93.8314,-93.7365,-93.6643,-93.6138,-93.5833,-93.5708,-93.5738,-93.5904,-93.6186,-93.6564,-93.6998,-93.7336,-93.7500,-93.7534,-93.7510,-93.7486,-93.7493,-93.7451,-93.7281,-93.7004,-93.6674,-93.6347,-93.6063,-93.5804,-93.5089,-93.4061,-93.3001,-93.2053,-93.1284,-93.0717,-93.0353,-93.0183,-93.0188,-93.0349,-93.0648,-93.1064,-93.1580,-93.2180,-93.2849,-93.3315,-93.3235,-93.2957,-93.2676,-93.2478,-93.2399,-93.2448,-93.2622,-93.2731,-93.2474,-93.2048,-93.1615,-93.1264,-93.1037,-93.0950,-93.1005,-93.1193,-93.1504,-93.1922,-93.2432,-93.2858,-93.2913,-93.2716,-93.2451,-93.1514,-92.9479,-92.7575,-92.6081,-92.5028,-92.4375,-92.4065,-92.4040,-92.4250,-92.4652,-92.5209,-92.5892,-92.6675,-92.7535,-92.8456,-92.9422,-93.0420,-93.1438,-93.2467,-93.3499,-93.4528,-93.5547,-93.6551,-93.7536,-93.8500,-93.9439,-94.0351,-94.1209,-94.1827,-94.2122,-94.1590,-94.0382,-93.9004,-93.6776,-93.4149,-93.1177,-92.7930,-92.4722,-92.1779,-91.9224,-91.7108,-91.5438,-91.4193,-91.3340,-91.2838,-91.2648,-91.2728,-91.3043,-91.3559,-91.4245,-91.5074,-91.6022,-91.7068,-91.8193,-91.9380,-92.0614,-92.1882,-92.3174,-92.4478,-92.5785,-92.7089,-92.8382,-92.9659,-93.0914,-93.2143,-93.3343,-93.4157,-93.3748,-93.3108,-93.2597,-93.2305,-93.2233,-93.2357,-93.2644,-93.3063,-93.3587,-93.4193,-93.4860,-93.5573,-93.6319,-93.7087,-93.7867,-93.8652,-93.9437,-94.0215,-94.0983,-94.1737,-94.2475,-94.3194,-94.3892,-94.4513,-94.4796,-94.4462,-94.3478,-94.2155,-94.0770,-93.9487,-93.8385,-93.7495,-93.6810,-93.6102,-93.5211,-93.4275,-93.3419,-93.2710,-93.2173,-93.1812,-93.1619,-93.1581,-93.1674,-93.1729,-93.1587,-93.1305,-93.0989,-93.0721,-93.0549,-93.0495,-93.0562,-93.0748,-93.1042,-93.1433,-93.1809,-93.1783,-93.1439,-93.0992,-93.0594,-93.0325,-93.0216,-93.0269,-93.0473,-93.0810,-93.1261,-93.1806,-93.2428,-93.3113,-93.3845,-93.4615,-93.5411,-93.6225,-93.7049,-93.7878,-93.8704,-93.9523,-94.0332,-94.1127,-94.1905,-94.2664,-94.3287,-94.3532,-94.3369,-94.2306,-94.0870,-93.9438,-93.8163,-93.7100,-93.6018,-93.3935,-93.1799,-93.0000,-92.8619,-92.7465,-92.6288,-92.5202,-92.4298,-92.3615,-92.3161,-92.2930,-92.2907,-92.3071,-92.3402,-92.3878,-92.4479,-92.5185,-92.5979,-92.6844,-92.7767,-92.8734,-92.8764,-92.7819,-92.6956,-92.6391,-92.6143,-92.6177,-92.6371,-92.6421,-92.6316,-92.6150,-92.4629,-92.2324,-91.9569,-91.6761,-91.3968,-91.1430,-90.9325,-90.7720,-90.6378,-90.4918,-90.3602,-90.2586,-90.1923,-90.1614,-90.1639,-90.1962,-90.2549,-90.3361,-90.4365,-90.5528,-90.6824,-90.8225,-90.9710,-91.1260,-91.2856,-91.4484,-91.6130,-91.7783,-91.9432,-92.1069,-92.2686,-92.4277,-92.5740,-92.6663,-92.6511,-92.5656,-92.4654,-92.3757,-92.3072,-92.2632,-92.2437,-92.2467,-92.2699,-92.3105,-92.3659,-92.4336,-92.5101,-92.5553,-92.5650,-92.5634,-92.5637,-92.5723,-92.5919,-92.6230,-92.6656,-92.7185,-92.7806,-92.8506,-92.9272,-93.0091,-93.0953,-93.1845,-93.2760,-93.3689,-93.4623,-93.5558,-93.6487,-93.7405,-93.8309,-93.9195,-94.0061,-94.0903,-94.1721,-94.2513,-94.3277,-94.4014,-94.4723,-94.5403,-94.6054,-94.6677,-94.7273,-94.7841,-94.8382,-94.8897,-94.9387,-94.9852,-95.0287,-95.0590,-95.0648,-95.0487,-95.0155,-94.9326,-94.7450,-94.5168,-94.2767,-94.0273,-93.7841,-93.5598,-93.3615,-93.1922,-93.0524,-92.9410,-92.8564,-92.7962,-92.7580,-92.7039,-92.5934,-92.4799,-92.3847,-92.3144,-92.2699,-92.2498,-92.2518,-92.2731,-92.3113,-92.3639,-92.4285,-92.5033,-92.5864,-92.6762,-92.7713,-92.8704,-92.9725,-93.0764,-93.1809,-93.2681,-93.3209,-93.3483,-93.3646,-93.3797,-93.3989,-93.4249,-93.4584,-93.4992,-93.5465,-93.5996,-93.6576,-93.7194,-93.7844,-93.8049,-93.6875,-93.5102,-93.3325,-93.1800,-93.0601,-92.9730,-92.9157,-92.8847,-92.8762,-92.8870,-92.9141,-92.9256,-92.7848,-92.5319,-92.2555,-92.0020,-91.7897,-91.6230,-91.5006,-91.4188,-91.3732,-91.3592,-91.3725,-91.4093,-91.4659,-91.5393,-91.6266,-91.7255,-91.8336,-91.9481,-92.0324,-92.0746,-92.0975,-92.1165,-92.1230,-92.1126,-92.0957,-92.0814,-92.0665,-92.0167,-91.9475,-91.8793,-91.8237,-91.7864,-91.7697,-91.7735,-91.7968,-91.8375,-91.8937,-91.9633,-92.0443,-92.1347,-92.2329,-92.3372,-92.4463,-92.5589,-92.6532,-92.6726,-92.6642,-92.6554,-92.6566,-92.6715,-92.7006,-92.7428,-92.7967,-92.8605,-92.9325,-93.0111,-93.0947,-93.1714,-93.2286,-93.2684,-93.2977,-93.3226,-93.3474,-93.3750,-93.4072,-93.4445,-93.4871,-93.5348,-93.5870,-93.6367,-93.6630,-93.6643,-93.6516,-93.6356,-93.6230,-93.5644,-93.4540,-93.3393,-93.2395,-93.1614,-93.1061,-93.0621,-93.0124,-92.8625,-92.6450,-92.4380,-92.2666,-92.1366,-92.0469,-91.9935,-91.9716,-91.9769,-92.0049,-92.0522,-92.1153,-92.1916,-92.2785,-92.3740,-92.4763,-92.5837,-92.6950,-92.8088,-92.9242,-93.0403,-93.1563,-93.2715,-93.3854,-93.4974,-93.6072,-93.7013,-93.7561,-93.7798,-93.7878,-93.7913,-93.7971,-93.8086,-93.8270,-93.8527,-93.8852,-93.9237,-93.9675,-94.0157,-94.0676,-94.1223,-94.0822,-93.9438,-93.8148,-93.7170,-93.6523,-93.6166,-93.5437,-93.3990,-93.2318,-93.0701,-92.9140,-92.7595,-92.6145,-92.4872,-92.3825,-92.3028,-92.2480,-92.2172,-92.2085,-92.2159,-92.2004,-92.1532,-92.0307,-91.8728,-91.7253,-91.6061,-91.5211,-91.4704,-91.4516,-91.4611,-91.4952,-91.5504,-91.6233,-91.7109,-91.8107,-91.9202,-92.0375,-92.1608,-92.2885,-92.3915,-92.3943,-92.3711,-92.3560,-92.3591,-92.3820,-92.4233,-92.4805,-92.5510,-92.6322,-92.7218,-92.8180,-92.9189,-93.0231,-93.1295,-93.2369,-93.3444,-93.4515,-93.5573,-93.6615,-93.7133,-93.6751,-93.6132,-93.5597,-93.5255,-93.5121,-93.5176,-93.5392,-93.5739,-93.6191,-93.6726,-93.7326,-93.7973,-93.8656,-93.9363,-94.0085,-94.0815,-94.1547,-94.2274,-94.2994,-94.3702,-94.4395,-94.5072,-94.5730,-94.6368,-94.6984,-94.7579,-94.8151,-94.8701,-94.9228,-94.9733,-95.0215,-95.0676,-95.1115,-95.1533,-95.1930
5,-86.0000,-90.3940,-91.0196,-91.3689,-91.6254,-91.7871,-91.8428,-91.8759,-91.9080,-91.9454,-91.9893,-92.0387,-92.0925,-92.1490,-92.2072,-92.2659,-92.3243,-92.3819,-92.4381,-92.4926,-92.5451,-92.5956,-92.6437,-92.6680,-92.6608,-92.6399,-92.6161,-92.5948,-92.5785,-92.5684,-92.5644,-92.5663,-92.5734,-92.5850,-92.6005,-92.6192,-92.6404,-92.6637,-92.6885,-92.7144,-92.7409,-92.7679,-92.7891,-92.7804,-92.7496,-92.7102,-92.6709,-92.6361,-92.6080,-92.5874,-92.5741,-92.5677,-92.5674,-92.5725,-92.5255,-92.4186,-92.3192,-92.2408,-92.1849,-92.1495,-92.1317,-92.1284,-92.1367,-92.1542,-92.1788,-92.2089,-92.2430,-92.2801,-92.3193,-92.3597,-92.4008,-92.4420,-92.4831,-92.5236,-92.5634,-92.6021,-92.6397,-92.6761,-92.7111,-92.7447,-92.7769,-92.8076,-92.8369,-92.8647,-92.8912,-92.9162,-92.9398,-92.9622,-92.9833,-93.0031,-93.0218,-93.0394,-93.0559,-93.0713,-93.0859,-93.0995,-93.1080,-93.0959,-93.0630,-93.0191,-92.9728,-92.9292,-92.8909,-92.8591,-92.8339,-92.8149,-92.8017,-92.7916,-92.7339,-92.6525,-92.5737,-92.5051,-92.4488,-92.4052,-92.3737,-92.3529,-92.3418,-92.3389,-92.3431,-92.3531,-92.3680,-92.3869,-92.4089,-92.4334,-92.4598,-92.4875,-92.5161,-92.5453,-92.5746,-92.6040,-92.6330,-92.6591,-92.6375,-92.5877,-92.5340,-92.4854,-92.4457,-92.3982,-92.3196,-92.2332,-92.1537,-92.0878,-92.0378,-92.0035,-91.9836,-91.9762,-91.9796,-91.9919,-92.0115,-92.0370,-92.0672,-92.1010,-92.1374,-92.1759,-92.2156,-92.2561,-92.2969,-92.3373,-92.3702,-92.3899,-92.3995,-92.4029,-92.4033,-92.4030,-92.4035,-92.4059,-92.4107,-92.4181,-92.4282,-92.4409,-92.4559,-92.4730,-92.4919,-92.5122,-92.5337,-92.5561,-92.5791,-92.6026,-92.6263,-92.6499,-92.6735,-92.6968,-92.7197,-92.7421,-92.7640,-92.7853,-92.8059,-92.8258,-92.8450,-92.8634,-92.8811,-92.8980,-92.9142,-92.9296,-92.9443,-92.9583,-92.9716,-92.9842,-92.9961,-93.0074,-93.0182,-93.0283,-93.0379,-93.0470,-93.0555,-93.0532,-93.0193,-92.9658,-92.9051,-92.8450,-92.7900,-92.7420,-92.7019,-92.6698,-92.6452,-92.6275,-92.6062,-92.5482,-92.4833,-92.4231,-92.3711,-92.3284,-92.2952,-92.2711,-92.2555,-92.2425,-92.1702,-92.0818,-92.0033,-91.9411,-91.8960,-91.8667,-91.8514,-91.8481,-91.8549,-91.8701,-91.8922,-91.9199,-91.9520,-91.9874,-92.0254,-92.0653,-92.1063,-92.1480,-92.1900,-92.2318,-92.2733,-92.3140,-92.3539,-92.3927,-92.4183,-92.3701,-92.3010,-92.2376,-92.1883,-92.1543,-92.1343,-92.1263,-92.1282,-92.1381,-92.1543,-92.1756,-92.2007,-92.2287,-92.2589,-92.2905,-92.3230,-92.3561,-92.3894,-92.4225,-92.4552,-92.4873,-92.5159,-92.4885,-92.4362,-92.3847,-92.3408,-92.3041,-92.2306,-92.1313,-92.0263,-91.9176,-91.8151,-91.7262,-91.6540,-91.5993,-91.5515,-91.4683,-91.3795,-91.3022,-91.2419,-91.2002,-91.1764,-91.1690,-91.1760,-91.1954,-91.2251,-91.2634,-91.3087,-91.3595,-91.4146,-91.4728,-91.5332,-91.5951,-91.6576,-91.7202,-91.7825,-91.8440,-91.9044,-91.9634,-92.0208,-92.0765,-92.1302,-92.1819,-92.2316,-92.2791,-92.3246,-92.3679,-92.4092,-92.4485,-92.4857,-92.5210,-92.5544,-92.5859,-92.6157,-92.6439,-92.6704,-92.6953,-92.7189,-92.7410,-92.7618,-92.7813,-92.7997,-92.8170,-92.8332,-92.8484,-92.8626,-92.8760,-92.8886,-92.9004,-92.9115,-92.9220,-92.9317,-92.9409,-92.9496,-92.9577,-92.9654,-92.9726,-92.9793,-92.9857,-92.9918,-92.9975,-93.0029,-93.0079,-93.0128,-93.0173,-93.0217,-93.0258,-93.0297,-93.0334,-93.0370,-93.0404,-93.0436,-93.0467,-93.0497,-93.0525,-93.0552,-93.0579,-93.0604,-93.0629,-93.0652,-93.0675,-93.0697,-93.0718,-93.0739,-93.0759,-93.0779,-93.0798,-93.0817,-93.0835,-93.0853,-93.0870,-93.0888,-93.0904,-93.0921,-93.0937,-93.0953,-93.0966,-93.0365,-92.9423,-92.8517,-92.7726,-92.7068,-92.6543,-92.6139,-92.5843,-92.5641,-92.5519,-92.5465,-92.5467,-92.5516,-92.5603,-92.5720,-92.5862,-92.6023,-92.6198,-92.6384,-92.6577,-92.6774,-92.6973,-92.7172,-92.7370,-92.7564,-92.7756,-92.7942,-92.8123,-92.8298,-92.8467,-92.8564,-92.8433,-92.8117,-92.7723,-92.7325,-92.6965,-92.6660,-92.6416,-92.6233,-92.6107,-92.6033,-92.6005,-92.6017,-92.6063,-92.6093,-92.5926,-92.5611,-92.5235,-92.4857,-92.4517,-92.4232,-92.4014,-92.3863,-92.3776,-92.3749,-92.3776,-92.3849,-92.3962,-92.4109,-92.4283,-92.4480,-92.4694,-92.4919,-92.5080,-92.3779,-92.1965,-92.0482,-91.9348,-91.8515,-91.7932,-91.7555,-91.7348,-91.7279,-91.7325,-91.7465,-91.7682,-91.7961,-91.8290,-91.8658,-91.9056,-91.9318,-91.9047,-91.7467,-91.5015,-91.2536,-91.0357,-90.8569,-90.7178,-90.6153,-90.5454,-90.5038,-90.4854,-90.4717,-90.4523,-90.4337,-90.4230,-90.4239,-90.4376,-90.4640,-90.5019,-90.5501,-90.6069,-90.6710,-90.7409,-90.8154,-90.8933,-90.9737,-91.0555,-91.1380,-91.2206,-91.3026,-91.3836,-91.4631,-91.5408,-91.6165,-91.6899,-91.7609,-91.8292,-91.8949,-91.9580,-92.0182,-92.0758,-92.1233,-92.1260,-92.1065,-92.0825,-92.0616,-92.0469,-92.0395,-92.0392,-92.0310,-91.9981,-91.9531,-91.9069,-91.8659,-91.8332,-91.8100,-91.7964,-91.7919,-91.7955,-91.8064,-91.8234,-91.8456,-91.8721,-91.9020,-91.9347,-91.9695,-92.0057,-92.0430,-92.0808,-92.1189,-92.1569,-92.1945,-92.2316,-92.2679,-92.3034,-92.3379,-92.3713,-92.4035,-92.4337,-92.4376,-92.4149,-92.3816,-92.3463,-92.3136,-92.2857,-92.2637,-92.2479,-92.2382,-92.2342,-92.2355,-92.2413,-92.2510,-92.2642,-92.2801,-92.2984,-92.3184,-92.3399,-92.3341,-92.2811,-92.2141,-92.1513,-92.1006,-92.0642,-92.0415,-92.0310,-92.0308,-92.0389,-92.0537,-92.0738,-92.0978,-92.1250,-92.1543,-92.1853,-92.2173,-92.2498,-92.2826,-92.3153,-92.2797,-92.1292,-92.0109,-91.9304,-91.8811,-91.8557,-91.8485,-91.8508,-91.8072,-91.7496,-91.6999,-91.6628,-91.6392,-91.5803,-91.4890,-91.4031,-91.3251,-91.2552,-91.1945,-91.0858,-90.9605,-90.8510,-90.7561,-90.6455,-90.5254,-90.3886,-90.1828,-89.9941,-89.8415,-89.7271,-89.6486,-89.6024,-89.5845,-89.5912,-89.6189,-89.6642,-89.7244,-89.7967,-89.8789,-89.9689,-90.0650,-90.1656,-90.2693,-90.3744,-90.4685,-90.5149,-90.4980,-90.4630,-90.4298,-90.4072,-90.3987,-90.4049,-90.4252,-90.4580,-90.5017,-90.5546,-90.6148,-90.6810,-90.7518,-90.8260,-90.9025,-90.9805,-91.0591,-91.1378,-91.2160,-91.2931,-91.3689,-91.4429,-91.5150,-91.5850,-91.6526,-91.7178,-91.7281,-91.6601,-91.5948,-91.5488,-91.5231,-91.5148,-91.5205,-91.5373,-91.5626,-91.5945,-91.6313,-91.6717,-91.7146,-91.7592,-91.7854,-91.7605,-91.7013,-91.6303,-91.5451,-91.4299,-91.3160,-91.2165,-91.1350,-91.0724,-91.0276,-90.9993,-90.9858,-90.9853,-90.9962,-91.0168,-91.0457,-91.0815,-91.1230,-91.1692,-91.2191,-91.2718,-91.3265,-91.3827,-91.4396,-91.4969,-91.5540,-91.6107,-91.6666,-91.7215,-91.7751,-91.8272,-91.8742,-91.8298,-91.7548,-91.6895,-91.6420,-91.6129,-91.6001,-91.6009,-91.6127,-91.6333,-91.6605,-91.6928,-91.7288,-91.7588,-91.7327,-91.6860,-91.6448,-91.6152,-91.5979,-91.5917,-91.5952,-91.6070,-91.6257,-91.6502,-91.6793,-91.7120,-91.7476,-91.7853,-91.8245,-91.8647,-91.9054,-91.9463,-91.9871,-92.0274,-92.0670,-92.1058,-92.1437,-92.1804,-92.2160,-92.2504,-92.2835,-92.3152,-92.3457,-92.3749,-92.4027,-92.4293,-92.4546,-92.4787,-92.5016,-92.5234,-92.5440,-92.5636,-92.5822,-92.5998,-92.6165,-92.6268,-92.5645,-92.4519,-92.2436,-92.0296,-91.8404,-91.6830,-91.5573,-91.4606,-91.3896,-91.3408,-91.3108,-91.2967,-91.2960,-91.3064,-91.3261,-91.3533,-91.3866,-91.4248,-91.4669,-91.5119,-91.5591,-91.6078,-91.6575,-91.7007,-91.7066,-91.6832,-91.6511,-91.6222,-91.6017,-91.5910,-91.5897,-91.5968,-91.6112,-91.6317,-91.6571,-91.6865,-91.7191,-91.7541,-91.7909,-91.8290,-91.8678,-91.9071,-91.9464,-91.9855,-92.0242,-92.0622,-92.0856,-92.0315,-91.9670,-91.9121,-91.8702,-91.8412,-91.8239,-91.8168,-91.8185,-91.8276,-91.8428,-91.8629,-91.8869,-91.9141,-91.9437,-91.9750,-92.0075,-92.0409,-92.0746,-92.1083,-92.1419,-92.1752,-92.2078,-92.2397,-92.2708,-92.3009,-92.3301,-92.3583,-92.3854,-92.4114,-92.4364,-92.4602,-92.4830,-92.5048,-92.5256,-92.5453,-92.5641,-92.5820,-92.5989,-92.6150,-92.6303,-92.6448,-92.6586,-92.6716,-92.6840,-92.6958,-92.7069,-92.7174,-92.7275,-92.7370,-92.7460,-92.7546,-92.7627,-92.7705,-92.7779,-92.7849,-92.7916,-92.7980,-92.8042,-92.8100,-92.8156,-92.8209,-92.8261,-92.8310,-92.8357,-92.8403,-92.8447,-92.8489,-92.8530,-92.8570,-92.8608,-92.8645,-92.8681,-92.8716,-92.8749,-92.8782,-92.8815,-92.8846,-92.8877,-92.8906,-92.8936,-92.8964,-92.8992,-92.9020,-92.9047,-92.9073,-92.9099,-92.9125,-92.9150,-92.9175,-92.9200,-92.9224,-92.9248,-92.9272,-92.9295,-92.9318,-92.9341,-92.9363,-92.9386,-92.9408,-92.9430,-92.9451,-92.9473,-92.9494,-92.9515,-92.9536,-92.9538,-92.9431,-92.9200,-92.8883,-92.8521,-92.8147,-92.7785,-92.7450,-92.7066,-92.6271,-92.5141,-92.3903,-92.2708,-92.1633,-92.0711,-91.9952,-91.9325,-91.8684,-91.8012,-91.7368,-91.6795,-91.6318,-91.5948,-91.5681,-91.5217,-91.4396,-91.3509,-91.2735,-91.2141,-91.1737,-91.1274,-91.0644,-91.0092,-90.9670,-90.9055,-90.7587,-90.6211,-90.5187,-90.4528,-90.4184,-90.3728,-90.3100,-90.2577,-90.2234,-90.2088,-90.2130,-90.2342,-90.2700,-90.3182,-90.3767,-90.4434,-90.5165,-90.5946,-90.6762,-90.7602,-90.8457,-90.9316,-91.0174,-91.1025,-91.1862,-91.2683,-91.3484,-91.4262,-91.5016,-91.5743,-91.6442,-91.7114,-91.7758,-91.8372,-91.8959,-91.9517,-92.0048,-92.0552,-92.1030,-92.1483,-92.1760,-92.1663,-92.1383,-92.1050,-92.0716,-92.0366,-91.9997,-91.9465,-91.8667,-91.7744,-91.6834,-91.6021,-91.5346,-91.4821,-91.4442,-91.4198,-91.4002,-91.3691,-91.3299,-91.2917,-91.2607,-91.2396,-91.2292,-91.2291,-91.2384,-91.2562,-91.2811,-91.3123,-91.3485,-91.3889,-91.4325,-91.4716,-91.4932,-91.5015,-91.5048,-91.5085,-91.5156,-91.5274,-91.5440,-91.5653,-91.5908,-91.6199,-91.6475,-91.6477,-91.6306,-91.6091,-91.5895,-91.5751,-91.5673,-91.5665,-91.5706,-91.5248,-91.4432,-91.3245,-91.1966,-91.0428,-90.8878,-90.7530,-90.6441,-90.5616,-90.5036,-90.4677,-90.4509,-90.4348,-90.4118,-90.3895,-90.3736,-90.3675,-90.3725,-90.3887,-90.4155,-90.4521,-90.4972,-90.5495,-90.6079,-90.6713,-90.7384,-90.8084,-90.8805,-90.9537,-91.0276,-91.1014,-91.1747,-91.2471,-91.3183,-91.3251,-91.2528,-91.1862,-91.1432,-91.1241,-91.1248,-91.1410,-91.1689,-91.2056,-91.2487,-91.2966,-91.3477,-91.4010,-91.4556,-91.5108,-91.5660,-91.6208,-91.6747,-91.7276,-91.7792,-91.8294,-91.8779,-91.9248,-91.9698,-92.0131,-92.0546,-92.0943,-92.1322,-92.1683,-92.2027,-92.2354,-92.2665,-92.2960,-92.3239,-92.3504,-92.3755,-92.3993,-92.4218,-92.4430,-92.4631,-92.4821,-92.5001,-92.5171,-92.5331,-92.5483,-92.5627,-92.5763,-92.5892,-92.6014,-92.6110,-92.5973,-92.5576,-92.5004,-92.4282,-92.3483,-92.2680,-92.1926,-92.1252,-92.0675,-92.0201,-91.9828,-91.9493,-91.9067,-91.8581,-91.8098,-91.7657,-91.7282,-91.6983,-91.6765,-91.6625,-91.6533,-91.6214,-91.5720,-91.5203,-91.4744,-91.4381,-91.4125,-91.3979,-91.3934,-91.3982,-91.4112,-91.4312,-91.4571,-91.4881,-91.5231,-91.5613,-91.6019,-91.6444,-91.6882,-91.6700,-91.5883,-91.5102,-91.4507,-91.4119,-91.3922,-91.3884,-91.3976,-91.4172,-91.4437,-91.4616,-91.4650,-91.4602,-91.4532,-91.4480,-91.4470,-91.4514,-91.4614,-91.4769,-91.4975,-91.5227,-91.5517,-91.5840,-91.6189,-91.6559,-91.6945,-91.7342,-91.7746,-91.8153,-91.8560,-91.8965,-91.9365,-91.9759,-92.0144,-92.0519,-92.0885,-92.1239,-92.1581,-92.1911,-92.2228,-92.2533,-92.2825,-92.3105,-92.3372,-92.3627,-92.3871,-92.4103,-92.4323,-92.4457,-92.4278,-92.3186,-92.1862,-92.0599,-91.9480,-91.8529,-91.7748,-91.7129,-91.6660,-91.6326,-91.6112,-91.6003,-91.5985,-91.6045,-91.6172,-91.6355,-91.6584,-91.6851,-91.7148,-91.7468,-91.7807,-91.8159,-91.8518,-91.8671,-91.8385,-91.7959,-91.7570,-91.7275,-91.7083,-91.6987,-91.6977,-91.7039,-91.7164,-91.7340,-91.7558,-91.7811,-91.8091,-91.8367,-91.8349,-91.8097,-91.7766,-91.7446,-91.7185,-91.7003,-91.6907,-91.6892,-91.6951,-91.7074,-91.7253,-91.7477,-91.7738,-91.8029,-91.8342,-91.8672,-91.9013,-91.9363,-91.9714,-91.9787,-91.8859,-91.7619,-91.6469,-91.5501,-91.4730,-91.4146,-91.3732,-91.3469,-91.3338,-91.3322,-91.3403,-91.3567,-91.3801,-91.4093,-91.4433,-91.4810,-91.5217,-91.5647,-91.6093,-91.6550,-91.7013,-91.7477,-91.7940,-91.8399,-91.8851,-91.8932,-91.8117,-91.7283,-91.6646,-91.6225,-91.5994,-91.5917,-91.5964,-91.6109,-91.6330,-91.6609,-91.6933,-91.7255,-91.7368,-91.7288,-91.7128,-91.6824,-91.6377,-91.5874,-91.5386,-91.4960,-91.4618,-91.4371,-91.4220,-91.4162,-91.4189,-91.4292,-91.4463,-91.4692,-91.4971,-91.5290,-91.5640,-91.5982,-91.6265,-91.6480,-91.6642,-91.6662,-91.6482,-91.6183,-91.5845,-91.5520,-91.5241,-91.5025,-91.4880,-91.4807,-91.4805,-91.4869,-91.4902,-91.4291,-91.2295,-91.0162,-90.8458,-90.7196,-90.6326,-90.5785,-90.5517,-90.5470,-90.5604,-90.5878,-90.6123,-90.6253,-90.6333,-90.6428,-90.6574,-90.6788,-90.7074,-90.7430,-90.7850,-90.8325,-90.8846,-90.9405,-90.9994,-91.0604,-91.1230,-91.1865,-91.2503,-91.3141,-91.3774,-91.4399,-91.5013,-91.5613,-91.6198,-91.6767,-91.7317,-91.7849,-91.8361,-91.8854,-91.9326,-91.9778,-92.0211,-92.0623,-92.1017,-92.1391,-92.1747,-92.2086,-92.2407,-92.2711,-92.3000,-92.3273,-92.3532,-92.3777,-92.4009,-92.4228,-92.4435,-92.4631,-92.4816,-92.4991,-92.5156,-92.5310,-92.5454,-92.5589,-92.5716,-92.5835,-92.5518,-92.4545,-92.3635,-92.2885,-92.2293,-92.1845,-92.1345,-92.0414,-91.9466,-91.8638,-91.7961,-91.7439,-91.7061,-91.6815,-91.6686,-91.6657,-91.6715,-91.6845,-91.7036,-91.7275,-91.6867,-91.5784,-91.4826,-91.4133,-91.3330,-91.2477,-91.1594,-91.0691,-90.9851,-90.9135,-90.8573,-90.8174,-90.7935,-90.7846,-90.7892,-90.8057,-90.8324,-90.8679,-90.9107,-90.9593,-91.0127,-91.0698,-91.1296,-91.1880,-91.2273,-91.2455,-91.2523,-91.2557,-91.2604,-91.2143,-91.1356,-91.0626,-91.0049,-90.9646,-90.9410,-90.9326,-90.9374,-90.9535,-90.9791,-91.0125,-91.0499,-91.0602,-91.0485,-91.0308,-91.0161,-91.0088,-91.0107,-91.0220,-91.0420,-91.0698,-91.1043,-91.1442,-91.1884,-91.2361,-91.2863,-91.3383,-91.3914,-91.4451,-91.4988,-91.5522,-91.6050,-91.6568,-91.7075,-91.7568,-91.8047,-91.8485,-91.8585,-91.8318,-91.7904,-91.7493,-91.7153,-91.6907,-91.6756,-91.6692,-91.6704,-91.6781,-91.6912,-91.7087,-91.7298,-91.7538,-91.7801,-91.8081,-91.8373,-91.8674,-91.8980,-91.9288,-91.9596,-91.9901,-92.0201,-92.0391,-92.0381,-92.0236,-91.9783,-91.8813,-91.7571,-91.6218,-91.4806,-91.3412,-91.2108,-91.0942,-90.9940,-90.9116,-90.8469,-90.7710,-90.6744,-90.5840,-90.5086,-90.4510,-90.4116,-90.3895,-90.3833,-90.3913,-90.4118,-90.4430,-90.4832,-90.5308,-90.5846,-90.6432,-90.7055,-90.7706,-90.8375,-90.9057,-90.9743,-91.0430,-91.1112,-91.1785,-91.2446,-91.3093,-91.3723,-91.4334,-91.4906,-91.5303,-91.5472,-91.4636,-91.3112,-91.1497,-90.9999,-90.8705,-90.7648,-90.6827,-90.6039,-90.4990,-90.3944,-90.3067,-90.2302,-90.1189,-89.9476,-89.7749,-89.6266,-89.5118,-89.4318,-89.3844,-89.3659,-89.3722,-89.3994,-89.4295,-89.4049,-89.3788,-89.3683,-89.3762,-89.4017,-89.4431,-89.4981,-89.5645,-89.6345,-89.6606,-89.5887,-89.4965,-89.4106,-89.3403,-89.2894,-89.2590,-89.2485,-89.2565,-89.2811,-89.3204,-89.3724,-89.4352,-89.5069,-89.5861,-89.6710,-89.7605,-89.8534,-89.9485,-90.0450,-90.1421,-90.2391,-90.3354,-90.4272,-90.4451,-90.4301,-90.4194,-90.4213,-90.4366,-90.4639,-90.5012,-90.5466,-90.5984,-90.6551,-90.7155,-90.7784,-90.8430,-90.9084,-90.9740,-91.0394,-91.1040,-91.1676,-91.2297,-91.2903,-91.3491,-91.4060,-91.4609,-91.5138,-91.5646,-91.5810,-91.4966,-91.3525,-91.2071,-91.0572,-90.8601,-90.6931,-90.5658,-90.4746,-90.4144,-90.3800,-90.3670,-90.3717,-90.3907,-90.4216,-90.4621,-90.5102,-90.5644,-90.6233,-90.6858,-90.7481,-90.7914,-90.7792,-90.7321,-90.6778,-90.6285,-90.5896,-90.5631,-90.5494,-90.5479,-90.5578,-90.5767,-90.5806,-90.5717,-90.5618,-90.5558,-90.5560,-90.5634,-90.5783,-90.6004,-90.6293,-90.6643,-90.7048,-90.7498,-90.7988,-90.8508,-90.9053,-90.9616,-91.0192,-91.0774,-91.1359,-91.1943,-91.2522,-91.3069,-91.3415,-91.3532,-91.3516,-91.3457,-91.3406,-91.3392,-91.3408,-91.3278,-91.2948,-91.2524,-91.2106,-91.1752,-91.1491,-91.1331,-91.1270,-91.1300,-91.1411,-91.1537,-91.1390,-91.1107,-91.0813,-91.0564,-91.0387,-91.0292,-91.0281,-91.0350,-91.0492,-91.0700,-91.0964,-91.1276,-91.1628,-91.2011,-91.2420,-91.2848,-91.3289,-91.3738,-91.4192,-91.4647,-91.5100,-91.4754,-91.3633,-91.2736,-91.2123,-91.1757,-91.1593,-91.1587,-91.1703,-91.1914,-91.1946,-91.1530,-91.1060,-91.0660,-91.0366,-91.0187,-91.0119,-91.0152,-91.0274,-91.0472,-91.0734,-91.1050,-91.1408,-91.1800,-91.2217,-91.2654,-91.3103,-91.3560,-91.4020,-91.4481,-91.4937,-91.5263,-91.5243,-91.5028,-91.4748,-91.4483,-91.4272,-91.4135,-91.4074,-91.4087,-91.4168,-91.4307,-91.4496,-91.4727,-91.4955,-91.4978,-91.4809,-91.4575,-91.4025,-91.2536,-91.1073,-90.9911,-90.9075,-90.8526,-90.8211,-90.8087,-90.8116,-90.8268,-90.8519,-90.8847,-90.9214,-90.9432,-90.9463,-90.9399,-90.9324,-90.9287,-90.9313,-90.9409,-90.9574,-90.9804,-91.0092,-91.0429,-91.0808,-91.1221,-91.1660,-91.2119,-91.2592,-91.3075,-91.3562,-91.4050,-91.4536,-91.5016,-91.5489,-91.5952,-91.6404,-91.6844,-91.7270,-91.7682,-91.8080,-91.8462,-91.8830,-91.9182,-91.9519,-91.9841,-92.0149,-92.0442,-92.0721,-92.0732,-92.0233,-91.9562,-91.8909,-91.8362,-91.7947,-91.7662,-91.7494,-91.7425,-91.7438,-91.7517,-91.7649,-91.7822,-91.8026,-91.8256,-91.8503,-91.8763,-91.9031,-91.9305,-91.9580,-91.9856,-92.0130,-92.0399,-92.0664,-92.0923,-92.1175,-92.1420,-92.1645,-92.1760,-92.1745,-92.1641,-92.1485,-92.1308,-92.1132,-92.0971,-92.0834,-92.0728,-92.0655,-92.0615,-92.0606,-92.0628,-92.0676,-92.0749,-92.0844,-92.0956,-92.1042,-92.1016,-92.0885,-92.0687,-92.0461,-92.0235,-92.0028,-91.9854,-91.9718,-91.9623,-91.9570,-91.9557,-91.9580,-91.9638,-91.9725,-91.9838,-91.9973,-92.0127,-92.0296,-92.0478,-92.0669,-92.0868,-92.1071,-92.1278,-92.1486,-92.1695,-92.1902,-92.2107,-92.2309,-92.2507,-92.2701,-92.2889,-92.3073,-92.3250,-92.3422,-92.3588,-92.3748,-92.3902,-92.4050,-92.4192,-92.4328,-92.4459,-92.4584,-92.4658,-92.4172,-92.3441,-92.2704,-92.2037,-92.1466,-92.0998,-92.0631,-92.0356,-92.0166,-92.0048,-91.9994,-91.9994,-92.0040,-92.0124,-92.0240,-92.0381,-92.0543,-92.0721,-92.0912,-92.1111,-92.1317,-92.1526,-92.1737,-92.1948,-92.2158,-92.2365,-92.2568,-92.2767,-92.2670,-92.2129,-92.1474,-92.0869,-92.0368,-91.9980,-91.9699,-91.9513,-91.9410,-91.9376,-91.9402,-91.9477,-91.9593,-91.9742,-91.9918,-92.0115,-92.0328,-92.0554,-92.0788,-92.1027,-92.1270,-92.1513,-92.1756,-92.1995,-92.2232,-92.2463,-92.2689,-92.2908,-92.3121,-92.3327,-92.3525,-92.3716,-92.3900,-92.4076,-92.4245,-92.4406,-92.4560,-92.4707,-92.4847,-92.4981,-92.5108,-92.5214,-92.5250,-92.5193,-92.4948,-92.4119,-92.3017,-92.1899,-92.0889,-92.0038,-91.9356,-91.8833,-91.8452,-91.8196,-91.8046,-91.7986,-91.8000,-91.8037,-91.7936,-91.7539,-91.6858,-91.5843,-91.4444,-91.2582,-91.0250,-90.8071,-90.6085,-90.4185,-90.2102,-89.9833,-89.7710,-89.5913,-89.4496,-89.3456,-89.2762,-89.2372,-89.2054,-89.1112,-88.9975,-88.8993,-88.8281,-88.7802,-88.6809,-88.5164,-88.3148,-88.1127,-87.9338,-87.7893,-87.6828,-87.6137,-87.5797,-87.5772,-87.6029,-87.6529,-87.7239,-87.8127,-87.9165,-88.0326,-88.1588,-88.2929,-88.4300,-88.5291,-88.5627,-88.5520,-88.5291,-88.5083,-88.4971,-88.4995,-88.5170,-88.5498,-88.5971,-88.6577,-88.7300,-88.8126,-88.9038,-89.0021,-89.1061,-89.2144,-89.3260,-89.4396,-89.5545,-89.6697,-89.7846,-89.8984,-90.0079,-90.0986,-90.1688,-90.2232,-90.2483,-90.2416,-90.1759,-90.0776,-89.9719,-89.8737,-89.7909,-89.7263,-89.6551,-89.5367,-89.3990,-89.2685,-89.1583,-89.0733,-89.0098,-88.9592,-88.8931,-88.7739,-88.6591,-88.5676,-88.5040,-88.4652,-88.4335,-88.4057,-88.3712,-88.3290,-88.2916,-88.2661,-88.2558,-88.2618,-88.2628,-88.1949,-88.1369,-88.1053,-88.1010,-88.1214,-88.1634,-88.2237,-88.2993,-88.3816,-88.4519,-88.5159,-88.5799,-88.6472,-88.7194,-88.7967,-88.8793,-88.9666,-89.0581,-89.1448,-89.1959,-89.1840,-89.1098,-89.0190,-88.9319,-88.8564,-88.7835,-88.7118,-88.6479,-88.5974,-88.5631,-88.5341,-88.4987,-88.4640,-88.4380,-88.4255,-88.4283,-88.4469,-88.4802,-88.5246,-88.5493,-88.5480,-88.5402,-88.5377,-88.5327,-88.5227,-88.5074,-88.4645,-88.3853,-88.2976,-88.2187,-88.1570,-88.1163,-88.0970,-88.0981,-88.1135,-88.0751,-88.0060,-87.9450,-87.9028,-87.8813,-87.8797,-87.8965,-87.8962,-87.8506,-87.8122,-87.7952,-87.7972,-87.8077,-87.8242,-87.8487,-87.8832,-87.9289,-87.9861,-88.0544,-88.1329,-88.2206,-88.3107,-88.3615,-88.3668,-88.3342,-88.2760,-88.2133,-88.1512,-88.0632,-87.9721,-87.8954,-87.8404,-87.8092,-87.8015,-87.8156,-87.8494,-87.9003,-87.9661,-88.0444,-88.1333,-88.2308,-88.3324,-88.4256,-88.4417,-88.3957,-88.3508,-88.3222,-88.3138,-88.3257,-88.3563,-88.4034,-88.4645,-88.5375,-88.6201,-88.7013,-88.7600,-88.8052,-88.8492,-88.8980,-88.9538,-89.0168,-89.0866,-89.1622,-89.2155,-89.1957,-89.1337,-89.0667,-89.0099,-88.9692,-88.9462,-88.9407,-88.9515,-88.9769,-89.0153,-89.0647,-89.1235,-89.1901,-89.2632,-89.3413,-89.4235,-89.5085,-89.5930,-89.6649,-89.7218,-89.7677,-89.7861,-89.7555,-89.6998,-89.6364,-89.5733,-89.4725,-89.3463,-89.2090,-89.0742,-88.9490,-88.8151,-88.6683,-88.5059,-88.3430,-88.1929,-88.0634,-87.9357,-87.7976,-87.6717,-87.5687,-87.4926,-87.4441,-87.4207,-87.3941,-87.3550,-87.3225,-87.3088,-87.3176,-87.3443,-87.3802,-87.4235,-87.4626,-87.4678,-87.4535,-87.3923,-87.3257,-87.2772,-87.2348,-87.1848,-87.1435,-87.1199,-87.1177,-87.1379,-87.1794,-87.2401,-87.3179,-87.4101,-87.5146,-87.6292,-87.7518,-87.8777,-87.9744,-88.0299,-88.0625,-88.0872,-88.1134,-88.1316,-88.1190,-88.0952,-88.0602,-88.0219,-87.9796,-87.9221,-87.8642,-87.8196,-87.7943,-87.7903,-87.8034,-87.8179,-87.8303,-87.8454,-87.8678,-87.8935,-87.9128,-87.9290,-87.9409,-87.9361,-87.9215,-87.8808,-87.8144,-87.7242,-87.5744,-87.4091,-87.2531,-87.1017,-86.9415,-86.7793,-86.6215,-86.4513,-86.2816,-86.1301,-86.0050,-85.9095,-85.8441,-85.8078,-85.7989,-85.8155,-85.8550,-85.9152,-85.9937,-86.0883,-86.1903,-86.2871,-86.3789,-86.4182,-86.4231,-86.4315,-86.4541,-86.4939,-86.5511,-86.6245,-86.7125,-86.8132,-86.9248,-87.0455,-87.1738,-87.3082,-87.4459,-87.5603,-87.6485,-87.7210,-87.7847,-87.8450,-87.9053,-87.9683,-88.0354,-88.1074,-88.1845,-88.2668,-88.3539,-88.4452,-88.5403,-88.6383,-88.7388,-88.8411,-88.9445,-89.0485,-89.1445,-89.1979,-89.1822,-89.1284,-89.0678,-89.0094,-88.9557,-88.9105,-88.8766,-88.8558,-88.8482,-88.8536,-88.8712,-88.9000,-88.9388,-88.9864,-89.0417,-89.1036,-89.1710,-89.2430,-89.3005,-89.3006,-89.2726,-89.2371,-89.1779,-89.0439,-88.9168,-88.8137,-88.7366,-88.6844,-88.6547,-88.6449,-88.6525,-88.6754,-88.7114,-88.7586,-88.8133,-88.8663,-88.9137,-88.9569,-88.9852,-88.9902,-88.9833,-88.9576,-88.9090,-88.8147,-88.6716,-88.5033,-88.3314,-88.1611,-87.9907,-87.8282,-87.6818,-87.5565,-87.4549,-87.3776,-87.3242,-87.2937,-87.2842,-87.2942,-87.3217,-87.3649,-87.4220,-87.4634,-87.4525,-87.4171,-87.3789,-87.3426,-87.2810,-87.2144,-87.1604,-87.1275,-87.1184,-87.1274,-87.1156,-87.1016,-87.1005,-87.1118,-87.0710,-87.0191,-86.9742,-86.9277,-86.8520,-86.7357,-86.6012,-86.4698,-86.3551,-86.2632,-86.1924,-86.1407,-86.1075,-86.0927,-86.0962,-86.1174,-86.1554,-86.2089,-86.2764,-86.3564,-86.4473,-86.5455,-86.6154,-86.6640,-86.7099,-86.7618,-86.8235,-86.8965,-86.9767,-87.0394,-87.0950,-87.1529,-87.2172,-87.2895,-87.3696,-87.4532,-87.5358,-87.6038,-87.5957,-87.5217,-87.3978,-87.2581,-87.1283,-87.0212,-86.9414,-86.8897,-86.8622,-86.8295,-86.7969,-86.7702,-86.7239,-86.6534,-86.5478,-86.4203,-86.2931,-86.1806,-86.0900,-86.0241,-85.9744,-85.9262,-85.8834,-85.8538,-85.8420,-85.8499,-85.8773,-85.9234,-85.9692,-85.9892,-86.0098,-86.0416,-86.0882,-86.1505,-86.2282,-86.3204,-86.4257,-86.5424,-86.6672,-86.7888,-86.9022,-87.0097,-87.1148,-87.2205,-87.3287,-87.4405,-87.5562,-87.6733,-87.7747,-87.8561,-87.9177,-87.9638,-88.0017,-88.0377,-88.0762,-88.1198,-88.1700,-88.2273,-88.2913,-88.3618,-88.4380,-88.5152,-88.5852,-88.6466,-88.7020,-88.7544,-88.8064,-88.8596,-88.9147,-88.9684,-89.0155,-89.0553,-89.0890,-89.1187,-89.1465,-89.1739,-89.2022,-89.2227,-89.2226,-89.2088,-89.1908,-89.1642,-89.0486,-88.9181,-88.8078,-88.7256,-88.6711,-88.6413,-88.6041,-88.5274,-88.4403,-88.3586,-88.2902,-88.2388,-88.2057,-88.1907,-88.1929,-88.2108,-88.2428,-88.2738,-88.2936,-88.3103,-88.3291,-88.3528,-88.3826,-88.4189,-88.4618,-88.5070,-88.5408,-88.5637,-88.5825,-88.6026,-88.6273,-88.6582,-88.6960,-88.7410,-88.7926,-88.8505,-88.9140,-88.9821,-89.0346,-89.0671,-89.0939,-89.1211,-89.1517,-89.1872,-89.2277,-89.2631,-89.2842,-89.2955,-89.3037,-89.3085,-89.3001,-89.2815,-89.2600,-89.2212,-89.1477,-89.0157,-88.8281,-88.6548,-88.5183,-88.4197,-88.3548,-88.3188,-88.3076,-88.3173,-88.3448,-88.3874,-88.4425,-88.5082,-88.5826,-88.6637,-88.7305,-88.7214,-88.6510,-88.5638,-88.4833,-88.4193,-88.3748,-88.3461,-88.3146,-88.2796,-88.2487,-88.2278,-88.2201,-88.2269,-88.2481,-88.2829,-88.3301,-88.3885,-88.4564,-88.5289,-88.5822,-88.6176,-88.6490,-88.6845,-88.7275,-88.7790,-88.8386,-88.9053,-88.9762,-89.0367,-89.0848,-89.1261,-89.1656,-89.2066,-89.2505,-89.2894,-89.3120,-89.3237,-89.3323,-89.3433,-89.3596,-89.3813,-89.4009,-89.4148,-89.4254,-89.4359,-89.4490,-89.4667,-89.4899,-89.5188,-89.5433,-89.5546,-89.5252,-89.4381,-89.3212,-89.1824,-89.0344,-88.8914,-88.7630,-88.6547,-88.5689,-88.5063,-88.4661,-88.4470,-88.4472,-88.4646,-88.4974,-88.5436,-88.6013,-88.6687,-88.7388,-88.7977,-88.8458,-88.8885,-88.9301,-88.9737,-89.0211,-89.0730,-89.1298,-89.1910,-89.2200,-89.2099,-89.1915,-89.1806,-89.1836,-89.2020,-89.2339,-89.2379,-89.1955,-89.1326,-89.0547,-88.9326,-88.7843,-88.6249,-88.4264,-88.2276,-88.0356,-87.8266,-87.6510,-87.5174,-87.4171,-87.3335,-87.2544,-87.1756,-87.1074,-87.0556,-87.0231,-87.0104,-87.0108,-86.9898,-86.9435,-86.8949,-86.8576,-86.8381,-86.8304,-86.7876,-86.7193,-86.6524,-86.6020,-86.5720,-86.5595,-86.5337,-86.4607,-86.3453,-86.2425,-86.1660,-86.1129,-86.0550,-86.0032,-85.9691,-85.9580,-85.9715,-86.0092,-86.0550,-86.0691,-86.0692,-86.0674,-86.0713,-86.0828,-86.1025,-86.0918,-86.0607,-86.0350,-86.0217,-86.0112,-86.0022,-86.0000,-86.0091,-86.0321,-86.0700,-86.1229,-86.1734,-86.1811,-86.1778,-86.1873,-86.2058,-86.1876,-86.1236,-86.0631,-86.0240,-86.0116,-86.0261,-86.0660,-86.1287,-86.2109,-86.2184,-86.1933,-86.1936,-86.2285,-86.2951,-86.3876,-86.4906,-86.5704,-86.6426,-86.6759,-86.6495,-86.6286,-86.6364,-86.6744,-86.7385,-86.8239,-86.8733,-86.8726,-86.8593,-86.8279,-86.7328,-86.6301,-86.5451,-86.4652,-86.3800,-86.3109,-86.2657,-86.2463,-86.2521,-86.2809,-86.3289,-86.3490,-86.3581,-86.3792,-86.4179,-86.4750,-86.5492,-86.6388,-86.7418,-86.8564,-86.9807,-87.1110,-87.2220,-87.3192,-87.4135,-87.5093,-87.6087,-87.7118,-87.8115,-87.9034,-87.9806,-87.9821,-87.9573,-87.9085,-87.8103,-87.6840,-87.5648,-87.4686,-87.3675,-87.2652,-87.1770,-87.0997,-87.0288,-86.9643,-86.9098,-86.8689,-86.8437,-86.8355,-86.8447,-86.8707,-86.9129,-86.9700,-87.0348,-87.0681,-87.0840,-87.1038,-87.1372,-87.1872,-87.2534,-87.3342,-87.4275,-87.5313,-87.6390,-87.7318,-87.8099,-87.8816,-87.9531,-88.0281,-88.1086,-88.1949,-88.2871,-88.3845,-88.4863,-88.5917,-88.6958,-88.7301,-88.6920,-88.6358,-88.5845,-88.5275,-88.4683,-88.4196,-88.3849,-88.3214,-88.2171,-88.1064,-88.0074,-87.9283,-87.8717,-87.8380,-87.8260,-87.8334,-87.8476,-87.8585,-87.8687,-87.8831,-87.9036,-87.9215,-87.9330,-87.9416,-87.9522,-87.9683,-87.9924,-88.0159,-88.0290,-88.0363,-88.0229,-87.9687,-87.9048,-87.8530,-87.7944,-87.6809,-87.5358,-87.3892,-87.2602,-87.1397,-87.0101,-86.8900,-86.7951,-86.7317,-86.6141,-86.4027,-86.1692,-85.9930,-85.8826,-85.8163,-85.7333,-85.6662,-85.6309,-85.6305,-85.6629,-85.7244,-85.8109,-85.9182,-86.0428,-86.1813,-86.3030,-86.3955,-86.4444,-86.3401,-86.2375,-86.1660,-86.1281,-86.1218,-86.1437,-86.1903,-86.2584,-86.3447,-86.4465,-86.5559,-86.6550,-86.7432,-86.8276,-86.9000,-86.9606,-87.0193,-87.0816,-87.1504,-87.2270,-87.3119,-87.4048,-87.5052,-87.6095,-87.6515,-87.6680,-87.6913,-87.7298,-87.7843,-87.8535,-87.9349,-88.0146,-88.0785,-88.1182,-88.0644,-87.9971,-87.9476,-87.9225,-87.9142,-87.9148,-87.9246,-87.9452,-87.9773,-88.0212,-88.0760,-88.1411,-88.2152,-88.2971,-88.3857,-88.4798,-88.5783,-88.6802,-88.7847,-88.8908,-88.9978,-89.1051,-89.2121,-89.3183,-89.4232,-89.5265,-89.6278,-89.7268,-89.8235,-89.9174,-90.0074,-90.0655,-90.0932,-90.1076,-90.1137,-90.0590,-89.9509,-89.8250,-89.7009,-89.5889,-89.4936,-89.4169,-89.3587,-89.2977,-89.1825,-89.0496,-88.9159,-88.7954,-88.6963,-88.6219,-88.5725,-88.5465,-88.5418,-88.5560,-88.5864,-88.6308,-88.6870,-88.7531,-88.8273,-88.9081,-88.9941,-89.0842,-89.1772,-89.2723,-89.3686,-89.4655,-89.5623,-89.6585,-89.7537,-89.8475,-89.9395,-90.0295,-90.1172,-90.2026,-90.2854,-90.3655,-90.4429,-90.5156,-90.5552,-90.5577,-90.5456,-90.5339,-90.5285,-90.5312,-90.5417,-90.5590,-90.5706,-90.4505,-90.3336,-90.2477,-90.1914,-90.1386,-90.0774,-90.0220,-89.9757,-89.9313,-89.8892,-89.8522,-89.8226,-89.8018,-89.7904,-89.7886,-89.7962,-89.8125,-89.8370,-89.8689,-89.9073,-89.9514,-90.0003,-90.0533,-90.1096,-90.1685,-90.2294,-90.2917,-90.3549,-90.4185,-90.4822,-90.5456,-90.6084,-90.6703,-90.7312,-90.7908,-90.8489,-90.9055,-90.9605,-91.0138,-91.0654,-91.1151,-91.1631,-91.2093,-91.2536,-91.2962,-91.3371,-91.3763,-91.4137,-91.4496,-91.4839,-91.5167,-91.5480,-91.5779,-91.6065,-91.6338,-91.6598,-91.6847,-91.7084,-91.7311,-91.7355,-91.7090,-91.6686,-91.6246,-91.5822,-91.5442,-91.5122,-91.4865,-91.4674,-91.4544,-91.4472,-91.4453,-91.4480,-91.4548,-91.4651,-91.4784,-91.4942,-91.5121,-91.5317,-91.5526,-91.5745,-91.5972,-91.6176,-91.6184,-91.5984,-91.5677,-91.5349,-91.5049,-91.4802,-91.4616,-91.4492,-91.4424,-91.4306,-91.4084,-91.3795,-91.3483,-91.3180,-91.2908,-91.2682,-91.2510,-91.2396,-91.2339,-91.2337,-91.2386,-91.2482,-91.2619,-91.2793,-91.2580,-91.2016,-91.1450,-91.0971,-91.0606,-91.0356,-91.0215,-91.0174,-91.0220,-91.0342,-91.0480,-91.0484,-91.0377,-91.0227,-91.0082,-90.9972,-90.9913,-90.9683,-90.9149,-90.8583,-90.8082,-90.7681,-90.7391,-90.7210,-90.7133,-90.7149,-90.7251,-90.7427,-90.7668,-90.7964,-90.8307,-90.8688,-90.9101,-90.9539,-90.9996,-91.0466,-91.0945,-91.1429,-91.1915,-91.2399,-91.2878,-91.3351,-91.3816,-91.4271,-91.4707,-91.4925,-91.4727,-91.4258,-91.3675,-91.3083,-91.2540,-91.2080,-91.1715,-91.1449,-91.1278,-91.1196,-91.1193,-91.1262,-91.1392,-91.1576,-91.1806,-91.2073,-91.2373,-91.2698,-91.3044,-91.3405,-91.3778,-91.4159,-91.4544,-91.4931,-91.5318,-91.5697,-91.5489,-91.4686,-91.3745,-91.2829,-91.2017,-91.1342,-91.0812,-91.0426,-91.0172,-91.0038,-91.0012,-91.0079,-91.0227,-91.0444,-91.0720,-91.1043,-91.1405,-91.1798,-91.2216,-91.2651,-91.3099,-91.3554,-91.3883,-91.3908,-91.3649,-91.3032,-91.2243,-91.1443,-91.0720,-91.0115,-90.9643,-90.9304,-90.9091,-90.8940,-90.8702,-90.8404,-90.8107,-90.7854,-90.7671,-90.7568,-90.7516,-90.7239,-90.6785,-90.6306,-90.5892,-90.5590,-90.5416,-90.5371,-90.5445,-90.5626,-90.5900,-90.6251,-90.6666,-90.7134,-90.7642,-90.8182,-90.8744,-90.9322,-90.9910,-91.0501,-91.1093,-91.1679,-91.2259,-91.2828,-91.3324,-91.3590,-91.3673,-91.3663,-91.3625,-91.3596,-91.3597,-91.3638,-91.3720,-91.3845,-91.4008,-91.4205,-91.4432,-91.4685,-91.4959,-91.5090,-91.4877,-91.4494,-91.4089,-91.3741,-91.3479,-91.3313,-91.3239,-91.3247,-91.3328,-91.3470,-91.3663,-91.3899,-91.4168,-91.4465,-91.4783,-91.5116,-91.5461,-91.5813,-91.6168,-91.6525,-91.6881,-91.7233,-91.7580,-91.7921,-91.8255,-91.8580,-91.8896,-91.9203,-91.9499,-91.9786,-92.0062,-92.0327,-92.0583,-92.0828,-92.1063,-92.1288,-92.1503,-92.1709,-92.1906,-92.2094,-92.2274,-92.2445,-92.2609,-92.2766,-92.2915,-92.3058,-92.3194,-92.3323,-92.3164,-92.2666,-92.2093,-92.1538,-92.1040,-92.0528,-91.9706,-91.8811,-91.7976,-91.7244,-91.6628,-91.6130,-91.5744,-91.5462,-91.4747,-91.3563,-91.2543,-91.1754,-91.0849,-90.9709,-90.8729,-90.7899,-90.7168,-90.6534,-90.6009,-90.5601,-90.5313,-90.5146,-90.5094,-90.5150,-90.5305,-90.5548,-90.5871,-90.6261,-90.6709,-90.7205,-90.7740,-90.8306,-90.8896,-90.9502,-91.0119,-91.0738,-91.0812,-91.0433,-91.0002,-90.9665,-90.9470,-90.9422,-90.9508,-90.9707,-90.9998,-91.0364,-91.0786,-91.0497,-90.9586,-90.8808,-90.8304,-90.8062,-90.8036,-90.8178,-90.8450,-90.8821,-90.9265,-90.9764,-91.0302,-91.0868,-91.1450,-91.2043,-91.2638,-91.3105,-91.3201,-91.3046,-91.2652,-91.2123,-91.1575,-91.1079,-91.0673,-91.0372,-91.0180,-91.0092,-91.0072,-90.9588,-90.8874,-90.8033,-90.7167,-90.6373,-90.5706,-90.5194,-90.4844,-90.4650,-90.4601,-90.4683,-90.4880,-90.5176,-90.5557,-90.6008,-90.6517,-90.7072,-90.7664,-90.8282,-90.8919,-90.9568,-91.0223,-91.0879,-91.1531,-91.2176,-91.2810,-91.3431,-91.4037,-91.4314,-91.4115,-91.3825,-91.3565,-91.3373,-91.3264,-91.3238,-91.3290,-91.3411,-91.3591,-91.3822,-91.4095,-91.4401,-91.4734,-91.5087,-91.5454,-91.5832,-91.6215,-91.6598,-91.6355,-91.5801,-91.5291,-91.4883,-91.4585,-91.4391,-91.4293,-91.4279,-91.4338,-91.4460,-91.4635,-91.4854,-91.4981,-91.4849,-91.4582,-91.4291,-91.4038,-91.3851,-91.3739,-91.3703,-91.3739,-91.3840,-91.3998,-91.4205,-91.4453,-91.4736,-91.5046,-91.5378,-91.5726,-91.6086,-91.6452,-91.6768,-91.6955,-91.7026,-91.7021,-91.6979,-91.6930,-91.6892,-91.6880,-91.6901,-91.6956,-91.7048,-91.7172,-91.7328,-91.7511,-91.7717,-91.7943,-91.8185,-91.8440,-91.8705,-91.8968,-91.9051,-91.8790,-91.8281,-91.7655,-91.7008,-91.6398,-91.5859,-91.5406,-91.5047,-91.4781,-91.4604,-91.4509,-91.4490,-91.4023,-91.2881,-91.1794,-91.0931,-91.0318,-90.9934,-90.9747,-90.9722,-90.9829,-91.0042,-91.0339,-91.0703,-91.1117,-91.1569,-91.2050,-91.2551,-91.3064,-91.3585,-91.4107,-91.4627,-91.5142,-91.5649,-91.6145,-91.6630,-91.7101,-91.7557,-91.7998,-91.8423,-91.8832,-91.9225,-91.9601,-91.9891,-91.9967,-91.9882,-91.9714,-91.9515,-91.9320,-91.9148,-91.9012,-91.8916,-91.8804,-91.8364,-91.7681,-91.6926,-91.6107,-91.5287,-91.4517,-91.3829,-91.3239,-91.2756,-91.2380,-91.2110,-91.1939,-91.1860,-91.1865,-91.1945,-91.2091,-91.2295,-91.2548,-91.2842,-91.3171,-91.3528,-91.3907,-91.4303,-91.4711,-91.5127,-91.5547,-91.5969,-91.6389,-91.6805,-91.7216,-91.7619,-91.7424,-91.5980,-91.4830,-91.4054,-91.3588,-91.3361,-91.3315,-91.3405,-91.3596,-91.3864,-91.4188,-91.4553,-91.4947,-91.5362,-91.5788,-91.6222,-91.6658,-91.7092,-91.7471,-91.7502,-91.7274,-91.6948,-91.6626,-91.6364,-91.6183,-91.6089,-91.6076,-91.6136,-91.6180,-91.6021,-91.5730,-91.5423,-91.5164,-91.4978,-91.4872,-91.4841,-91.4881,-91.4983,-91.5139,-91.5342,-91.5583,-91.5857,-91.6157,-91.6477,-91.6814,-91.7162,-91.7518,-91.7878,-91.8240,-91.8601,-91.8959,-91.8809,-91.8246,-91.7672,-91.7187,-91.6819,-91.6568,-91.6423,-91.6373,-91.6403,-91.6500,-91.6653,-91.6852,-91.7088,-91.7353,-91.7633,-91.7778,-91.7732,-91.7593,-91.7434,-91.7293,-91.7191,-91.7135,-91.7129,-91.7169,-91.7255,-91.7382,-91.7545,-91.7740,-91.7962,-91.8206,-91.8469,-91.8746,-91.9034,-91.9329,-91.9630,-91.9932,-92.0235,-92.0536,-92.0833,-92.1126,-92.1413,-92.1694,-92.1967,-92.2231,-92.2488,-92.2736,-92.2975,-92.3205,-92.3426,-92.3638,-92.3841,-92.4035,-92.4221,-92.4399,-92.4569,-92.4730,-92.4885,-92.5032,-92.5126,-92.4810,-92.4223,-92.3562,-92.2935,-92.2392,-92.1950,-92.1611,-92.1368,-92.1211,-92.1127,-92.1106,-92.1137,-92.1212,-92.1323,-92.1463,-92.1625,-92.1806,-92.2001,-92.2206,-92.2418,-92.2635,-92.2854,-92.3074,-92.3293,-92.3509,-92.3722,-92.3931,-92.4134,-92.4332,-92.4484,-92.3880,-92.2830,-92.1882,-92.1105,-92.0203,-91.9227,-91.8318,-91.7546,-91.6937,-91.6490,-91.6191,-91.6023,-91.5970,-91.6012,-91.6134,-91.6323,-91.6566,-91.6853,-91.7174,-91.7521,-91.7889,-91.8270,-91.8660,-91.9055,-91.9451,-91.9846,-92.0236,-92.0621,-92.0997,-92.1364,-92.1721,-92.2067,-92.2401,-92.2722,-92.3032,-92.3328,-92.3612,-92.3884,-92.4143,-92.4391,-92.4540,-92.4188,-92.3587,-92.2978,-92.2454,-92.2039,-92.1732,-92.1522,-92.1398,-92.1347,-92.1131,-91.9661,-91.8315,-91.7296,-91.6581,-91.6121,-91.5865,-91.5772,-91.5807,-91.5942,-91.6157,-91.6433,-91.6682,-91.6447,-91.5959,-91.5461,-91.5066,-91.4814,-91.4708,-91.4732,-91.4868,-91.5093,-91.5391,-91.5743,-91.6138,-91.6563,-91.7009,-91.7468,-91.7935,-91.8404,-91.8871,-91.9333,-91.9787,-92.0231,-92.0664,-92.1083,-92.1489,-92.1879,-92.2255,-92.2616,-92.2961,-92.3290,-92.3605,-92.3904,-92.4189,-92.4460,-92.4717,-92.4961,-92.5192,-92.5410,-92.5617,-92.5813,-92.5998,-92.6172,-92.6337,-92.6137,-92.5496,-92.4636,-92.3630,-92.2604,-92.1644,-92.0799,-92.0091,-91.9526,-91.9097,-91.8796,-91.8608,-91.8521,-91.8520,-91.8593,-91.8729,-91.8916,-91.9145,-91.9409,-91.9699,-92.0010,-92.0285,-92.0226,-91.9920,-91.9528,-91.9095,-91.8315,-91.7420,-91.6595,-91.5912,-91.5392,-91.5034,-91.4827,-91.4753,-91.4794,-91.4423,-91.3446,-91.2560,-91.1905,-91.1494,-91.1306,-91.1308,-91.1465,-91.1746,-91.1990,-91.1450,-91.0828,-91.0373,-91.0127,-91.0080,-91.0205,-91.0472,-91.0852,-91.1319,-91.1854,-91.2433,-91.2976,-91.3417,-91.3766,-91.4054,-91.4313,-91.4566,-91.4827,-91.5107,-91.5410,-91.5738,-91.6049,-91.6058,-91.5812,-91.5492,-91.5204,-91.4996,-91.4886,-91.4875,-91.4955,-91.5115,-91.5344,-91.5630,-91.5962,-91.6330,-91.6728,-91.7146,-91.7580,-91.8023,-91.8471,-91.8920,-91.9367,-91.9809,-92.0243,-92.0669,-92.1084,-92.1487,-92.1877,-92.2254,-92.2617,-92.2966,-92.3300,-92.3523,-92.3538,-92.3410,-92.3213,-92.2998,-92.2795,-92.2622,-92.2489,-92.2398,-92.2350,-92.2343,-92.2374,-92.2439,-92.2534,-92.2655,-92.2798,-92.2959,-92.3134,-92.3038,-92.2651,-92.2204,-92.1781,-92.1419,-92.1130,-92.0918,-92.0780,-92.0711,-92.0704,-92.0753,-92.0849,-92.0985,-92.1156,-92.1355,-92.1577,-92.1817,-92.2070,-92.2332,-92.2601,-92.2874,-92.3148,-92.3420,-92.3690,-92.3782,-92.3330,-92.2766,-92.2237,-92.1622,-92.0806,-91.9914,-91.9066,-91.8334,-91.7748,-91.7313,-91.7021,-91.6857,-91.6806,-91.6823,-91.5960,-91.4852,-91.3953,-91.3329,-91.2956,-91.2794,-91.2803,-91.2949,-91.3204,-91.3543,-91.3949,-91.4405,-91.4898,-91.5417,-91.5953,-91.6500,-91.7051,-91.7601,-91.8145,-91.8681,-91.9205,-91.9716,-92.0155,-92.0360,-92.0366,-92.0278,-92.0173,-92.0092,-92.0055,-92.0067,-92.0127,-92.0233,-92.0380,-92.0560,-92.0770,-92.1004,-92.1256,-92.1522,-92.1707,-92.1684,-92.1515,-92.1291,-92.1073,-92.0895,-92.0771,-92.0705,-92.0694,-92.0735,-92.0822,-92.0950,-92.1112,-92.1218,-92.1102,-92.0858,-92.0577,-92.0309,-92.0084,-91.9916,-91.9812,-91.9771,-91.9791,-91.9866,-91.9990,-92.0156,-92.0342,-92.0454,-92.0464,-92.0403,-92.0307,-92.0205,-92.0117,-92.0058,-92.0035,-92.0051,-92.0107,-92.0201,-92.0330,-92.0490,-92.0678,-92.0890,-92.1122,-92.1369,-92.1629,-92.1899,-92.2174,-92.2454,-92.2735,-92.3015,-92.3294,-92.3569,-92.3840,-92.4105,-92.4363,-92.4614,-92.4353,-92.3680,-92.2997,-92.2407,-92.1935,-92.1583,-92.1341,-92.1195,-92.1133,-92.1141,-92.1208,-92.1323,-92.1478,-92.1664,-92.1876,-92.2107,-92.2353,-92.2609,-92.2871,-92.3138,-92.3406,-92.3673,-92.3938,-92.4198,-92.4453,-92.4702,-92.4944,-92.5179,-92.5261,-92.5012,-92.4608,-92.4170,-92.3761,-92.3410,-92.3130,-92.2923,-92.2785,-92.2711,-92.2694,-92.2726,-92.2801,-92.2911,-92.3051,-92.3214,-92.3397,-92.3595,-92.3804,-92.4021,-92.4242,-92.4467,-92.4689,-92.4506,-92.3963,-92.3365,-92.2818,-92.2361,-92.2009,-92.1759,-92.1604,-92.1532,-92.1533,-92.1595,-92.1707,-92.1862,-92.2049,-92.2264,-92.2498,-92.2747,-92.3008,-92.3275,-92.3545,-92.3775,-92.3724,-92.3512,-92.3250,-92.2987,-92.2750,-92.2555,-92.2410,-92.2315,-92.2272,-92.2276,-92.2322,-92.2205,-92.1780,-92.1220,-92.0655,-92.0159,-91.9767,-91.9488,-91.9319,-91.9248,-91.9264,-91.9354,-91.9505,-91.9706,-91.9948,-92.0221,-92.0486,-92.0568,-92.0449,-92.0228,-91.9986,-91.9771,-91.9607,-91.9504,-91.9462,-91.9480,-91.9551,-91.9671,-91.9833,-92.0031,-92.0258,-92.0511,-92.0782,-92.1069,-92.1366,-92.1671,-92.1980,-92.2290,-92.2596,-92.2788,-92.2757,-92.2563,-92.1961,-92.1103,-92.0251,-91.9485,-91.8834,-91.8307,-91.7903,-91.7616,-91.7436,-91.7121,-91.6101,-91.4752,-91.3396,-91.2191,-91.1196,-91.0426,-90.9869,-90.9508,-90.9320,-90.9281,-90.9373,-90.9573,-90.9867,-91.0236,-91.0668,-91.1151,-91.1672,-91.2224,-91.2797,-91.3384,-91.3979,-91.4577,-91.5173,-91.5763,-91.6328,-91.6699,-91.6820,-91.6801,-91.6740,-91.6695,-91.6695,-91.6751,-91.6864,-91.7029,-91.7241,-91.7490,-91.7772,-91.8078,-91.8403,-91.8742,-91.9090,-91.9444,-91.9800,-92.0156,-92.0509,-92.0857,-92.1200,-92.1534,-92.1861,-92.2177,-92.2485,-92.2781,-92.3067,-92.3342,-92.3607,-92.3860,-92.4103,-92.4335,-92.4556,-92.4767,-92.4969,-92.5161,-92.5343,-92.5517,-92.5682,-92.5839,-92.5988,-92.6129,-92.6055,-92.5400,-92.4609,-92.3853,-92.3195,-92.2656,-92.2236,-92.1926,-92.1715,-92.1588,-92.1532,-92.1533,-92.1098,-92.0386,-91.9702,-91.9124,-91.8671,-91.8342,-91.8128,-91.7335,-91.6048,-91.4888,-91.3984,-91.3347,-91.2947,-91.2750,-91.2719,-91.2824,-91.3036,-91.3333,-91.3697,-91.4113,-91.4567,-91.5048,-91.5548,-91.6060,-91.6577,-91.7095,-91.7609,-91.8116,-91.8614,-91.9100,-91.9572,-92.0030,-92.0472,-92.0898,-92.1307,-92.1699,-92.2074,-92.2432,-92.2773,-92.3098,-92.3407,-92.3701,-92.3979,-92.4243,-92.4493,-92.4729,-92.4953,-92.5164,-92.5364,-92.5553,-92.5731,-92.5899,-92.6059,-92.6209,-92.6351,-92.6485,-92.6611,-92.6731,-92.6844,-92.6951,-92.7052,-92.7148,-92.7239,-92.7325,-92.7407,-92.7485,-92.7558,-92.7629,-92.7696,-92.7759,-92.7820,-92.7840,-92.7726,-92.7470,-92.7118,-92.6722,-92.6321,-92.5940,-92.5550,-92.5080,-92.4541,-92.3974,-92.3417,-92.2898,-92.2434,-92.2035,-92.1703,-92.1440,-92.1242,-92.1104,-92.1021,-92.0989,-92.1001,-92.0741,-91.9948,-91.9130,-91.8424,-91.7866,-91.7456,-91.6680,-91.5158,-91.3782,-91.2740,-91.1785,-91.0847,-91.0055,-90.9455,-90.9047,-90.8817,-90.8746,-90.8813,-90.8999,-90.9287,-90.9649,-90.9864,-90.9775,-90.9500,-90.9150,-90.8805,-90.8514,-90.8308,-90.8198,-90.8190,-90.8280,-90.8462,-90.8726,-90.9064,-90.9464,-90.9917,-91.0413,-91.0945,-91.1502,-91.2080,-91.2671,-91.3269,-91.3794,-91.3638,-91.3197,-91.2767,-91.2453,-91.2286,-91.2263,-91.2368,-91.2397,-91.2166,-91.1829,-91.1509,-91.1271,-91.1146,-91.1138,-91.1240,-91.1438,-91.1718,-91.2066,-91.2468,-91.2913,-91.3390,-91.3890,-91.4406,-91.4931,-91.5461,-91.5991,-91.6516,-91.7035,-91.7538,-91.7830,-91.7843,-91.7722,-91.7570,-91.7441,-91.7360,-91.7336,-91.7371,-91.7461,-91.7600,-91.7783,-91.8002,-91.8252,-91.8517,-91.8628,-91.8513,-91.8297,-91.8078,-91.7902,-91.7785,-91.7733,-91.7742,-91.7807,-91.7915,-91.7921,-91.7756,-91.7500,-91.7230,-91.6991,-91.6750,-91.5685,-91.3986,-91.2356,-91.0975,-90.9882,-90.9069,-90.8509,-90.8168,-90.8016,-90.8022,-90.8160,-90.8409,-90.8749,-90.9162,-90.9635,-91.0155,-91.0712,-91.1295,-91.1897,-91.2512,-91.3119,-91.3559,-91.3805,-91.3951,-91.4018,-91.3862,-91.3522,-91.3120,-91.2747,-91.2453,-91.2259,-91.2170,-91.2181,-91.2283,-91.2465,-91.2717,-91.3026,-91.3383,-91.3778,-91.4204,-91.4653,-91.5118,-91.5595,-91.6078,-91.6563,-91.6898,-91.6511,-91.5939,-91.5432,-91.5066,-91.4817,-91.4224,-91.3490,-91.2825,-91.2297,-91.1926,-91.1709,-91.1634,-91.1683,-91.1715,-91.1288,-91.0688,-91.0163,-90.9803,-90.9622,-90.9603,-90.9724,-90.9960,-91.0290,-91.0681,-91.1031,-91.1301,-91.1503,-91.0954,-90.9678,-90.8216,-90.6840,-90.5675,-90.4770,-90.4126,-90.3727,-90.3547,-90.3556,-90.3726,-90.4029,-90.4347,-90.4559,-90.4712,-90.4864,-90.5051,-90.5293,-90.5596,-90.5962,-90.6388,-90.6866,-90.7392,-90.7956,-90.8552,-90.9173,-90.9811,-91.0462,-91.1117,-91.1590,-91.1750,-91.1756,-91.1718,-91.1702,-91.1742,-91.1849,-91.2026,-91.2269,-91.2569,-91.2918,-91.3308,-91.3671,-91.3805,-91.3755,-91.3642,-91.3543,-91.3491,-91.3501,-91.3575,-91.3710,-91.3900,-91.4139,-91.4333,-91.4345,-91.4239,-91.4100,-91.3981,-91.3906,-91.3885,-91.3921,-91.4011,-91.4130,-91.4223,-91.4274,-91.4294,-91.4306,-91.4328,-91.4373,-91.4449,-91.4562,-91.4712,-91.4899,-91.5119,-91.5370,-91.5648,-91.5948,-91.6268,-91.6574,-91.6679,-91.6552,-91.6302,-91.6021,-91.5557,-91.4598,-91.3336,-91.1850,-91.0340,-90.8911,-90.7637,-90.6555,-90.5682,-90.5018,-90.4554,-90.4274,-90.4160,-90.4195,-90.4358,-90.4483,-90.4225,-90.3809,-90.3170,-90.2458,-90.1810,-90.1294,-90.0937,-90.0743,-90.0706,-90.0812,-90.1046,-90.1392,-90.1834,-90.2356,-90.2946,-90.3590,-90.4276,-90.4994,-90.5735,-90.6491,-90.7255,-90.8022,-90.8785,-90.9540,-91.0284,-91.1013,-91.1726,-91.2419,-91.3091,-91.3742,-91.4369,-91.4973,-91.5553,-91.6109,-91.6641,-91.7150,-91.7407,-91.7026,-91.6505,-91.6043,-91.5677,-91.5329,-91.4916,-91.4420,-91.3871,-91.3313,-91.2785,-91.1452,-90.9521,-90.7877,-90.6387,-90.5016,-90.3824,-90.2831,-90.1417,-89.9895,-89.8602,-89.7623,-89.6963,-89.6594,-89.6476,-89.6573,-89.6850,-89.7275,-89.7822,-89.8467,-89.9192,-89.9978,-90.0811,-90.1678,-90.2569,-90.3474,-90.4385,-90.5295,-90.6199,-90.7091,-90.7967,-90.8824,-90.9659,-91.0470,-91.1256,-91.2014,-91.2744,-91.3446,-91.4119,-91.4763,-91.5379,-91.5966,-91.6526,-91.6699,-91.5992,-91.5205,-91.4562,-91.4109,-91.3837,-91.3720,-91.3731,-91.3843,-91.4034,-91.4287,-91.4587,-91.4921,-91.5280,-91.5480,-91.5045,-91.4499,-91.4024,-91.3666,-91.3434,-91.3319,-91.3000,-91.2194,-91.1207,-90.9874,-90.8595,-90.7511,-90.6663,-90.6051,-90.5658,-90.5460,-90.5432,-90.5549,-90.5787,-90.5945,-90.5842,-90.5634,-90.5441,-90.5332,-90.5335,-90.5456,-90.5687,-90.6015,-90.6425,-90.6903,-90.7433,-90.8006,-90.8608,-90.9233,-90.9871,-91.0516,-91.1163,-91.1807,-91.2443,-91.3069,-91.3683,-91.4281,-91.4863,-91.5427,-91.5971,-91.6496,-91.7001,-91.7486,-91.7950,-91.8395,-91.8819,-91.9224,-91.9610,-91.9977,-92.0326,-92.0657,-92.0972,-92.1271,-92.1554,-92.1823,-92.2077,-92.2318,-92.2547,-92.2763,-92.2968,-92.3162,-92.3346,-92.3520,-92.3685,-92.3842,-92.3990,-92.4131,-92.4265,-92.4392,-92.4512,-92.4627,-92.4737,-92.4841,-92.4940,-92.5035,-92.5126,-92.5213,-92.5296,-92.5375,-92.5452,-92.5525,-92.5596,-92.5663,-92.5729,-92.5792,-92.5853,-92.5912,-92.5929,-92.5640,-92.5141,-92.4575,-92.4016,-92.3502,-92.3052,-92.2673,-92.2368,-92.2132,-92.1814,-92.1263,-92.0606,-91.9953,-91.9363,-91.8865,-91.8465,-91.8165,-91.7959,-91.7837,-91.7792,-91.7813,-91.7891,-91.8019,-91.8187,-91.8390,-91.8620,-91.8872,-91.9141,-91.9058,-91.8372,-91.7698,-91.7149,-91.6741,-91.6468,-91.6315,-91.6267,-91.6308,-91.6423,-91.6600,-91.6827,-91.7094,-91.7393,-91.7716,-91.8020,-91.8215,-91.8297,-91.8302,-91.8269,-91.8227,-91.8197,-91.8193,-91.8221,-91.8285,-91.8385,-91.8519,-91.8684,-91.8699,-91.8034,-91.7231,-91.6524,-91.5982,-91.5612,-91.5347,-91.4164,-91.2806,-91.1730,-91.0997,-91.0487,-90.9719,-90.8936,-90.8254,-90.7510,-90.6770,-90.6127,-90.5629,-90.5293,-90.5119,-90.5098,-90.5219,-90.5464,-90.5388,-90.4919,-90.4515,-90.4269,-90.4167,-90.3905,-90.3244,-90.2497,-90.1821,-90.1282,-90.0908,-90.0703,-90.0661,-90.0772,-90.1018,-90.1385,-90.1856,-90.2415,-90.3047,-90.3739,-90.4478,-90.5252,-90.6053,-90.6870,-90.7696,-90.8525,-90.9350,-91.0163,-91.0548,-91.0206,-90.9572,-90.8919,-90.8363,-90.7946,-90.7677,-90.7549,-90.7325,-90.6714,-90.6119,-90.5658,-90.5356,-90.5214,-90.5220,-90.5360,-90.5617,-90.5973,-90.6412,-90.6920,-90.7483,-90.8088,-90.8726,-90.9385,-91.0060,-91.0742,-91.1426,-91.2106,-91.2779,-91.3441,-91.4089,-91.4721,-91.5335,-91.5930,-91.6503,-91.7056,-91.7587,-91.8097,-91.8584,-91.9050,-91.9494,-91.9917,-92.0319,-92.0702,-92.1065,-92.1410,-92.1737,-92.2046,-92.2339,-92.2616,-92.2878,-92.3126,-92.3360,-92.3582,-92.3791,-92.3989,-92.4176,-92.4353,-92.4520,-92.4678,-92.4828,-92.4969,-92.5093,-92.5117,-92.5006,-92.4791,-92.4512,-92.4208,-92.3903,-92.3617,-92.3360,-92.3141,-92.2961,-92.2821,-92.2720,-92.2656,-92.2625,-92.2625,-92.2652,-92.2703,-92.2774,-92.2864,-92.2968,-92.3084,-92.3210,-92.3344,-92.3485,-92.3630,-92.3772,-92.3586,-92.3122,-92.2597,-92.2089,-92.1636,-92.1251,-92.0940,-92.0701,-92.0531,-92.0424,-92.0374,-92.0322,-91.9254,-91.7935,-91.6840,-91.6043,-91.5515,-91.5207,-91.5073,-91.5077,-91.5188,-91.5384,-91.5644,-91.5954,-91.6302,-91.6679,-91.7075,-91.7484,-91.7901,-91.8321,-91.8740,-91.9156,-91.9566,-91.9967,-92.0359,-92.0740,-92.1109,-92.1465,-92.1809,-92.2138,-92.2455,-92.2758,-92.3047,-92.3324,-92.3587,-92.3831,-92.3983,-92.3998,-92.3900,-92.3730,-92.3523,-92.3308,-92.3104,-92.2923,-92.2772,-92.2657,-92.2577,-92.2532,-92.2520,-92.2539,-92.2584,-92.2655,-92.2746,-92.2856,-92.2981,-92.3118,-92.3266,-92.3422,-92.3584,-92.3750,-92.3920,-92.4090,-92.4261,-92.4431,-92.4600,-92.4766,-92.4930,-92.5090,-92.5246,-92.5398,-92.4979,-92.3735,-92.2552,-92.1625,-92.0958,-92.0512,-92.0240,-92.0106,-92.0079,-92.0135,-92.0255,-92.0426,-92.0634,-92.0871,-92.1130,-92.1403,-92.1687,-92.1976,-92.2268,-92.2560,-92.2850,-92.3135,-92.3415,-92.3688,-92.3953,-92.4211,-92.4459,-92.4698,-92.4928,-92.5149,-92.5361,-92.5563,-92.5756,-92.5940,-92.6115,-92.6282,-92.6441,-92.6591,-92.6432,-92.5503,-92.4217,-92.2881,-92.1658,-92.0615,-91.9772,-91.9122,-91.8645,-91.8322,-91.8129,-91.8048,-91.8059,-91.8147,-91.8299,-91.8503,-91.8750,-91.8938,-91.8488,-91.7810,-91.7171,-91.6667,-91.6274,-91.5914,-91.5590,-91.5323,-91.5126,-91.5005,-91.4961,-91.4991,-91.5092,-91.5247,-91.5249,-91.5040,-91.4755,-91.4488,-91.4256,-91.3942,-91.3563,-91.3193,-91.2881,-91.2655,-91.2525,-91.2492,-91.2553,-91.2699,-91.2498,-91.1822,-91.1118,-91.0546,-91.0159,-90.9960,-90.9934,-91.0058,-91.0306,-91.0655,-91.1085,-91.1578,-91.2118,-91.2693,-91.3292,-91.3906,-91.4527,-91.5150,-91.5770,-91.6383,-91.6984,-91.7572,-91.8144,-91.8699,-91.9235,-91.9751,-92.0248,-92.0724,-92.1180,-92.1615,-92.1994,-92.1952,-92.1654,-92.1301,-92.0975,-92.0715,-92.0533,-92.0428,-92.0396,-92.0428,-92.0516,-92.0650,-92.0823,-92.1027,-92.1256,-92.1504,-92.1766,-92.2037,-92.2316,-92.2597,-92.2880,-92.3161,-92.3439,-92.3712,-92.3980,-92.4241,-92.4494,-92.4740,-92.4977,-92.5206,-92.5426,-92.5636,-92.5838,-92.6032,-92.6216,-92.6392,-92.6560,-92.6720,-92.6872,-92.7016,-92.7153,-92.7284,-92.7408,-92.7525,-92.7637,-92.7742,-92.7843,-92.7938,-92.8029,-92.7966,-92.7241,-92.6383,-92.5589,-92.4914,-92.4368,-92.3944,-92.3632,-92.3415,-92.3281,-92.3216,-92.3210,-92.3253,-92.3335,-92.3450,-92.3591,-92.3754,-92.3932,-92.4123,-92.4322,-92.4527,-92.4736,-92.4946,-92.5156,-92.5364,-92.5570,-92.5771,-92.5967,-92.6159,-92.6344,-92.6523,-92.6696,-92.6863,-92.7020,-92.7069,-92.6877,-92.6514,-92.6082,-92.5651,-92.5256,-92.4917,-92.4638,-92.4421,-92.4261,-92.4156,-92.4098,-92.4083,-92.4105,-92.4159,-92.4241,-92.4345,-92.4469,-92.4607,-92.4758,-92.4919,-92.5086,-92.5258,-92.5432,-92.5608,-92.5784,-92.5959,-92.6132,-92.6302,-92.6468,-92.6630,-92.6787,-92.6940,-92.7087,-92.7229,-92.7366,-92.7498,-92.7624,-92.7746,-92.7862,-92.7972,-92.8078,-92.8180,-92.8276,-92.8368,-92.8456,-92.8540,-92.8619,-92.8695,-92.8768,-92.8837,-92.8903,-92.8965,-92.9025,-92.9082,-92.9137,-92.9189,-92.9238,-92.9244,-92.9124,-92.8896,-92.8602,-92.8277,-92.7948,-92.7635,-92.7350,-92.7099,-92.6888,-92.6716,-92.6583,-92.6488,-92.6427,-92.6397,-92.6396,-92.6419,-92.6463,-92.6526,-92.6603,-92.6580,-92.6361,-92.6029,-92.5668,-92.5321,-92.5013,-92.4754,-92.4548,-92.4395,-92.4293,-92.4238,-92.4226,-92.4253,-92.4313,-92.4402,-92.4503,-92.4261,-92.3462,-92.1834,-92.0161,-91.8742,-91.7633,-91.6818,-91.6262,-91.5924,-91.5768,-91.5762,-91.5877,-91.6092,-91.6385,-91.6740,-91.7144,-91.7583,-91.8050,-91.8534,-91.9029,-91.9530,-92.0031,-92.0529,-92.1020,-92.1501,-92.1971,-92.2428,-92.2870,-92.3296,-92.3707,-92.4100,-92.4477,-92.4837,-92.5180,-92.5507,-92.5817,-92.5420,-92.4300,-92.3245,-92.2334,-92.1552,-92.0886,-92.0217,-91.9474,-91.8725,-91.8034,-91.7438,-91.6957,-91.6594,-91.6349,-91.6215,-91.6072,-91.4909,-91.3498,-91.2247,-91.1252,-91.0519,-91.0023,-90.9736,-90.9627,-90.9671,-90.9844,-91.0126,-91.0498,-91.0943,-91.1448,-91.1999,-91.2587,-91.3201,-91.3834,-91.4478,-91.5127,-91.5776,-91.6421,-91.6988,-91.7065,-91.6873,-91.6658,-91.6516,-91.6471,-91.6523,-91.6661,-91.6872,-91.7143,-91.7464,-91.7823,-91.8213,-91.8624,-91.9050,-91.9486,-91.9927,-92.0368,-92.0103,-91.9432,-91.8858,-91.8440,-91.8179,-91.8055,-91.8048,-91.8137,-91.8306,-91.8537,-91.8819,-91.9139,-91.9489,-91.9860,-92.0247,-92.0642,-92.0319,-91.9144,-91.8190,-91.7527,-91.7120,-91.6921,-91.6887,-91.6920,-91.6721,-91.6374,-91.6010,-91.5707,-91.5500,-91.5403,-91.5413,-91.5519,-91.5668,-91.5368,-91.4777,-91.4204,-91.3777,-91.3446,-91.2675,-91.1927,-91.1352,-91.0669,-90.9745,-90.8850,-90.8135,-90.7644,-90.7372,-90.7299,-90.7395,-90.7635,-90.7993,-90.8035,-90.7770,-90.7523,-90.7379,-90.7363,-90.7474,-90.7704,-90.8039,-90.8463,-90.8961,-90.9520,-91.0125,-91.0766,-91.1432,-91.2115,-91.2807,-91.3501,-91.4193,-91.4877,-91.5549,-91.6208,-91.6849,-91.7320,-91.7389,-91.7315,-91.7217,-91.7142,-91.7111,-91.7009,-91.6409,-91.5723,-91.5123,-91.4649,-91.4313,-91.4109,-91.4027,-91.4054,-91.4176,-91.4379,-91.4649,-91.4975,-91.5345,-91.5749,-91.6180,-91.6630,-91.7093,-91.7562,-91.8035,-91.8506,-91.8905,-91.8600,-91.8108,-91.7475,-91.6350,-91.5277,-91.4396,-91.3730,-91.3268,-91.2975,-91.2260,-91.1305,-91.0439,-90.9772,-90.9331,-90.9108,-90.9078,-90.9213,-90.9483,-90.9863,-91.0328,-91.0860,-91.1442,-91.2060,-91.2693,-91.3248,-91.3662,-91.3959,-91.4186,-91.4385,-91.4583,-91.4799,-91.5042,-91.5316,-91.5621,-91.5955,-91.6315,-91.6695,-91.7092,-91.7502,-91.7920,-91.8342,-91.8664,-91.8736,-91.8630,-91.8455,-91.8286,-91.8161,-91.8098,-91.8102,-91.8168,-91.8290,-91.8461,-91.8673,-91.8919,-91.9192,-91.9486,-91.9795,-92.0116,-92.0443,-92.0775,-92.1108,-92.1439,-92.1766,-92.1769,-92.1169,-92.0301,-91.9385,-91.8529,-91.7356,-91.5670,-91.4191,-91.3011,-91.2119,-91.1486,-91.1077,-91.0218,-90.9076,-90.8163,-90.7525,-90.7143,-90.6985,-90.7017,-90.6992,-90.6759,-90.6566,-90.6472,-90.6492,-90.6621,-90.6854,-90.7179,-90.7586,-90.8062,-90.8597,-90.9180,-90.9800,-91.0408,-91.0766,-91.0922,-91.1005,-91.1096,-91.1233,-91.1430,-91.1690,-91.2011,-91.2385,-91.2806,-91.3264,-91.3753,-91.4264,-91.4792,-91.5330,-91.5874,-91.6418,-91.6959,-91.7494,-91.8020,-91.8534,-91.9036,-91.9523,-91.9995,-92.0450,-92.0888,-92.1309,-92.1414,-92.0747,-91.9795,-91.8221,-91.6343,-91.4569,-91.3043,-91.1317,-90.9129,-90.7124,-90.5432,-90.4078,-90.3049,-90.2320,-90.1859,-90.1634,-90.1606,-90.1702,-90.1864,-90.2077,-90.2344,-90.2671,-90.3062,-90.3515,-90.4029,-90.4597,-90.5215,-90.5874,-90.6566,-90.7285,-90.8023,-90.8775,-90.9533,-91.0292,-91.1049,-91.1798,-91.2538,-91.3263,-91.3972,-91.4664,-91.5336,-91.5986,-91.6615,-91.7221,-91.7804,-91.8363,-91.8899,-91.9412,-91.9901,-92.0368,-92.0733,-91.9997,-91.8995,-91.8174,-91.7606,-91.7264,-91.7106,-91.7090,-91.7184,-91.7361,-91.7602,-91.7890,-91.7939,-91.7691,-91.7408,-91.7159,-91.6968,-91.6843,-91.6788,-91.6798,-91.6870,-91.6997,-91.7173,-91.7391,-91.7645,-91.7928,-91.8235,-91.8561,-91.8900,-91.9249,-91.9605,-91.9953,-91.9756,-91.9230,-91.8676,-91.8196,-91.7826,-91.7574,-91.7434,-91.7392,-91.7436,-91.7551,-91.7725,-91.7946,-91.8204,-91.8492,-91.8802,-91.9128,-91.9464,-91.9808,-92.0154,-92.0405,-92.0420,-92.0287,-92.0090,-91.9885,-91.9707,-91.9573,-91.9493,-91.9466,-91.9492,-91.9566,-91.9682,-91.9836,-92.0020,-92.0231,-92.0462,-92.0710,-92.0970,-92.1239,-92.1513,-92.1791,-92.2069,-92.2346,-92.2620,-92.2890,-92.3155,-92.3413,-92.3664,-92.3907,-92.4143,-92.4370,-92.4589,-92.4799,-92.5001,-92.5195,-92.5380,-92.5556,-92.5725,-92.5886,-92.6040,-92.6176,-92.4601,-92.2475,-92.0661,-91.9211,-91.8090,-91.7252,-91.6652,-91.6251,-91.6016,-91.5918,-91.5935,-91.6046,-91.6233,-91.6482,-91.6782,-91.7121,-91.7490,-91.7881,-91.8288,-91.8706,-91.9129,-91.9554,-91.9977,-92.0395,-92.0807,-92.1209,-92.1602,-92.1983,-92.2351,-92.2707,-92.3049,-92.3377,-92.3692,-92.3993,-92.4280,-92.4554,-92.4815,-92.5063,-92.5298,-92.5522
9,-83.0000,-83.6098,-83.7799,-83.8723,-83.9347,-83.9825,-84.0219,-84.0559,-84.0861,-84.0710,-83.9987,-83.9056,-83.8119,-83.7275,-83.6563,-83.5994,-83.5562,-83.5252,-83.5049,-83.4937,-83.4901,-83.4927,-83.5005,-83.5124,-83.5276,-83.5453,-83.5651,-83.5864,-83.6088,-83.6319,-83.6556,-83.6795,-83.7035,-83.7274,-83.7511,-83.7746,-83.7976,-83.8201,-83.8422,-83.8637,-83.8846,-83.9049,-83.9246,-83.9437,-83.9622,-83.9800,-83.9971,-84.0137,-84.0296,-84.0449,-84.0596,-84.0737,-84.0873,-84.1003,-84.1128,-84.1247,-84.1362,-84.1471,-84.1576,-84.1676,-84.1772,-84.1864,-84.1951,-84.2035,-84.2115,-84.2191,-84.2264,-84.2334,-84.2401,-84.2464,-84.2525,-84.2582,-84.2638,-84.2690,-84.2741,-84.2789,-84.2835,-84.2879,-84.2921,-84.2961,-84.2419,-84.1196,-83.9872,-83.8657,-83.7624,-83.6786,-83.6130,-83.5636,-83.5283,-83.5046,-83.4907,-83.4848,-83.4854,-83.4913,-83.5014,-83.5149,-83.5310,-83.5492,-83.5689,-83.5898,-83.6115,-83.6337,-83.6563,-83.6789,-83.7016,-83.7240,-83.7462,-83.7460,-83.6930,-83.6127,-83.5265,-83.4467,-83.3786,-83.3242,-83.2833,-83.2547,-83.2370,-83.2286,-83.2281,-83.2339,-83.2336,-83.2046,-83.1550,-83.0975,-83.0412,-82.9913,-82.9507,-82.9202,-82.8997,-82.8885,-82.8857,-82.8901,-82.9007,-82.9165,-82.9366,-82.9601,-82.9865,-83.0150,-83.0453,-83.0768,-83.1091,-83.1421,-83.1753,-83.2087,-83.2420,-83.2750,-83.3077,-83.3399,-83.3716,-83.4026,-83.4329,-83.4626,-83.4914,-83.5195,-83.5468,-83.5733,-83.5990,-83.6238,-83.6478,-83.6710,-83.6934,-83.6875,-83.6058,-83.4929,-83.3820,-83.2862,-83.2091,-83.1499,-83.1068,-83.0775,-83.0597,-83.0515,-83.0512,-83.0572,-83.0684,-83.0838,-83.1025,-83.1237,-83.1439,-83.1242,-83.0698,-83.0025,-82.9353,-82.8754,-82.8262,-82.7889,-82.7631,-82.7482,-82.7427,-82.7455,-82.7552,-82.7707,-82.7909,-82.8148,-82.8418,-82.8711,-82.9021,-82.9344,-82.9676,-83.0013,-83.0055,-82.9606,-82.8925,-82.8208,-82.7565,-82.6465,-82.4601,-82.2802,-82.1298,-82.0137,-81.9302,-81.8751,-81.8442,-81.8332,-81.8384,-81.8566,-81.8852,-81.9220,-81.9651,-82.0131,-82.0647,-82.0704,-81.9988,-81.9180,-81.8103,-81.6198,-81.4196,-81.2122,-81.0164,-80.8492,-80.7176,-80.6221,-80.5600,-80.5271,-80.5190,-80.5318,-80.5617,-80.6054,-80.6602,-80.7237,-80.7941,-80.8698,-80.9492,-81.0315,-81.1156,-81.1947,-81.2269,-81.2216,-81.2024,-81.1843,-81.1745,-81.1763,-81.1900,-81.2150,-81.2499,-81.2933,-81.3436,-81.3995,-81.4597,-81.5232,-81.5891,-81.6566,-81.7250,-81.7939,-81.8627,-81.9312,-81.9990,-82.0653,-82.1036,-82.0812,-81.9927,-81.8737,-81.7504,-81.6380,-81.5441,-81.4714,-81.4198,-81.3878,-81.3732,-81.3736,-81.3868,-81.4106,-81.4431,-81.4825,-81.5276,-81.5771,-81.6299,-81.6853,-81.7425,-81.8009,-81.8601,-81.8896,-81.8508,-81.7876,-81.7239,-81.6704,-81.6311,-81.6070,-81.5971,-81.5999,-81.6135,-81.6362,-81.6662,-81.7022,-81.7429,-81.7873,-81.8343,-81.8834,-81.9339,-81.9852,-82.0370,-82.0889,-82.1407,-82.1920,-82.2428,-82.2928,-82.3419,-82.3901,-82.4372,-82.4833,-82.5282,-82.5719,-82.6144,-82.6557,-82.6958,-82.7347,-82.7724,-82.8089,-82.8434,-82.8550,-82.8333,-82.7909,-82.7400,-82.6123,-82.4321,-82.2575,-82.1064,-81.9833,-81.8878,-81.8174,-81.7690,-81.7394,-81.7256,-81.7250,-81.7351,-81.7540,-81.7800,-81.8118,-81.8480,-81.8877,-81.9301,-81.9745,-82.0204,-82.0672,-82.1146,-82.1623,-82.2099,-82.2573,-82.3043,-82.3507,-82.3965,-82.4414,-82.4855,-82.5287,-82.5708,-82.6120,-82.6521,-82.6912,-82.7292,-82.7661,-82.8020,-82.8367,-82.8705,-82.9031,-82.9347,-82.9654,-82.9950,-83.0236,-83.0513,-83.0780,-83.1038,-83.1288,-83.1529,-83.1761,-83.1986,-83.2202,-83.2411,-83.2452,-83.1997,-83.1249,-83.0409,-82.9600,-82.8884,-82.8287,-82.7814,-82.7459,-82.7179,-82.6663,-82.5851,-82.4933,-82.4056,-82.3296,-82.2682,-82.2216,-82.1890,-82.1688,-82.1595,-82.1594,-82.1670,-82.1812,-82.2008,-82.2247,-82.2522,-82.2825,-82.3150,-82.3493,-82.3848,-82.4212,-82.4527,-82.4041,-82.2753,-82.1172,-81.9612,-81.8220,-81.7056,-81.6132,-81.5434,-81.4944,-81.4634,-81.4479,-81.4457,-81.4545,-81.4724,-81.4978,-81.5294,-81.5659,-81.6064,-81.6499,-81.6959,-81.7437,-81.7927,-81.8427,-81.8694,-81.8440,-81.7969,-81.7469,-81.7028,-81.6687,-81.6460,-81.6341,-81.6201,-81.5917,-81.5518,-81.5083,-81.4679,-81.4348,-81.4114,-81.3983,-81.3953,-81.4017,-81.4164,-81.4384,-81.4665,-81.4998,-81.5373,-81.5782,-81.6218,-81.6676,-81.7149,-81.7634,-81.8126,-81.8624,-81.9123,-81.9613,-81.9758,-81.9513,-81.9131,-81.8643,-81.7359,-81.5777,-81.4276,-81.2993,-81.1971,-81.1210,-81.0687,-81.0375,-81.0243,-81.0262,-81.0407,-81.0654,-81.0984,-81.1382,-81.1832,-81.2323,-81.2846,-81.3393,-81.3956,-81.4530,-81.5111,-81.5695,-81.6278,-81.6858,-81.7434,-81.8002,-81.8541,-81.8788,-81.8713,-81.8461,-81.8151,-81.7298,-81.5841,-81.4365,-81.3083,-81.2057,-81.1291,-81.0766,-81.0454,-81.0323,-81.0345,-81.0493,-81.0745,-81.1082,-81.1485,-81.1942,-81.2440,-81.2970,-81.3523,-81.4092,-81.4673,-81.5260,-81.5849,-81.6437,-81.7023,-81.7602,-81.8175,-81.8542,-81.8126,-81.7434,-81.6741,-81.6159,-81.5727,-81.5098,-81.3432,-81.1560,-80.9794,-80.8256,-80.6992,-80.6007,-80.5286,-80.4806,-80.4538,-80.4455,-80.4528,-80.4732,-80.5046,-80.5450,-80.5927,-80.6462,-80.7044,-80.7661,-80.8305,-80.8969,-80.9646,-81.0331,-81.1020,-81.1710,-81.2396,-81.3078,-81.3752,-81.4418,-81.5073,-81.5717,-81.6349,-81.6968,-81.7573,-81.8164,-81.8742,-81.9304,-81.9852,-82.0386,-82.0905,-82.1409,-82.1898,-82.2027,-82.1424,-82.0618,-81.9841,-81.9187,-81.8687,-81.8343,-81.8143,-81.8070,-81.7907,-81.7226,-81.6286,-81.5363,-81.4592,-81.4013,-81.3627,-81.3413,-81.3348,-81.3408,-81.3570,-81.3817,-81.4130,-81.4440,-81.4613,-81.4619,-81.3760,-81.2395,-81.1011,-80.9793,-80.8804,-80.8057,-80.7538,-80.7225,-80.7050,-80.6375,-80.5374,-80.4379,-80.3533,-80.2892,-80.2464,-80.2202,-80.1427,-80.0036,-79.8066,-79.6050,-79.4306,-79.2937,-79.1947,-79.1304,-79.0961,-79.0874,-79.1000,-79.1301,-79.1745,-79.2305,-79.2957,-79.3681,-79.4463,-79.5288,-79.6145,-79.7025,-79.7920,-79.8824,-79.9731,-80.0638,-80.1540,-80.2435,-80.3321,-80.4194,-80.5055,-80.5900,-80.6730,-80.7544,-80.8340,-80.9118,-80.9879,-81.0621,-81.1344,-81.2049,-81.2735,-81.3349,-81.3727,-81.3853,-81.3811,-81.3691,-81.3560,-81.3461,-81.3416,-81.3434,-81.3516,-81.3658,-81.3855,-81.4099,-81.4383,-81.4701,-81.5045,-81.5411,-81.5794,-81.6189,-81.6594,-81.7004,-81.7419,-81.7835,-81.8251,-81.8665,-81.9066,-81.9097,-81.8478,-81.7066,-81.5344,-81.3685,-81.2196,-81.0567,-80.8908,-80.7395,-80.6104,-80.4447,-80.2509,-80.0731,-79.9257,-79.8118,-79.7301,-79.6777,-79.6508,-79.6344,-79.5322,-79.4097,-79.3051,-79.2287,-79.1811,-79.1600,-79.1618,-79.1830,-79.2200,-79.2700,-79.3304,-79.3981,-79.4419,-79.4468,-79.4351,-79.4233,-79.4198,-79.4280,-79.4484,-79.4805,-79.5230,-79.5745,-79.6335,-79.6986,-79.7686,-79.8425,-79.9192,-79.9981,-80.0783,-80.1594,-80.2409,-80.3223,-80.4034,-80.4838,-80.5634,-80.6419,-80.7192,-80.7952,-80.8698,-80.9429,-81.0145,-81.0844,-81.1528,-81.2194,-81.2844,-81.3478,-81.4094,-81.4694,-81.5278,-81.5845,-81.6396,-81.6931,-81.7450,-81.7748,-81.7274,-81.6423,-81.4750,-81.2597,-81.0581,-80.8876,-80.7516,-80.6485,-80.5747,-80.5262,-80.4990,-80.4897,-80.4951,-80.5124,-80.5394,-80.5743,-80.6154,-80.6613,-80.6973,-80.7048,-80.6910,-80.6667,-80.6405,-80.6181,-80.6027,-80.5959,-80.5835,-80.5069,-80.3972,-80.2903,-80.2020,-80.1366,-80.0935,-80.0705,-80.0647,-80.0735,-80.0944,-80.1251,-80.1639,-80.2091,-80.2595,-80.3139,-80.3714,-80.4313,-80.4928,-80.5555,-80.6190,-80.6827,-80.7465,-80.8100,-80.8732,-80.9357,-80.9974,-81.0583,-81.1182,-81.1771,-81.2349,-81.2915,-81.3469,-81.4011,-81.4541,-81.5058,-81.5563,-81.6055,-81.6535,-81.7002,-81.7457,-81.7899,-81.8330,-81.8749,-81.9156,-81.9552,-81.9937,-82.0310,-82.0673,-82.1026,-82.1368,-82.1701,-82.2024,-82.2337,-82.2642,-82.2937,-82.3224,-82.3502,-82.3773,-82.4035,-82.4291,-82.4538,-82.4779,-82.5013,-82.5240,-82.5461,-82.5675,-82.5884,-82.6086,-82.6284,-82.6476,-82.6662,-82.6844,-82.7021,-82.7194,-82.7361,-82.7525,-82.7685,-82.7840,-82.7992,-82.8140,-82.8284,-82.8425,-82.8563,-82.8698,-82.8829,-82.8958,-82.9083,-82.9207,-82.9327,-82.9445,-82.9560,-82.9674,-82.9785,-82.9893,-83.0000,-83.0105,-83.0208,-83.0309,-83.0408,-83.0505,-83.0601,-83.0695,-83.0788,-83.0879,-83.0968,-83.1057,-83.1143,-83.1229,-83.1313,-83.1397,-83.1479,-83.1560,-83.1639,-83.1718,-83.1796,-83.1872,-83.1948,-83.2023,-83.2097,-83.2170,-83.2227,-83.1765,-83.0693,-82.9461,-82.8317,-82.7348,-82.6568,-82.5964,-82.5516,-82.5198,-82.4992,-82.4877,-82.4838,-82.4861,-82.4935,-82.5051,-82.5200,-82.5376,-82.5574,-82.5788,-82.6016,-82.6252,-82.6416,-82.6331,-82.6019,-82.5586,-82.5125,-82.4694,-82.4325,-82.4031,-82.3815,-82.3674,-82.3602,-82.3590,-82.3631,-82.3718,-82.3843,-82.4000,-82.4183,-82.4389,-82.4612,-82.4849,-82.5098,-82.5355,-82.5618,-82.5885,-82.6156,-82.6428,-82.6699,-82.6856,-82.6344,-82.5507,-82.4628,-82.3826,-82.3148,-82.2610,-82.2208,-82.1932,-82.1767,-82.1700,-82.1715,-82.1798,-82.1939,-82.2126,-82.2351,-82.2605,-82.2883,-82.3179,-82.3488,-82.3807,-82.4132,-82.4462,-82.4793,-82.5124,-82.5453,-82.5780,-82.6103,-82.6421,-82.6734,-82.7042,-82.7343,-82.7637,-82.7925,-82.8206,-82.8480,-82.8745,-82.8713,-82.8243,-82.7580,-82.6872,-82.6205,-82.5624,-82.5148,-82.4782,-82.4521,-82.4356,-82.4277,-82.4270,-82.4326,-82.4433,-82.4583,-82.4767,-82.4979,-82.5214,-82.5465,-82.5730,-82.6004,-82.6285,-82.6569,-82.6856,-82.7144,-82.7431,-82.7716,-82.7998,-82.8276,-82.8550,-82.8819,-82.9083,-82.9342,-82.9595,-82.9842,-83.0083,-83.0317,-83.0546,-83.0768,-83.0985,-83.1195,-83.1399,-83.1598,-83.1790,-83.1977,-83.1808,-83.0975,-82.9936,-82.8922,-82.8032,-82.7302,-82.6732,-82.6310,-82.6020,-82.5842,-82.5758,-82.5752,-82.5811,-82.5921,-82.6074,-82.6261,-82.6474,-82.6668,-82.6730,-82.6633,-82.6425,-82.6161,-82.5886,-82.5633,-82.5420,-82.5257,-82.5147,-82.5090,-82.5084,-82.5123,-82.5204,-82.5320,-82.5467,-82.5640,-82.5669,-82.4904,-82.3509,-82.1850,-82.0203,-81.8722,-81.7477,-81.6484,-81.5735,-81.5209,-81.4877,-81.4714,-81.4692,-81.4789,-81.4983,-81.5257,-81.5595,-81.5985,-81.6416,-81.6879,-81.7340,-81.7652,-81.7783,-81.7790,-81.7737,-81.7674,-81.7636,-81.7536,-81.6980,-81.6150,-81.5279,-81.4501,-81.3879,-81.3432,-81.3157,-81.3038,-81.3057,-81.3193,-81.3428,-81.3745,-81.4127,-81.4562,-81.5040,-81.5549,-81.6083,-81.6634,-81.7198,-81.7769,-81.8343,-81.8918,-81.9379,-81.9259,-81.8178,-81.6705,-81.5240,-81.3964,-81.2939,-81.2173,-81.1646,-81.1332,-81.1203,-81.1229,-81.1386,-81.1650,-81.2001,-81.2424,-81.2903,-81.3427,-81.3984,-81.4567,-81.5168,-81.5782,-81.6403,-81.7026,-81.7650,-81.8271,-81.8885,-81.9493,-82.0091,-82.0679,-82.1256,-82.1821,-82.2372,-82.2911,-82.3436,-82.3946,-82.4443,-82.4926,-82.5394,-82.5849,-82.6289,-82.6715,-82.7128,-82.7527,-82.7914,-82.8172,-82.7233,-82.5948,-82.4763,-82.3797,-82.3068,-82.2557,-82.2235,-82.2070,-82.2035,-82.2104,-82.2256,-82.2474,-82.2743,-82.3052,-82.3390,-82.3750,-82.4126,-82.4512,-82.4904,-82.5299,-82.5694,-82.6086,-82.6475,-82.6858,-82.7235,-82.7604,-82.7966,-82.8319,-82.8663,-82.8997,-82.9323,-82.9639,-82.9945,-83.0243,-83.0531,-83.0809,-83.1079,-83.0941,-83.0211,-82.9308,-82.8427,-82.7648,-82.7000,-82.6429,-82.5501,-82.4317,-82.3110,-82.2020,-82.1109,-82.0396,-81.9874,-81.9525,-81.9328,-81.9259,-81.9300,-81.9430,-81.9633,-81.9896,-82.0207,-82.0480,-82.0481,-82.0245,-81.9885,-81.9496,-81.9142,-81.8858,-81.8662,-81.8557,-81.8542,-81.8607,-81.8743,-81.8941,-81.9190,-81.9482,-81.9809,-82.0164,-82.0540,-82.0933,-82.1338,-82.1668,-82.1367,-82.0740,-82.0074,-81.9486,-81.9023,-81.8697,-81.8505,-81.8435,-81.8471,-81.8600,-81.8805,-81.9072,-81.9390,-81.9749,-82.0138,-82.0552,-82.0983,-82.1425,-82.1876,-82.2331,-82.2787,-82.3241,-82.3692,-82.4138,-82.4578,-82.4778,-82.4259,-82.3454,-82.2624,-82.1887,-82.1291,-82.0847,-82.0500,-82.0094,-81.9616,-81.9115,-81.8644,-81.8237,-81.7917,-81.7692,-81.7563,-81.7526,-81.7572,-81.7693,-81.7878,-81.8119,-81.8407,-81.8732,-81.9089,-81.9470,-81.9871,-82.0286,-82.0711,-82.1143,-82.1580,-82.2018,-82.2455,-82.2890,-82.3322,-82.3748,-82.4168,-82.4582,-82.4988,-82.5386,-82.5776,-82.6157,-82.6526,-82.6590,-82.6232,-82.5714,-82.5176,-82.4686,-82.4275,-82.3955,-82.3727,-82.3586,-82.3525,-82.3534,-82.3605,-82.3728,-82.3896,-82.4099,-82.4332,-82.4590,-82.4866,-82.5157,-82.5458,-82.5768,-82.6082,-82.6399,-82.6718,-82.7035,-82.7351,-82.7663,-82.7972,-82.8276,-82.8575,-82.8868,-82.9155,-82.9436,-82.9710,-82.9978,-83.0239,-83.0492,-83.0739,-83.0979,-83.1212,-83.1439,-83.1658,-83.1871,-83.2078,-83.2278,-83.2472,-83.2660,-83.2842,-83.3018,-83.3189,-83.3354,-83.3514,-83.3669,-83.3818,-83.3963,-83.4104,-83.4240,-83.4371,-83.4498,-83.4622,-83.4741,-83.4857,-83.4969,-83.5077,-83.5183,-83.5285,-83.5384,-83.5480,-83.5573,-83.5664,-83.5752,-83.5837,-83.5920,-83.6001,-83.6079,-83.6156,-83.6230,-83.6302,-83.6373,-83.6442,-83.6509,-83.6574,-83.6638,-83.6700,-83.6760,-83.6816,-83.6870,-83.6921,-83.6971,-83.7018,-83.6440,-83.5225,-83.3930,-83.2752,-83.1752,-83.0941,-83.0305,-82.9824,-82.9478,-82.9245,-82.9106,-82.9046,-82.9050,-82.9106,-82.9204,-82.9335,-82.9494,-82.9673,-82.9869,-83.0077,-83.0293,-83.0516,-83.0742,-83.0970,-83.1198,-83.1426,-83.1651,-83.1874,-83.2093,-83.2308,-83.2519,-83.2725,-83.2926,-83.3121,-83.3311,-83.3496,-83.3675,-83.3848,-83.4016,-83.4179,-83.4336,-83.4488,-83.4634,-83.4775,-83.4912,-83.5043,-83.5170,-83.5292,-83.5409,-83.5522,-83.5631,-83.5736,-83.5837,-83.5934,-83.6027,-83.6117,-83.6203,-83.6286,-83.6366,-83.6443,-83.6517,-83.6588,-83.6657,-83.6723,-83.6786,-83.6848,-83.6906,-83.6963,-83.7018,-83.7071,-83.7121,-83.7170,-83.7218,-83.7263,-83.7307,-83.7350,-83.7391,-83.7431,-83.7469,-83.7507,-83.7543,-83.7577,-83.7611,-83.7644,-83.7676,-83.7707,-83.7736,-83.7766,-83.7794,-83.7821,-83.7848,-83.7874,-83.7899,-83.7924,-83.7948,-83.7971,-83.7994,-83.8017,-83.8038,-83.8060,-83.8081,-83.8101,-83.8121,-83.8140,-83.8160,-83.8178,-83.8197,-83.8215,-83.8233,-83.8250,-83.8267,-83.8284,-83.8301,-83.8317,-83.8333,-83.8349,-83.8002,-83.7048,-83.5917,-83.4813,-83.3820,-83.2968,-83.2264,-83.1700,-83.1263,-83.0939,-83.0711,-83.0566,-83.0489,-83.0470,-83.0498,-83.0564,-83.0662,-83.0786,-83.0929,-83.1088,-83.1260,-83.1440,-83.1627,-83.1819,-83.2013,-83.2208,-83.2404,-83.2598,-83.2787,-83.2860,-83.2721,-83.2415,-83.2014,-83.1581,-83.1160,-83.0779,-83.0454,-83.0191,-82.9991,-82.9851,-82.9767,-82.9732,-82.9742,-82.9789,-82.9867,-82.9973,-83.0102,-83.0248,-83.0410,-83.0583,-83.0766,-83.0956,-83.1150,-83.1348,-83.1548,-83.1749,-83.1950,-83.2149,-83.2347,-83.2543,-83.2735,-83.2653,-83.1925,-83.0912,-82.9908,-82.9040,-82.8342,-82.7812,-82.7431,-82.7179,-82.7034,-82.6979,-82.6998,-82.7076,-82.7203,-82.7369,-82.7565,-82.7786,-82.8025,-82.8278,-82.8542,-82.8813,-82.9088,-82.9365,-82.9642,-82.9919,-83.0193,-83.0463,-83.0729,-83.0991,-83.1247,-83.1497,-83.1740,-83.1977,-83.2208,-83.2432,-83.2649,-83.2859,-83.3062,-83.3259,-83.3449,-83.3632,-83.3809,-83.3979,-83.4143,-83.4302,-83.4454,-83.4600,-83.4741,-83.4877,-83.5007,-83.5132,-83.5252,-83.5368,-83.5479,-83.5586,-83.5688,-83.5787,-83.5881,-83.5972,-83.6059,-83.6143,-83.6223,-83.6301,-83.6375,-83.6447,-83.6515,-83.6581,-83.6645,-83.6706,-83.6765,-83.6821,-83.6876,-83.6928,-83.6979,-83.7028,-83.7075,-83.7120,-83.7164,-83.7206,-83.7247,-83.7286,-83.7324,-83.7361,-83.7397,-83.7432,-83.7465,-83.7498,-83.7529,-83.7560,-83.7589,-83.7618,-83.7646,-83.7673,-83.7700,-83.7726,-83.7751,-83.7775,-83.7799,-83.7823,-83.7845,-83.7868,-83.7889,-83.7911,-83.7931,-83.7952,-83.7972,-83.7991,-83.8011,-83.8029,-83.8048,-83.8066,-83.8084,-83.8087,-83.7655,-83.6676,-83.5500,-83.4363,-83.3365,-83.2536,-83.1873,-83.1358,-83.0974,-83.0698,-83.0515,-83.0408,-83.0364,-83.0372,-83.0422,-83.0507,-83.0620,-83.0754,-83.0907,-83.1073,-83.1250,-83.1434,-83.1624,-83.1818,-83.2014,-83.2210,-83.2406,-83.2601,-83.2794,-83.2984,-83.3170,-83.3354,-83.3533,-83.3707,-83.3878,-83.4044,-83.4205,-83.4361,-83.4363,-83.3867,-83.3068,-83.2192,-83.1366,-83.0648,-83.0059,-82.9598,-82.9255,-82.9018,-82.8872,-82.8804,-82.8800,-82.8849,-82.8942,-82.9071,-82.9228,-82.9408,-82.9605,-82.9816,-83.0037,-83.0265,-83.0497,-83.0733,-83.0969,-83.1205,-83.1439,-83.1671,-83.1899,-83.2124,-83.2344,-83.2559,-83.2770,-83.2974,-83.3174,-83.3367,-83.3555,-83.3737,-83.3914,-83.4084,-83.4249,-83.4408,-83.4562,-83.4706,-83.4532,-83.3932,-83.3144,-83.2321,-83.1549,-83.0873,-83.0310,-82.9863,-82.9526,-82.9288,-82.9136,-82.9059,-82.9044,-82.9082,-82.9163,-82.9280,-82.9425,-82.9592,-82.9778,-82.9976,-83.0186,-83.0402,-83.0624,-83.0848,-83.1074,-83.1300,-83.1524,-83.1747,-83.1966,-83.2182,-83.2394,-83.2602,-83.2804,-83.3002,-83.3195,-83.3382,-83.3564,-83.3740,-83.3911,-83.4077,-83.4237,-83.4392,-83.4541,-83.4686,-83.4825,-83.4959,-83.5089,-83.5213,-83.5333,-83.5449,-83.5560,-83.5668,-83.5771,-83.5870,-83.5966,-83.6057,-83.6146,-83.6231,-83.6312,-83.6391,-83.6467,-83.6540,-83.6610,-83.6677,-83.6742,-83.6796,-83.6533,-83.5818,-83.4901,-83.3966,-83.3107,-83.2365,-83.1749,-83.1258,-83.0879,-83.0601,-83.0409,-83.0291,-83.0235,-83.0232,-83.0272,-83.0347,-83.0451,-83.0579,-83.0726,-83.0887,-83.1060,-83.1242,-83.1430,-83.1623,-83.1818,-83.2014,-83.2211,-83.2407,-83.2601,-83.2792,-83.2981,-83.3167,-83.3348,-83.3521,-83.3567,-83.3400,-83.3070,-83.2649,-83.2198,-83.1761,-83.1365,-83.1025,-83.0748,-83.0535,-83.0381,-83.0283,-83.0235,-83.0230,-83.0263,-83.0328,-83.0420,-83.0535,-83.0668,-83.0816,-83.0976,-83.1146,-83.1322,-83.1505,-83.1690,-83.1878,-83.2068,-83.2257,-83.2446,-83.2633,-83.2818,-83.3001,-83.3180,-83.3357,-83.3530,-83.3699,-83.3864,-83.4025,-83.4182,-83.4326,-83.4210,-83.3671,-83.2909,-83.2112,-83.1383,-83.0764,-83.0264,-82.9879,-82.9597,-82.9405,-82.9290,-82.9240,-82.9245,-82.9295,-82.9383,-82.9502,-82.9645,-82.9809,-82.9989,-83.0181,-83.0383,-83.0592,-83.0806,-83.1022,-83.1241,-83.1459,-83.1677,-83.1893,-83.2106,-83.2316,-83.2523,-83.2726,-83.2924,-83.3118,-83.3306,-83.3490,-83.3669,-83.3842,-83.4011,-83.4174,-83.4332,-83.4485,-83.4632,-83.4775,-83.4913,-83.5046,-83.5174,-83.5298,-83.5417,-83.5532,-83.5643,-83.5750,-83.5465,-83.4380,-83.3133,-83.1971,-83.0977,-83.0171,-82.9546,-82.9085,-82.8765,-82.8564,-82.8463,-82.8443,-82.8489,-82.8589,-82.8731,-82.8906,-82.9107,-82.9328,-82.9564,-82.9811,-82.9885,-82.9096,-82.8039,-82.7026,-82.6165,-82.5488,-82.4991,-82.4658,-82.4468,-82.4399,-82.4429,-82.4541,-82.4719,-82.4949,-82.5219,-82.5521,-82.5733,-82.5307,-82.4476,-82.3493,-82.2376,-82.1212,-81.9986,-81.8685,-81.7398,-81.6209,-81.5175,-81.4033,-81.1994,-80.9591,-80.7136,-80.4948,-80.3139,-80.1728,-80.0692,-79.9994,-79.9590,-79.9438,-79.9498,-79.9735,-80.0117,-80.0617,-80.1213,-80.1885,-80.2616,-80.3392,-80.4202,-80.5037,-80.5888,-80.6748,-80.7612,-80.8475,-80.9334,-81.0185,-81.1026,-81.1855,-81.2670,-81.3470,-81.4173,-81.4283,-81.3788,-81.2850,-81.1669,-81.0412,-80.9045,-80.7577,-80.6128,-80.4754,-80.3291,-80.1801,-80.0414,-79.9155,-79.7686,-79.6133,-79.4265,-79.2002,-78.9806,-78.7940,-78.6484,-78.5435,-78.4751,-78.4275,-78.3859,-78.3504,-78.3205,-78.2874,-78.2526,-78.2229,-78.2036,-78.1976,-78.2046,-78.1976,-78.1695,-78.1244,-78.0634,-77.9964,-77.9333,-77.8689,-77.7651,-77.6309,-77.4848,-77.3334,-77.1867,-77.0551,-76.9450,-76.8596,-76.7999,-76.7649,-76.7488,-76.6781,-76.5833,-76.5018,-76.3788,-76.2058,-76.0316,-75.8430,-75.6163,-75.3905,-75.2014,-75.0620,-74.9729,-74.9295,-74.9256,-74.9549,-75.0115,-75.0905,-75.1877,-75.2993,-75.4224,-75.5544,-75.6934,-75.8374,-75.9853,-76.1210,-76.1467,-76.0810,-75.9975,-75.9288,-75.8867,-75.8540,-75.7552,-75.6551,-75.5815,-75.5187,-75.4174,-75.3162,-75.2411,-75.1835,-75.0599,-74.9377,-74.8486,-74.7996,-74.7891,-74.8127,-74.8653,-74.9419,-75.0378,-75.1081,-75.1135,-75.0962,-75.0288,-74.8887,-74.7288,-74.5903,-74.4865,-74.3832,-74.2855,-74.2106,-74.1653,-74.1507,-74.1656,-74.2071,-74.2695,-74.3325,-74.3867,-74.4378,-74.4933,-74.5582,-74.6346,-74.7232,-74.8233,-74.9337,-75.0529,-75.1795,-75.3121,-75.4493,-75.5873,-75.6883,-75.7247,-75.6728,-75.5914,-75.5168,-75.4645,-75.4232,-75.3778,-75.3344,-75.3009,-75.2829,-75.2832,-75.3025,-75.3402,-75.3948,-75.4643,-75.5467,-75.6400,-75.7424,-75.8520,-75.9277,-75.9465,-75.9477,-75.9315,-75.8447,-75.7258,-75.5828,-75.4412,-75.3195,-75.2267,-75.1656,-75.0570,-74.9101,-74.7857,-74.6986,-74.6503,-74.6377,-74.6562,-74.7007,-74.7668,-74.8504,-74.9481,-75.0570,-75.1593,-75.2260,-75.2691,-75.3054,-75.3460,-75.3966,-75.4591,-75.5337,-75.6192,-75.7143,-75.8174,-75.9268,-76.0414,-76.1458,-76.2029,-76.2309,-76.2500,-76.2725,-76.3044,-76.3480,-76.4004,-76.4374,-76.4533,-76.4254,-76.3394,-76.2153,-76.0695,-75.9072,-75.7428,-75.5910,-75.4616,-75.3599,-75.2720,-75.1644,-75.0541,-74.9412,-74.7755,-74.6113,-74.4758,-74.3767,-74.3144,-74.2861,-74.2882,-74.3164,-74.3603,-74.3550,-74.2426,-74.1102,-73.9975,-73.9186,-73.8762,-73.8580,-73.7825,-73.6526,-73.5177,-73.4055,-73.3267,-73.2833,-73.2733,-73.2934,-73.3397,-73.4083,-73.4957,-73.5822,-73.6163,-73.6076,-73.5691,-73.5137,-73.4518,-73.3690,-73.2724,-73.1781,-73.0978,-73.0385,-73.0036,-72.9921,-72.9402,-72.7752,-72.5333,-72.2005,-71.8372,-71.4912,-71.1882,-70.9390,-70.7463,-70.6080,-70.5196,-70.4760,-70.4712,-70.5000,-70.5571,-70.6379,-70.7385,-70.8554,-70.9854,-71.1261,-71.2753,-71.4311,-71.5920,-71.7568,-71.9209,-72.0606,-72.1612,-72.1703,-72.0840,-71.9053,-71.6935,-71.4899,-71.2838,-71.0268,-70.7887,-70.5958,-70.4543,-70.3625,-70.3158,-70.3088,-70.3358,-70.3917,-70.4718,-70.5720,-70.6887,-70.8189,-70.9418,-70.9858,-70.9391,-70.8581,-70.7849,-70.7356,-70.6961,-70.6595,-70.6318,-70.6197,-70.6270,-70.6455,-70.6215,-70.4825,-70.3161,-70.1332,-69.9402,-69.7562,-69.5968,-69.4705,-69.3747,-69.2353,-69.0882,-68.9682,-68.8868,-68.8458,-68.8429,-68.8742,-68.9351,-69.0214,-69.1289,-69.2541,-69.3937,-69.5451,-69.7058,-69.8739,-70.0477,-70.2258,-70.4069,-70.5902,-70.7748,-70.9336,-70.9623,-70.9189,-70.8338,-70.7348,-70.6267,-70.5137,-70.4083,-70.3212,-70.2590,-70.2246,-70.2110,-70.1866,-70.1413,-70.0839,-70.0231,-69.9286,-69.8056,-69.6864,-69.5866,-69.4695,-69.3377,-69.2218,-69.1383,-69.0919,-69.0818,-69.1046,-69.1562,-69.1755,-69.1401,-69.0761,-68.9880,-68.9031,-68.7067,-68.4237,-68.1596,-67.9476,-67.7955,-67.7014,-67.6598,-67.6640,-67.7074,-67.7840,-67.8881,-68.0150,-68.1607,-68.3214,-68.4942,-68.6765,-68.8662,-69.0615,-69.2559,-69.4289,-69.5381,-69.5910,-69.6186,-69.6399,-69.6661,-69.6952,-69.6993,-69.6866,-69.6736,-69.6167,-69.5182,-69.4105,-69.3012,-69.2022,-69.1013,-68.9903,-68.8862,-68.8036,-68.7436,-68.6908,-68.6436,-68.5945,-68.5246,-68.4484,-68.3829,-68.3391,-68.3219,-68.3327,-68.3704,-68.4328,-68.5171,-68.6205,-68.7401,-68.8734,-69.0095,-69.0798,-69.1190,-69.1569,-69.1980,-69.2312,-69.2570,-69.2725,-69.2752,-69.2723,-69.2719,-69.2800,-69.3005,-69.3358,-69.3867,-69.4530,-69.5340,-69.6287,-69.7357,-69.8535,-69.9809,-70.1163,-70.2503,-70.3661,-70.4628,-70.4896,-70.4259,-70.3249,-70.2160,-70.1161,-70.0345,-69.9756,-69.8960,-69.7078,-69.4521,-69.1843,-68.9372,-68.7261,-68.5436,-68.3328,-68.1274,-67.9503,-67.8096,-67.6835,-67.5214,-67.3679,-67.2427,-67.1517,-67.0954,-67.0719,-67.0724,-67.0796,-67.0885,-67.1016,-67.1105,-67.0751,-67.0127,-66.9500,-66.8811,-66.8027,-66.7261,-66.6602,-66.6110,-66.5819,-66.5743,-66.5881,-66.6103,-66.6070,-66.5895,-66.5729,-66.5672,-66.5775,-66.6061,-66.6534,-66.7185,-66.7999,-66.8961,-67.0052,-67.1256,-67.2556,-67.3939,-67.5391,-67.6791,-67.7681,-67.8193,-67.8604,-67.9074,-67.9674,-68.0424,-68.1322,-68.2356,-68.3430,-68.4338,-68.4460,-68.3924,-68.3137,-68.2257,-68.1390,-68.0501,-67.9550,-67.8600,-67.7733,-67.6996,-67.6250,-67.5371,-67.4392,-67.3402,-67.2483,-67.1694,-67.1073,-67.0636,-67.0390,-67.0331,-67.0450,-67.0165,-66.9410,-66.8653,-66.8075,-66.7741,-66.7664,-66.7834,-66.8179,-66.8486,-66.8723,-66.8948,-66.9225,-66.9600,-67.0100,-67.0572,-67.0736,-67.0777,-67.0840,-67.1000,-67.1297,-67.1678,-67.1485,-67.1055,-67.0685,-67.0488,-67.0502,-67.0734,-67.1175,-67.1810,-67.2618,-67.3581,-67.4678,-67.5891,-67.7204,-67.8519,-67.9529,-68.0312,-68.1008,-68.1567,-68.1746,-68.1757,-68.1766,-68.1866,-68.2104,-68.2500,-68.3062,-68.3782,-68.4651,-68.5655,-68.6779,-68.8008,-68.9279,-68.9681,-68.9727,-68.9828,-69.0111,-69.0607,-69.1311,-69.2204,-69.3259,-69.4150,-69.4722,-69.5187,-69.5280,-69.4752,-69.4132,-69.3648,-69.3393,-69.3397,-69.3658,-69.4157,-69.4872,-69.5774,-69.6837,-69.8036,-69.9350,-70.0709,-70.1862,-70.2798,-70.3492,-70.3799,-70.3892,-70.3926,-70.4008,-70.4203,-70.4545,-70.5049,-70.5712,-70.6527,-70.7470,-70.8078,-70.8345,-70.8572,-70.8884,-70.9249,-70.9524,-70.9710,-70.9881,-71.0105,-71.0416,-71.0814,-71.1326,-71.1964,-71.2729,-71.3612,-71.4603,-71.5690,-71.6858,-71.8088,-71.9076,-71.9684,-72.0116,-72.0533,-72.1018,-72.1612,-72.2327,-72.3161,-72.4106,-72.5148,-72.6276,-72.7476,-72.8735,-72.9878,-73.0736,-73.1400,-73.1971,-73.2527,-73.3120,-73.3781,-73.4525,-73.5356,-73.6273,-73.6746,-73.5987,-73.4825,-73.3702,-73.2803,-73.2197,-73.1896,-73.1882,-73.2126,-73.2596,-73.3234,-73.3574,-73.3529,-73.3419,-73.3434,-73.3647,-73.3760,-73.3023,-73.1884,-73.0747,-72.9811,-72.9159,-72.8809,-72.8750,-72.8956,-72.9395,-73.0037,-73.0849,-73.1806,-73.2881,-73.4054,-73.5307,-73.6621,-73.7794,-73.8569,-73.8900,-73.8889,-73.8719,-73.8539,-73.8445,-73.8491,-73.8701,-73.9077,-73.9612,-74.0246,-74.0782,-74.1167,-74.1458,-74.1619,-73.9712,-73.6320,-73.2758,-72.9583,-72.6988,-72.5004,-72.3594,-72.2502,-72.0896,-71.9398,-71.8174,-71.7108,-71.5615,-71.3867,-71.2287,-71.1032,-71.0154,-70.9654,-70.9507,-70.9678,-71.0130,-71.0821,-71.1716,-71.2779,-71.3982,-71.5297,-71.6703,-71.8179,-71.9710,-72.1281,-72.2881,-72.4502,-72.6134,-72.7772,-72.9411,-73.0923,-73.1881,-73.2447,-73.2900,-73.3393,-73.3957,-73.4502,-73.4988,-73.5442,-73.5903,-73.6404,-73.6968,-73.7607,-73.8326,-73.9124,-73.9996,-74.0937,-74.1939,-74.2923,-74.3498,-74.3792,-74.4000,-74.4063,-74.3524,-74.2714,-74.1975,-74.1458,-74.0851,-73.9097,-73.7033,-73.4973,-73.2836,-73.0720,-72.8486,-72.6323,-72.4426,-72.2905,-72.1798,-72.1072,-72.0001,-71.8796,-71.7815,-71.7166,-71.6867,-71.6896,-71.7216,-71.7788,-71.8572,-71.9531,-72.0636,-72.1858,-72.3173,-72.4562,-72.6009,-72.7498,-72.8885,-72.9830,-73.0518,-73.1092,-73.1361,-73.1126,-73.0547,-72.9833,-72.9142,-72.8575,-72.8191,-72.7854,-72.7144,-72.6262,-72.5470,-72.4902,-72.4603,-72.4574,-72.4793,-72.5230,-72.5851,-72.6516,-72.7067,-72.7480,-72.6961,-72.5552,-72.4038,-72.2692,-72.1621,-72.0859,-72.0408,-72.0246,-72.0255,-72.0252,-72.0225,-72.0234,-72.0335,-72.0565,-72.0941,-72.1464,-72.2128,-72.2915,-72.3509,-72.3763,-72.3889,-72.4048,-72.4246,-72.4268,-72.3838,-72.2090,-71.9776,-71.7246,-71.4107,-71.0946,-70.8064,-70.5579,-70.3545,-70.1966,-70.0817,-70.0062,-69.9658,-69.9562,-69.9735,-70.0138,-70.0737,-70.1503,-70.2404,-70.3228,-70.3849,-70.3999,-70.3567,-70.2913,-70.2256,-70.1720,-70.1365,-70.1191,-70.0925,-70.0489,-70.0051,-69.9746,-69.9643,-69.9759,-70.0090,-70.0615,-70.1314,-70.2162,-70.3137,-70.4221,-70.5395,-70.6643,-70.7766,-70.8314,-70.8571,-70.8822,-70.9188,-70.9704,-71.0371,-71.1176,-71.2103,-71.3091,-71.3813,-71.4257,-71.4586,-71.4920,-71.5185,-71.5146,-71.4946,-71.4757,-71.4556,-71.4258,-71.3935,-71.3673,-71.3539,-71.3569,-71.3778,-71.4166,-71.4723,-71.5434,-71.6281,-71.7245,-71.8251,-71.9106,-71.9788,-72.0379,-72.0961,-72.1588,-72.2289,-72.3079,-72.3958,-72.4923,-72.5965,-72.7075,-72.8243,-72.9460,-73.0717,-73.2007,-73.3323,-73.4658,-73.6009,-73.7371,-73.8739,-74.0111,-74.1483,-74.2854,-74.4222,-74.5584,-74.6940,-74.8287,-74.9625,-75.0954,-75.2272,-75.3578,-75.4872,-75.6153,-75.7422,-75.8677,-75.9918,-76.1145,-76.2357,-76.3555,-76.4738,-76.5907,-76.7060,-76.8197,-76.9319,-77.0426,-77.1517,-77.2592,-77.3630,-77.4291,-77.4523,-77.4556,-77.4551,-77.4590,-77.4713,-77.4931,-77.5245,-77.5648,-77.6130,-77.6681,-77.7289,-77.7945,-77.8641,-77.9367,-78.0119,-78.0889,-78.1673,-78.2466,-78.3265,-78.4066,-78.4867,-78.5666,-78.6460,-78.7249,-78.8030,-78.8803,-78.9568,-79.0322,-79.1066,-79.1799,-79.2522,-79.3232,-79.3931,-79.4618,-79.5293,-79.5955,-79.6606,-79.7244,-79.7871,-79.8485,-79.9087,-79.9644,-79.9785,-79.9504,-79.9043,-79.8564,-79.8151,-79.7842,-79.7646,-79.7562,-79.7579,-79.7687,-79.7872,-79.8123,-79.8428,-79.8779,-79.9166,-79.9583,-80.0023,-80.0481,-80.0952,-80.1434,-80.1921,-80.2413,-80.2763,-80.2253,-80.1436,-80.0638,-79.9974,-79.9478,-79.9153,-79.8984,-79.8954,-79.9040,-79.9225,-79.9491,-79.9823,-80.0206,-80.0632,-80.1090,-80.1572,-80.2073,-80.1586,-79.9961,-79.7737,-79.5622,-79.3836,-79.2434,-79.1401,-79.0699,-79.0284,-79.0110,-79.0136,-79.0326,-79.0648,-79.1077,-79.1591,-79.2172,-79.2804,-79.3476,-79.4176,-79.4897,-79.5433,-79.4834,-79.4000,-79.3294,-79.2811,-79.2557,-79.2511,-79.2643,-79.2922,-79.3320,-79.3812,-79.4380,-79.5004,-79.5672,-79.6372,-79.7094,-79.7831,-79.8577,-79.9326,-80.0074,-80.0819,-80.1557,-80.2287,-80.3006,-80.3714,-80.4410,-80.5092,-80.5760,-80.6414,-80.7054,-80.7679,-80.8289,-80.8884,-80.9464,-81.0029,-81.0580,-81.1117,-81.1639,-81.2148,-81.2643,-81.3124,-81.3592,-81.3459,-81.2657,-81.1718,-81.0847,-81.0124,-80.9568,-80.9178,-80.8936,-80.8823,-80.8820,-80.8909,-80.9072,-80.9296,-80.9569,-80.9881,-81.0223,-81.0588,-81.0971,-81.1367,-81.1771,-81.2181,-81.2594,-81.3008,-81.3421,-81.3735,-81.3512,-81.2972,-81.2340,-81.1738,-81.1224,-81.0825,-81.0547,-81.0384,-81.0327,-81.0361,-81.0474,-81.0654,-81.0889,-81.1168,-81.1484,-81.1828,-81.2194,-81.2577,-81.2972,-81.3376,-81.3786,-81.4198,-81.4611,-81.5023,-81.5432,-81.5838,-81.6239,-81.6634,-81.7024,-81.7407,-81.7783,-81.8151,-81.8406,-81.7923,-81.7024,-81.6075,-81.5246,-81.4592,-81.4118,-81.3808,-81.3640,-81.3591,-81.3640,-81.3770,-81.3964,-81.4210,-81.4497,-81.4816,-81.5160,-81.5522,-81.5897,-81.6282,-81.6673,-81.7067,-81.7462,-81.7856,-81.8248,-81.8635,-81.9018,-81.9395,-81.9766,-82.0130,-82.0487,-82.0837,-82.1179,-82.1513,-82.1839,-82.1969,-82.1455,-82.0630,-81.9739,-81.8910,-81.8201,-81.7630,-81.7199,-81.6897,-81.6709,-81.6620,-81.6614,-81.6679,-81.6802,-81.6973,-81.7182,-81.7422,-81.7687,-81.7971,-81.8269,-81.8578,-81.8895,-81.9216,-81.9541,-81.9867,-82.0192,-82.0515,-82.0836,-82.1154,-82.1467,-82.1775,-82.2079,-82.2376,-82.2669,-82.2955,-82.3235,-82.3508,-82.3776,-82.4037,-82.4292,-82.4541,-82.4784,-82.5020,-82.5251,-82.5475,-82.5694,-82.5907,-82.6115,-82.6317,-82.6513,-82.6705,-82.6891,-82.7073,-82.7250,-82.7422,-82.7590,-82.7753,-82.7913,-82.8068,-82.8219,-82.8366,-82.8510,-82.8650,-82.8787,-82.8920,-82.9050,-82.9178,-82.9302,-82.9423,-82.9541,-82.9657,-82.9770,-82.9881,-82.9990,-83.0096,-83.0200,-83.0301,-83.0401,-83.0499,-83.0594,-83.0688,-83.0781,-83.0871,-83.0959,-83.0864,-83.0409,-82.9773,-82.9086,-82.8419,-82.7811,-82.7281,-82.6837,-82.6478,-82.6201,-82.5998,-82.5862,-82.5785,-82.5759,-82.5776,-82.5830,-82.5916,-82.6027,-82.6160,-82.6310,-82.6365,-82.6153,-82.5723,-82.5180,-82.4611,-82.4078,-82.3614,-82.3236,-82.2948,-82.2747,-82.2628,-82.2580,-82.2595,-82.2664,-82.2779,-82.2931,-82.3114,-82.3323,-82.3553,-82.3799,-82.4057,-82.4325,-82.4600,-82.4880,-82.5162,-82.5446,-82.5730,-82.6013,-82.6294,-82.6572,-82.6847,-82.7117,-82.7383,-82.7645,-82.7901,-82.8151,-82.8397,-82.8636,-82.8870,-82.9099,-82.9321,-82.9537,-82.9748,-82.9953,-83.0153,-83.0347,-83.0535,-83.0718,-83.0896,-83.1069,-83.1236,-83.1399,-83.1557,-83.1710,-83.1859,-83.2003,-83.2143,-83.2279,-83.2411,-83.2539,-83.2663,-83.2784,-83.2901,-83.3015,-83.3126,-83.3234,-83.3338,-83.3440,-83.3539,-83.3635,-83.3729,-83.3820,-83.3909,-83.3996,-83.4080,-83.4163,-83.4243,-83.4321,-83.4351,-83.4022,-83.3338,-83.2502,-83.1665,-83.0904,-83.0251,-82.9716,-82.9292,-82.8971,-82.8739,-82.8585,-82.8499,-82.8468,-82.8485,-82.8541,-82.8630,-82.8746,-82.8883,-82.9039,-82.9209,-82.9390,-82.9579,-82.9358,-82.8372,-82.7239,-82.6199,-82.5332,-82.4651,-82.4149,-82.3804,-82.3595,-82.3501,-82.3503,-82.3582,-82.3725,-82.3920,-82.4154,-82.4421,-82.4712,-82.5022,-82.5345,-82.5678,-82.6016,-82.6358,-82.6700,-82.7042,-82.7380,-82.7715,-82.8039,-82.8030,-82.7341,-82.6083,-82.4591,-82.3091,-82.1713,-82.0524,-81.9548,-81.8785,-81.8216,-81.7653,-81.6949,-81.6176,-81.5436,-81.4793,-81.4284,-81.3920,-81.3698,-81.3607,-81.3633,-81.3761,-81.3974,-81.4259,-81.4603,-81.4996,-81.5427,-81.5889,-81.6373,-81.6876,-81.7390,-81.7913,-81.8441,-81.8970,-81.9499,-82.0024,-82.0545,-82.1059,-82.1567,-82.2065,-82.2555,-82.3035,-82.3504,-82.3963,-82.4410,-82.4846,-82.5270,-82.5683,-82.6084,-82.6474,-82.6851,-82.7218,-82.7573,-82.7916,-82.8249,-82.8571,-82.8882,-82.9183,-82.9474,-82.9755,-83.0026,-83.0288,-83.0541,-83.0785,-83.1020,-83.1248,-83.1467,-83.1678,-83.1882,-83.2079,-83.2268,-83.2451,-83.2628,-83.2798,-83.2962,-83.3121,-83.3274,-83.3421,-83.3564,-83.3702,-83.3835,-83.3963,-83.4087,-83.4207,-83.4323,-83.4435,-83.4544,-83.4649,-83.4751,-83.4849,-83.4945,-83.5038,-83.5127,-83.5214,-83.5299,-83.5381,-83.5461,-83.5538,-83.5614,-83.5687,-83.5759,-83.5667,-83.4705,-83.3417,-83.2122,-83.0285,-82.7787,-82.5128,-82.2627,-82.0430,-81.8586,-81.7092,-81.5922,-81.5042,-81.4412,-81.3997,-81.3763,-81.3680,-81.3722,-81.3867,-81.4097,-81.4396,-81.4750,-81.5148,-81.5582,-81.6043,-81.6524,-81.7020,-81.7527,-81.8041,-81.8557,-81.9075,-81.9590,-82.0102,-82.0609,-82.1109,-82.1602,-82.2086,-82.2561,-82.3025,-82.3480,-82.3924,-82.4357,-82.4778,-82.5189,-82.5586,-82.5743,-82.5427,-82.4842,-82.4193,-82.3598,-82.3110,-82.2744,-82.2495,-82.2353,-82.2305,-82.2335,-82.2432,-82.2583,-82.2779,-82.3010,-82.3270,-82.3553,-82.3853,-82.4165,-82.4487,-82.4815,-82.5147,-82.5480,-82.5812,-82.6143,-82.6472,-82.6796,-82.7115,-82.7429,-82.7737,-82.8038,-82.8333,-82.8621,-82.8902,-82.9175,-82.9441,-82.9700,-82.9951,-83.0179,-82.9702,-82.8744,-82.7712,-82.6769,-82.5976,-82.5350,-82.4886,-82.4566,-82.4373,-82.4287,-82.4290,-82.4366,-82.4501,-82.4684,-82.4905,-82.5155,-82.5428,-82.5719,-82.6021,-82.6332,-82.6648,-82.6967,-82.7286,-82.7604,-82.7920,-82.8232,-82.8539,-82.8841,-82.9136,-82.9426,-82.9709,-82.9984,-83.0253,-83.0514,-83.0768,-83.1015,-83.1254,-83.1486,-83.1711,-83.1929,-83.2139,-83.2344,-83.2541,-83.2732,-83.2917,-83.3095,-83.3268,-83.3434,-83.3492,-83.2820,-83.1692,-83.0510,-82.9459,-82.8594,-82.7918,-82.7413,-82.7055,-82.6823,-82.6694,-82.6650,-82.6677,-82.6760,-82.6889,-82.7055,-82.7250,-82.7468,-82.7703,-82.7951,-82.8210,-82.8475,-82.8744,-82.9015,-82.9287,-82.9557,-82.9826,-83.0092,-83.0354,-83.0611,-83.0864,-83.1111,-83.1352,-83.1588,-83.1818,-83.2041,-83.2259,-83.2470,-83.2675,-83.2874,-83.3067,-83.3252,-83.2805,-83.1812,-83.0721,-82.9712,-82.8853,-82.8163,-82.7639,-82.7263,-82.7018,-82.6884,-82.6841,-82.6875,-82.6970,-82.7116,-82.7301,-82.7517,-82.7757,-82.8016,-82.8288,-82.8570,-82.8858,-82.9150,-82.9443,-82.9735,-83.0026,-83.0314,-83.0598,-83.0877,-83.1150,-83.1418,-83.1679,-83.1935,-83.2183,-83.2424,-83.2659,-83.2887,-83.3108,-83.3322,-83.3529,-83.3729,-83.3923,-83.4111,-83.4292,-83.4448,-83.4211,-83.3608,-83.2888,-83.2175,-83.1526,-83.0968,-83.0509,-83.0148,-82.9879,-82.9694,-82.9583,-82.9536,-82.9543,-82.9597,-82.9545,-82.9165,-82.8614,-82.8021,-82.7456,-82.6958,-82.6543,-82.6219,-82.5985,-82.5835,-82.5761,-82.5756,-82.5810,-82.5915,-82.6062,-82.5797,-82.4688,-82.3468,-82.2382,-82.1499,-82.0832,-82.0364,-81.9919,-81.9250,-81.8482,-81.7732,-81.7072,-81.6538,-81.6149,-81.5902,-81.5790,-81.5799,-81.5913,-81.6116,-81.6394,-81.6734,-81.7124,-81.7553,-81.8012,-81.8495,-81.8994,-81.9505,-82.0022,-82.0543,-82.1065,-82.1584,-82.2035,-82.2032,-82.1703,-82.1251,-82.0796,-82.0406,-82.0112,-81.9924,-81.9841,-81.9854,-81.9952,-82.0123,-82.0355,-82.0638,-82.0961,-82.1316,-82.1695,-82.2093,-82.2504,-82.2921,-82.3139,-82.2956,-82.2534,-82.2052,-82.1613,-82.1266,-82.1026,-82.0892,-82.0622,-81.9388,-81.7973,-81.6714,-81.5705,-81.4958,-81.4450,-81.4151,-81.4029,-81.4053,-81.4198,-81.4441,-81.4761,-81.5143,-81.5574,-81.6041,-81.6536,-81.7052,-81.7581,-81.7947,-81.7460,-81.6678,-81.5933,-81.5334,-81.4911,-81.4660,-81.4563,-81.4599,-81.4748,-81.4990,-81.5306,-81.5682,-81.6105,-81.6562,-81.6820,-81.6639,-81.6211,-81.5735,-81.5325,-81.5029,-81.4860,-81.4814,-81.4878,-81.5037,-81.5275,-81.5578,-81.5934,-81.6332,-81.6763,-81.7220,-81.7695,-81.8184,-81.8681,-81.9183,-81.9687,-82.0189,-82.0309,-81.9436,-81.8380,-81.7433,-81.6681,-81.6138,-81.5787,-81.5605,-81.5566,-81.5644,-81.5819,-81.6072,-81.6386,-81.6748,-81.7147,-81.7574,-81.8021,-81.8482,-81.8953,-81.9429,-81.9906,-82.0382,-82.0855,-82.1322,-82.1783,-82.2236,-82.2680,-82.3115,-82.3540,-82.3954,-82.4358,-82.4751,-82.5134,-82.5505,-82.5865,-82.6215,-82.6554,-82.6883,-82.7201,-82.7509,-82.7807,-82.8095,-82.8374,-82.8644,-82.8905,-82.9157,-82.9400,-82.9635,-82.9863,-83.0083,-83.0295,-83.0500,-83.0698,-83.0890,-83.1075,-83.1254,-83.1427,-83.1594,-83.1756,-83.1912,-83.2064,-83.2210,-83.2352,-83.2489,-83.2622,-83.2751,-83.2876,-83.2997,-83.3114,-83.3228,-83.3338,-83.3446,-83.3550,-83.3651,-83.3749,-83.3841,-83.3644,-83.2972,-83.2076,-83.1150,-83.0297,-82.9563,-82.8960,-82.8485,-82.8127,-82.7873,-82.7709,-82.7621,-82.7596,-82.7625,-82.7698,-82.7806,-82.7944,-82.8106,-82.8286,-82.8481,-82.8688,-82.8902,-82.9123,-82.9348,-82.9576,-82.9804,-83.0033,-83.0260,-83.0485,-83.0708,-83.0928,-83.1144,-83.1356,-83.1564,-83.1768,-83.1967,-83.2161,-83.2350,-83.2535,-83.2714,-83.2889,-83.3059,-83.3224,-83.3385,-83.3540,-83.3691,-83.3838,-83.3980,-83.4118,-83.4251,-83.4381,-83.4506,-83.4628,-83.4746,-83.4861,-83.4971,-83.5079,-83.5183,-83.5284,-83.5382,-83.5478,-83.5570,-83.5185,-83.3751,-83.2209,-83.0842,-82.9721,-82.8844,-82.8187,-82.7696,-82.7026,-82.6111,-82.5127,-82.4208,-82.3424,-82.2803,-82.2346,-82.2041,-82.1872,-82.1818,-82.1862,-82.1987,-82.2178,-82.2423,-82.2710,-82.3031,-82.3379,-82.3746,-82.4128,-82.4519,-82.4918,-82.5319,-82.5722,-82.6123,-82.6522,-82.6916,-82.7304,-82.7686,-82.8061,-82.8428,-82.8787,-82.9137,-82.9478,-82.9810,-83.0132,-83.0446,-83.0749,-83.1044,-83.1329,-83.1605,-83.1821,-83.1464,-83.0610,-82.9637,-82.8748,-82.8015,-82.7450,-82.7040,-82.6765,-82.6606,-82.6543,-82.6558,-82.6638,-82.6771,-82.6945,-82.7153,-82.7387,-82.7642,-82.7912,-82.8193,-82.8482,-82.8776,-82.9073,-82.9371,-82.9668,-82.9962,-83.0254,-83.0541,-83.0823,-83.1100,-83.1371,-83.1636,-83.1825,-83.1605,-83.1047,-83.0349,-82.9649,-82.9022,-82.8503,-82.8102,-82.7813,-82.7627,-82.7530,-82.7510,-82.7553,-82.7564,-82.6500,-82.5089,-82.3791,-82.2732,-82.1933,-82.1373,-82.1021,-82.0844,-82.0810,-82.0892,-82.1068,-82.1318,-82.1625,-82.1978,-82.2365,-82.2777,-82.3207,-82.3650,-82.4100,-82.4554,-82.5008,-82.5460,-82.5908,-82.6350,-82.6785,-82.7212,-82.7629,-82.8037,-82.8434,-82.8821,-82.9197,-82.9562,-82.9916,-83.0259,-83.0591,-83.0912,-83.1223,-83.1523,-83.1812,-83.2091,-83.2360,-83.2620,-83.2870,-83.3111,-83.3343,-83.3567,-83.3782,-83.3989,-83.4188,-83.4379,-83.4435,-83.4010,-83.3308,-83.2517,-83.1747,-83.1058,-83.0476,-83.0009,-82.9654,-82.9401,-82.9239,-82.9155,-82.9138,-82.9177,-82.9262,-82.9385,-82.9539,-82.9717,-82.9914,-83.0126,-83.0350,-83.0582,-83.0820,-83.0108,-82.8740,-82.7407,-82.6287,-82.5416,-82.4780,-82.4351,-82.4097,-82.3986,-82.3992,-82.4092,-82.4267,-82.4500,-82.4778,-82.5092,-82.5431,-82.5790,-82.6161,-82.6542,-82.6926,-82.7313,-82.7699,-82.8081,-82.8460,-82.8832,-82.9141,-82.9245,-82.9155,-82.8941,-82.8670,-82.8393,-82.8142,-82.7937,-82.7788,-82.7696,-82.7662,-82.7679,-82.7744,-82.7850,-82.7991,-82.8162,-82.8358,-82.8573,-82.8805,-82.9049,-82.9303,-82.9564,-82.9830,-83.0098,-83.0367,-83.0636,-83.0904,-83.1170,-83.1433,-83.1692,-83.1946,-83.2196,-83.2441,-83.2681,-83.2914,-83.3143,-83.3365,-83.3581,-83.3792,-83.3996,-83.4195,-83.4388,-83.4574,-83.4476,-83.3683,-83.2604,-83.1552,-83.0651,-82.9928,-82.9378,-82.8972,-82.8601,-82.8165,-82.7670,-82.7160,-82.6675,-82.6244,-82.5884,-82.5603,-82.5402,-82.5278,-82.5224,-82.5233,-82.5299,-82.5413,-82.5569,-82.5760,-82.5981,-82.6225,-82.6489,-82.6769,-82.7061,-82.7362,-82.7669,-82.7981,-82.8295,-82.8610,-82.8924,-82.9236,-82.9546,-82.9851,-83.0153,-83.0449,-83.0740,-83.1025,-83.1304,-83.1576,-83.1842,-83.2101,-83.2354,-83.2599,-83.2837,-83.3069,-83.3294,-83.3512,-83.3723,-83.3927,-83.4125,-83.4317,-83.4502,-83.4682,-83.4855,-83.5022,-83.5184,-83.5341,-83.5492,-83.5637,-83.5778,-83.5914,-83.6045,-83.6172,-83.6294,-83.6412,-83.6526,-83.6636,-83.6743,-83.6845,-83.6945,-83.7029,-83.6910,-83.6490,-83.5878,-83.5192,-83.4517,-83.3902,-83.3369,-83.2928,-83.2576,-83.2308,-83.2114,-83.1987,-83.1916,-83.1894,-83.1913,-83.1965,-83.2046,-83.2151,-83.2274,-83.2356,-83.2125,-83.1607,-83.0960,-83.0303,-82.9659,-82.8883,-82.7967,-82.7010,-82.6101,-82.5295,-82.4619,-82.4080,-82.3674,-82.3391,-82.3219,-82.3143,-82.3151,-82.3229,-82.3368,-82.3556,-82.3786,-82.4051,-82.4343,-82.4657,-82.4989,-82.5334,-82.5689,-82.6052,-82.6419,-82.6788,-82.7158,-82.7526,-82.7892,-82.8255,-82.8613,-82.8966,-82.9313,-82.9653,-82.9986,-83.0208,-83.0075,-82.9664,-82.9133,-82.8591,-82.8102,-82.7696,-82.7383,-82.7164,-82.7032,-82.6978,-82.6991,-82.7063,-82.7183,-82.7344,-82.7538,-82.7759,-82.8001,-82.8259,-82.8530,-82.8811,-82.9098,-82.9388,-82.9681,-82.9975,-83.0267,-83.0557,-83.0843,-83.1126,-83.1404,-83.1677,-83.1944,-83.2205,-83.2460,-83.2709,-83.2951,-83.3186,-83.3415,-83.3636,-83.3720,-83.3440,-83.2896,-83.2244,-83.1589,-83.0993,-83.0409,-82.9656,-82.8764,-82.7831,-82.6941,-82.6147,-82.5477,-82.4940,-82.4535,-82.4252,-82.4079,-82.4003,-82.4010,-82.4088,-82.4225,-82.4412,-82.4639,-82.4899,-82.5185,-82.5492,-82.5816,-82.6151,-82.6495,-82.6846,-82.7199,-82.7435,-82.7199,-82.6650,-82.6013,-82.5415,-82.4916,-82.4534,-82.4271,-82.4119,-82.4064,-82.4095,-82.4196,-82.4358,-82.4568,-82.4817,-82.5098,-82.5404,-82.5728,-82.6067,-82.6416,-82.6772,-82.7131,-82.7492,-82.7852,-82.8210,-82.8565,-82.8915,-82.9259,-82.9597,-82.9928,-83.0252,-83.0568,-83.0876,-83.1176,-83.1467,-83.1750,-83.2025,-83.2291,-83.2549,-83.2798,-83.3040,-83.3273,-83.3499,-83.3717,-83.3775,-83.3174,-83.2299,-83.1404,-83.0596,-82.9914,-82.9369,-82.8958,-82.8669,-82.8487,-82.8397,-82.8385,-82.8439,-82.8546,-82.8696,-82.8881,-82.9094,-82.9328,-82.9578,-82.9841,-83.0112,-83.0389,-83.0669,-83.0950,-83.1231,-83.1509,-83.1785,-83.2057,-83.2325,-83.2587,-83.2844,-83.3095,-83.3339,-83.3578,-83.3809,-83.4034,-83.4253,-83.4465,-83.4670,-83.4869,-83.5061,-83.5247,-83.5426,-83.5600,-83.5767,-83.5245,-83.4007,-83.2707,-83.1542,-83.0570,-82.9797,-82.9210,-82.8785,-82.8499,-82.8331,-82.8258,-82.8265,-82.8336,-82.8459,-82.8623,-82.8819,-82.9040,-82.9281,-82.9536,-82.9801,-83.0073,-83.0349,-83.0627,-83.0901,-83.0862,-83.0399,-82.9750,-82.9066,-82.8432,-82.7893,-82.7465,-82.7150,-82.6942,-82.6830,-82.6800,-82.6842,-82.6617,-82.5626,-82.4484,-82.3452,-82.2613,-82.1981,-82.1543,-82.1276,-82.1157,-82.1162,-82.1268,-82.1457,-82.1713,-82.2021,-82.2322,-82.2499,-82.2534,-82.2471,-82.2364,-82.2253,-82.2168,-82.2125,-82.2132,-82.2191,-82.2300,-82.2457,-82.2657,-82.2893,-82.3161,-82.3455,-82.3771,-82.4104,-82.4451,-82.4703,-82.4582,-82.4213,-82.3739,-82.3258,-82.2829,-82.2485,-82.2238,-82.2090,-82.2036,-82.2067,-82.2171,-82.2339,-82.2559,-82.2823,-82.3122,-82.3449,-82.3797,-82.4162,-82.4538,-82.4922,-82.5312,-82.5703,-82.6094,-82.6484,-82.6870,-82.7251,-82.7627,-82.7997,-82.8359,-82.8713,-82.9060,-82.9398,-82.9727,-83.0048,-83.0360,-83.0663,-83.0957,-83.1132,-83.0780,-83.0083,-82.9277,-82.8504,-82.7834,-82.7293,-82.6884,-82.6598,-82.6422,-82.6341,-82.6340,-82.6405,-82.6526,-82.6691,-82.6891,-82.7120,-82.7371,-82.7638,-82.7918,-82.8207,-82.8502,-82.8800,-82.9100,-82.9398,-82.9696,-82.9990,-83.0280,-83.0566,-83.0846,-83.1121,-83.1389,-83.1651,-83.1907,-83.2156,-83.2398,-83.2633,-83.2861,-83.3082,-83.3297,-83.3504,-83.3706,-83.3900,-83.4089,-83.4271,-83.4447,-83.4617,-83.4781,-83.4940,-83.5093,-83.4706,-83.3614,-83.2416,-83.1318,-83.0392,-82.9652,-82.9089,-82.8684,-82.8415,-82.8261,-82.8202,-82.8221,-82.8302,-82.8435,-82.8608,-82.8812,-82.9041,-82.9288,-82.9549,-82.9820,-83.0097,-83.0378,-83.0661,-83.0943,-83.1224,-83.1486,-83.1388,-83.0912,-83.0284,-82.9641,-82.9055,-82.8559,-82.8169,-82.7883,-82.7696,-82.7597,-82.7575,-82.7620,-82.7719,-82.7864,-82.8047,-82.8259,-82.8495,-82.8750,-82.9019,-82.9298,-82.9577,-82.9314,-82.8518,-82.7599,-82.6744,-82.6029,-82.5477,-82.5084,-82.4834,-82.4710,-82.4690,-82.4759,-82.4898,-82.5096,-82.5340,-82.5620,-82.5928,-82.6258,-82.6603,-82.6959,-82.7323,-82.7690,-82.8058,-82.8426,-82.8790,-82.9151,-82.9506,-82.9855,-83.0197,-83.0532,-83.0858,-83.1177,-83.1486,-83.1780,-83.1935,-83.1875,-83.1573,-83.0613,-82.9177,-82.7642,-82.6221,-82.5004,-82.4014,-82.3243,-82.2671,-82.2272,-82.2023,-82.1901,-82.1885,-82.1958,-82.2104,-82.2310,-82.2565,-82.2859,-82.3184,-82.3534,-82.3903,-82.4226,-82.4131,-82.3731,-82.3228,-82.2737,-82.2316,-82.1995,-82.1780,-82.1672,-82.1659,-82.1733,-82.1881,-82.2091,-82.2352,-82.2655,-82.2992,-82.3354,-82.3737,-82.4134,-82.4541,-82.4954,-82.5371,-82.5789,-82.6204,-82.6617,-82.7025,-82.7427,-82.7822,-82.8210,-82.8589,-82.8960,-82.9321,-82.9673,-83.0015,-83.0348,-83.0671,-83.0984,-83.1288,-83.1582,-83.1866,-83.2141,-83.2407,-83.2664,-83.2912,-83.3151,-83.3382,-83.3605,-83.3820,-83.4027,-83.4227,-83.4419,-83.4604,-83.4783,-83.4955,-83.5120,-83.5280,-83.5434,-83.5582,-83.5724,-83.5862,-83.5994,-83.6122,-83.6245,-83.6363,-83.6477,-83.6587,-83.6694,-83.6796,-83.6895,-83.6991,-83.7083,-83.7172,-83.7258,-83.7341,-83.7422,-83.7499,-83.7575,-83.7648,-83.7718,-83.7782,-83.6978,-83.5613,-83.4236,-83.3013,-83.1992,-83.1172,-83.0539,-83.0069,-82.9737,-82.9523,-82.9405,-82.9367,-82.9393,-82.9472,-82.9592,-82.9746,-82.9926,-83.0127,-83.0343,-83.0570,-83.0806,-83.1047,-83.1291,-83.1537,-83.1782,-83.2027,-83.2268,-83.2507,-83.2741,-83.2972,-83.3197,-83.3417,-83.3632,-83.3842,-83.4046,-83.4244,-83.4436,-83.4623,-83.4804,-83.4979,-83.5149,-83.5313,-83.5472,-83.5626,-83.5774,-83.5918,-83.6056,-83.6190,-83.6320,-83.6445,-83.6565,-83.6682,-83.6794,-83.6903,-83.7007,-83.7108,-83.6780,-83.5766,-83.4540,-83.3383,-83.2397,-83.1603,-83.0989,-83.0534,-83.0214,-83.0006,-82.9639,-82.8880,-82.7952,-82.7025,-82.6195,-82.5507,-82.4971,-82.4584,-82.4331,-82.4196,-82.4161,-82.4212,-82.4333,-82.4511,-82.4737,-82.4999,-82.5292,-82.5607,-82.5940,-82.6285,-82.6640,-82.7000,-82.7363,-82.7727,-82.8090,-82.8450,-82.8807,-82.9158,-82.9503,-82.9842,-83.0174,-83.0498,-83.0814,-83.1122,-83.1421,-83.1713,-83.1995,-83.2269,-83.2535,-83.2792,-83.3041,-83.3196,-83.2230,-83.0883,-82.9620,-82.8570,-82.7756,-82.7164,-82.6763,-82.6523,-82.6416,-82.6416,-82.6502,-82.6655,-82.6862,-82.7111,-82.7390,-82.7694,-82.8014,-82.8347,-82.8687,-82.9031,-82.9376,-82.9721,-83.0062,-83.0400,-83.0732,-83.1057,-83.1376,-83.1687,-83.1991,-83.2286,-83.2572,-83.2851,-83.3120,-83.3381,-83.3634,-83.3878,-83.4113,-83.4341,-83.4561,-83.4773,-83.4977,-83.5173,-83.5363,-83.5545,-83.5721,-83.5890,-83.6053,-83.6210,-83.6361,-83.6506,-83.6645,-83.6780,-83.6909,-83.7033,-83.7153,-83.7268,-83.7379,-83.7485,-83.7588,-83.7687,-83.7782,-83.7874,-83.7963,-83.8048,-83.8131,-83.8210,-83.8287,-83.8361,-83.8432,-83.8501,-83.8568,-83.8632,-83.8695,-83.8755,-83.8814,-83.8871,-83.8926,-83.8979,-83.9031,-83.9081,-83.9130,-83.9177,-83.9223,-83.9268,-83.9312,-83.9355,-83.9396,-83.9437,-83.9476,-83.9515,-83.9547,-83.9160,-83.8133,-83.6909,-83.5755,-83.4769,-83.3968,-83.3341,-83.2867,-83.2524,-83.2290,-83.2148,-83.2081,-83.2076,-83.2122,-83.2208,-83.2327,-83.2473,-83.2640,-83.2823,-83.3018,-83.3223,-83.3434,-83.3650,-83.3868,-83.4088,-83.4307,-83.4525,-83.4702,-83.4450,-83.3809,-83.3011,-83.2207,-83.1480,-83.0868,-83.0380,-83.0015,-82.9762,-82.9606,-82.9534,-82.9533,-82.9591,-82.9697,-82.9843,-83.0021,-83.0223,-83.0446,-83.0684,-83.0933,-83.1190,-83.1453,-83.1720,-83.1987,-83.2255,-83.2521,-83.2784,-83.3011,-83.2769,-83.2033,-83.1140,-83.0298,-82.9593,-82.9047,-82.8651,-82.8387,-82.8128,-82.7712,-82.7165,-82.6576,-82.6019,-82.5538,-82.5154,-82.4872,-82.4691,-82.4602,-82.4595,-82.4660,-82.4786,-82.4964,-82.5185,-82.5377,-82.5149,-82.4627,-82.4011,-82.3419,-82.2913,-82.2523,-82.2255,-82.2106,-82.2065,-82.2118,-82.2253,-82.2456,-82.2715,-82.3020,-82.3361,-82.3730,-82.4121,-82.4527,-82.4945,-82.5370,-82.5798,-82.6228,-82.6656,-82.7081,-82.7502,-82.7916,-82.8324,-82.8723,-82.9114,-82.9496,-82.9868,-83.0231,-83.0583,-83.0925,-83.1064,-83.0819,-83.0354,-82.9803,-82.9255,-82.8763,-82.8355,-82.8042,-82.7823,-82.7692,-82.7641,-82.7658,-82.7735,-82.7860,-82.8027,-82.8226,-82.8452,-82.8699,-82.8961,-82.9236,-82.9518,-82.9807,-83.0098,-83.0391,-83.0683,-83.0973,-83.1261,-83.1544,-83.1824,-83.2098,-83.2366,-83.2628,-83.2884,-83.3134,-83.3376,-83.3612,-83.3842,-83.4064,-83.4280,-83.4488,-83.4632,-83.4543,-83.4222,-83.3770,-83.3281,-83.2815,-83.2404,-83.2063,-83.1797,-83.1602,-83.1472,-83.1401,-83.1380,-83.1403,-83.1464,-83.1555,-83.1672,-83.1810,-83.1965,-83.2135,-83.2315,-83.2504,-83.2700,-83.2900,-83.3104,-83.3309,-83.3515,-83.3003,-83.1864,-83.0690,-82.9662,-82.8828,-82.8191,-82.7733,-82.7432,-82.7263,-82.7205,-82.7237,-82.7343,-82.7508,-82.7720,-82.7968,-82.8245,-82.8544,-82.8858,-82.9184,-82.9516,-82.9853,-83.0190,-83.0527,-83.0815,-83.0695,-83.0182,-82.9511,-82.8846,-82.8272,-82.7818,-82.7490,-82.7277,-82.7168,-82.7147,-82.7200,-82.7314,-82.7479,-82.7684,-82.7921,-82.8184,-82.8467,-82.8765,-82.9073,-82.9389,-82.9710,-83.0032,-83.0355,-83.0676,-83.0995,-83.1310,-83.1619,-83.1923,-83.2221,-83.2513,-83.2797,-83.3074,-83.3343,-83.3605,-83.3859,-83.4106,-83.4345,-83.4576,-83.4799,-83.5015,-83.5224,-83.5425,-83.5619,-83.5807,-83.5973,-83.5852,-83.5333,-83.4610,-83.3852,-83.3153,-83.2554,-83.2066,-83.1689,-83.1411,-83.1223,-83.1112,-83.1066,-83.1076,-83.1132,-83.1226,-83.1311,-83.1117,-83.0631,-83.0009,-82.9374,-82.8799,-82.8317,-82.7941,-82.7670,-82.7498,-82.7413,-82.7406,-82.7463,-82.7576,-82.7735,-82.7931,-82.8158,-82.8410,-82.8680,-82.8965,-82.9261,-82.9564,-82.9872,-83.0183,-83.0495,-83.0806,-83.1115,-83.1420,-83.1721,-83.2018,-83.2308,-83.2593,-83.2871,-83.3143,-83.3407,-83.3665,-83.3915,-83.4157,-83.4393,-83.4621,-83.4842,-83.5055,-83.5262,-83.5461,-83.5654,-83.5840,-83.6020,-83.6193,-83.6360,-83.6521,-83.6676,-83.6825,-83.6969,-83.7107,-83.7241,-83.7369,-83.7493,-83.7612,-83.7726,-83.7837,-83.7943,-83.8045,-83.8144,-83.8239,-83.8330,-83.8418,-83.8503,-83.8585,-83.8664,-83.8740,-83.8813,-83.8884,-83.8953,-83.9019,-83.9083,-83.9145,-83.8987,-83.8127,-83.6941,-83.5766,-83.4741,-83.3899,-83.3236,-83.2732,-83.2365,-83.2113,-83.1958,-83.1881,-83.1870,-83.1912,-83.1998,-83.2118,-83.2266,-83.2436,-83.2623,-83.2823,-83.3034,-83.3251,-83.3473,-83.3697,-83.3923,-83.4149,-83.4373,-83.4595,-83.4814,-83.5030,-83.5241,-83.5448,-83.5650,-83.5847,-83.6039,-83.6226,-83.6407,-83.6583,-83.6753,-83.6918,-83.7077,-83.7231,-83.7380,-83.7524,-83.7663,-83.7797,-83.7926,-83.8050,-83.8170,-83.8286,-83.8397,-83.8504,-83.8608,-83.8707,-83.8803,-83.8895,-83.8984,-83.9070,-83.9152,-83.9232,-83.9308,-83.9382,-83.9453,-83.9522,-83.9578,-83.9343,-83.8433,-83.6328,-83.3982,-83.1787,-82.9881,-82.8297,-82.7026,-82.6040,-82.5303,-82.4782,-82.4440,-82.4244,-82.3999,-82.3557,-82.2999,-82.2427,-82.1915,-82.1504,-82.1208,-82.1029,-82.0960,-82.0990,-82.1106,-82.1295,-82.1546,-82.1846,-82.2188,-82.2562,-82.2961,-82.3380,-82.3812,-82.4254,-82.4703,-82.5071,-82.5037,-82.4666,-82.4174,-82.3704,-82.3324,-82.3057,-82.2903,-82.2852,-82.2893,-82.3011,-82.3195,-82.3431,-82.3712,-82.4027,-82.4370,-82.4733,-82.5113,-82.5504,-82.5903,-82.6306,-82.6711,-82.7115,-82.7517,-82.7916,-82.8309,-82.8696,-82.9076,-82.9449,-82.9813,-83.0168,-83.0515,-83.0852,-83.1179,-83.1498,-83.1806,-83.2105,-83.2395,-83.2675,-83.2946,-83.3208,-83.3461,-83.3705,-83.3940,-83.4167,-83.4386,-83.4597,-83.4800,-83.4996,-83.5184,-83.5366,-83.5540,-83.5709,-83.5870,-83.6022,-83.6050,-83.5805,-83.5341,-83.4769,-83.4178,-83.3596,-83.2764,-83.1628,-83.0391,-82.8975,-82.7256,-82.5175,-82.2030,-81.8257,-81.4131,-81.0182,-80.6719,-80.3851,-80.1577,-79.9850,-79.8603,-79.6954,-79.4988,-79.3318,-79.2077,-79.1265,-79.0837,-79.0735,-79.0904,-79.1293,-79.1859,-79.2566,-79.3329,-79.3911,-79.4298,-79.4583,-79.4854,-79.5167,-79.5554,-79.6027,-79.6587,-79.7229,-79.7942,-79.8717,-79.9543,-80.0408,-80.1305,-80.2223,-80.3157,-80.4099,-80.5044,-80.5988,-80.6927,-80.7857,-80.8777,-80.9683,-81.0575,-81.1451,-81.2308,-81.3148,-81.3968,-81.4769,-81.5549,-81.6309,-81.7048,-81.7767,-81.8465,-81.9143,-81.9800,-82.0436,-82.1053,-82.1650,-82.2228,-82.2787,-82.3327,-82.3849,-82.4352,-82.4839,-82.5308,-82.5761,-82.6198,-82.6618,-82.7024,-82.7415,-82.7792,-82.8155,-82.8504,-82.8841,-82.9165,-82.9476,-82.9777,-83.0066,-83.0344,-83.0611,-83.0869,-83.1117,-83.1356,-83.1586,-83.1807,-83.2020,-83.2225,-83.2423,-83.2613,-83.2796,-83.2973,-83.3143,-83.3308,-83.3466,-83.3619,-83.3766,-83.3908,-83.4045,-83.4178,-83.4306,-83.4430,-83.4549,-83.4665,-83.4777,-83.4886,-83.4990,-83.5092,-83.5191,-83.5286,-83.5379,-83.5469,-83.5556,-83.5641,-83.5724,-83.5804,-83.5882,-83.5958,-83.6032,-83.6104,-83.6174,-83.6242,-83.6309,-83.6374,-83.6438,-83.6500,-83.6561,-83.6621,-83.6159,-83.4745,-83.3240,-83.1907,-83.0814,-82.9961,-82.9322,-82.8868,-82.8567,-82.8391,-82.8318,-82.8327,-82.8402,-82.8529,-82.8697,-82.8897,-82.9121,-82.9364,-82.9621,-82.9887,-83.0159,-83.0435,-83.0713,-83.0990,-83.1265,-83.1538,-83.1806,-83.2070,-83.2329,-83.2582,-83.2829,-83.3070,-83.3304,-83.3532,-83.3753,-83.3968,-83.4176,-83.4377,-83.4572,-83.4761,-83.4943,-83.5119,-83.5290,-83.5454,-83.5613,-83.5766,-83.5914,-83.6057,-83.6195,-83.6327,-83.6456,-83.6579,-83.6698,-83.6813,-83.6924,-83.7032,-83.7135,-83.7235,-83.7331,-83.7424,-83.7514,-83.7601,-83.7685,-83.7766,-83.7844,-83.7920,-83.7993,-83.8064,-83.8133,-83.8200,-83.8264,-83.8327,-83.8388,-83.8447,-83.8504,-83.8560,-83.8614,-83.8666,-83.8718,-83.8767,-83.8816,-83.8863,-83.8909,-83.8954,-83.8998,-83.9041,-83.9083,-83.9123,-83.9163,-83.9203,-83.9099,-83.8445,-83.7521,-83.6548,-83.5632,-83.4822,-83.4137,-83.3577,-83.3137,-83.2805,-83.2568,-83.2412,-83.2327,-83.2300,-83.2322,-83.2385,-83.2480,-83.2603,-83.2746,-83.2907,-83.3081,-83.3266,-83.3457,-83.3654,-83.3855,-83.4057,-83.4260,-83.4462,-83.4664,-83.4863,-83.5059,-83.5252,-83.5441,-83.5627,-83.5808,-83.5985,-83.6158,-83.6326,-83.6489,-83.6647,-83.6801,-83.6950,-83.7095,-83.7234,-83.7370,-83.7501,-83.7627,-83.7749,-83.7867,-83.7981,-83.8092,-83.8198,-83.8300,-83.8399,-83.8495,-83.8587,-83.8676,-83.8762,-83.8845,-83.8925,-83.9002,-83.9076,-83.9148,-83.9070,-83.8521,-83.7663,-83.6719,-83.5824,-83.5042,-83.4392,-83.3874,-83.3475,-83.3182,-83.2981,-83.2856,-83.2796,-83.2791,-83.2829,-83.2905,-83.3010,-83.3140,-83.3289,-83.3454,-83.3631,-83.3816,-83.4009,-83.4206,-83.4407,-83.4608,-83.4811,-83.5012,-83.5212,-83.5410,-83.5605,-83.5796,-83.5984,-83.6168,-83.6348,-83.6523,-83.6694,-83.6860,-83.7021,-83.7178,-83.7330,-83.7477,-83.7619,-83.7757,-83.7890,-83.8019,-83.8143,-83.8263,-83.8277,-83.7956
13,-83.0000,-83.5684,-83.7444,-83.8495,-83.9255,-83.9863,-84.0376,-84.0825,-84.1225,-84.1586,-84.1916,-84.2219,-84.2498,-84.2757,-84.2997,-84.3220,-84.3428,-84.3622,-84.3803,-84.3973,-84.4132,-84.4280,-84.4419,-84.4550,-84.4672,-84.4787,-84.4894,-84.4995,-84.5090,-84.5179,-84.5263,-84.5342,-84.5415,-84.5485,-84.5550,-84.5611,-84.5669,-84.5723,-84.5774,-84.5822,-84.5867,-84.5909,-84.5949,-84.5986,-84.6022,-84.6055,-84.6086,-84.6115,-84.6143,-84.6169,-84.6193,-84.6216,-84.6238,-84.6258,-84.6277,-84.6295,-84.6312,-84.6328,-84.6343,-84.6358,-84.6371,-84.6383,-84.6395,-84.6406,-84.6417,-84.6412,-84.6250,-84.5850,-84.5278,-84.4631,-84.3981,-84.3376,-84.2839,-84.2381,-84.2003,-84.1699,-84.1463,-84.1287,-84.1164,-84.1086,-84.1046,-84.1040,-84.1060,-84.1104,-84.1168,-84.1247,-84.1339,-84.1442,-84.1553,-84.1671,-84.1795,-84.1922,-84.2051,-84.2182,-84.2314,-84.2446,-84.2577,-84.2708,-84.2836,-84.2963,-84.3087,-84.3208,-84.3327,-84.3443,-84.3556,-84.3665,-84.3771,-84.3874,-84.3973,-84.4069,-84.4133,-84.3391,-84.2166,-84.0916,-83.9806,-83.8884,-83.8155,-83.7603,-83.7205,-83.6939,-83.6783,-83.6716,-83.6723,-83.6788,-83.6901,-83.7048,-83.6555,-83.5496,-83.4390,-83.3417,-83.2636,-83.2052,-83.1650,-83.1407,-83.1298,-83.1302,-83.1396,-83.1563,-83.1789,-83.2060,-83.2367,-83.2700,-83.3053,-83.3419,-83.3794,-83.4174,-83.4555,-83.4936,-83.5313,-83.5686,-83.6052,-83.6411,-83.6762,-83.7104,-83.7437,-83.7759,-83.8072,-83.8375,-83.8668,-83.8950,-83.9222,-83.9484,-83.9736,-83.9979,-84.0211,-84.0435,-84.0649,-84.0854,-84.1051,-84.1239,-84.1387,-84.1306,-84.0969,-84.0477,-83.9928,-83.9388,-83.8898,-83.8480,-83.8140,-83.7879,-83.7691,-83.7569,-83.7505,-83.7491,-83.7519,-83.7583,-83.7676,-83.7794,-83.7931,-83.8084,-83.8249,-83.8424,-83.8605,-83.8792,-83.8982,-83.9174,-83.9366,-83.9558,-83.9661,-83.9445,-83.8914,-83.7888,-83.6534,-83.5086,-83.3694,-83.2440,-83.1132,-82.8981,-82.6790,-82.4886,-82.3345,-82.2162,-82.1301,-82.0719,-82.0372,-82.0220,-82.0229,-82.0367,-82.0611,-82.0940,-82.1335,-82.1782,-82.2269,-82.2787,-82.3328,-82.3883,-82.4449,-82.5020,-82.5592,-82.6162,-82.6510,-82.6342,-82.5897,-82.5379,-82.4907,-82.4539,-82.4293,-82.4171,-82.4161,-82.4249,-82.4419,-82.4659,-82.4953,-82.5291,-82.5664,-82.6064,-82.6482,-82.6915,-82.7356,-82.7802,-82.8250,-82.8698,-82.8928,-82.8666,-82.8163,-82.7596,-82.7063,-82.6617,-82.6142,-82.5393,-82.4506,-82.3624,-82.2831,-82.2173,-82.1665,-82.1307,-82.1090,-82.1000,-82.1021,-82.1037,-82.0849,-82.0534,-82.0187,-81.9870,-81.9621,-81.9458,-81.9387,-81.9406,-81.9511,-81.9692,-81.9940,-82.0245,-82.0598,-82.0990,-82.1414,-82.1864,-82.2332,-82.2815,-82.3307,-82.3805,-82.4306,-82.4807,-82.5306,-82.5752,-82.5648,-82.5161,-82.4569,-82.4006,-82.3532,-82.3170,-82.2927,-82.2795,-82.2765,-82.2825,-82.2961,-82.3160,-82.3413,-82.3708,-82.4037,-82.4392,-82.4768,-82.5158,-82.5559,-82.5966,-82.6377,-82.6789,-82.7199,-82.7606,-82.7930,-82.7697,-82.6789,-82.5526,-82.4182,-82.2906,-82.1779,-82.0834,-82.0082,-81.9516,-81.9122,-81.8881,-81.8774,-81.8782,-81.8888,-81.9075,-81.9330,-81.9639,-81.9993,-82.0382,-82.0576,-82.0220,-81.9591,-81.8959,-81.8449,-81.8099,-81.7909,-81.7862,-81.7937,-81.8114,-81.8373,-81.8699,-81.9079,-81.9500,-81.9953,-82.0431,-82.0926,-82.1433,-82.1948,-82.2466,-82.2986,-82.3503,-82.4016,-82.4523,-82.5022,-82.5514,-82.5995,-82.6467,-82.6928,-82.7378,-82.7816,-82.8242,-82.8657,-82.9059,-82.9450,-82.9828,-83.0195,-83.0550,-83.0893,-83.1225,-83.1546,-83.1856,-83.2155,-83.2443,-83.2722,-83.2991,-83.3250,-83.3499,-83.3740,-83.3972,-83.4195,-83.4410,-83.4618,-83.4818,-83.5010,-83.5195,-83.5374,-83.5546,-83.5712,-83.5871,-83.6025,-83.6086,-83.5410,-83.4292,-83.3120,-83.2074,-83.1212,-83.0539,-83.0038,-82.9665,-82.9120,-82.8338,-82.7470,-82.6638,-82.5910,-82.5315,-82.4862,-82.4543,-82.4348,-82.4262,-82.4269,-82.4356,-82.4508,-82.4716,-82.4967,-82.5255,-82.5570,-82.5908,-82.6262,-82.6628,-82.7003,-82.7383,-82.7765,-82.8148,-82.8529,-82.8907,-82.9281,-82.9650,-83.0012,-83.0368,-83.0716,-83.1056,-83.1388,-83.1712,-83.2027,-83.2325,-83.2466,-83.2334,-83.1999,-83.1567,-83.1120,-83.0709,-83.0360,-83.0083,-82.9882,-82.9752,-82.9686,-82.9677,-82.9718,-82.9801,-82.9919,-83.0066,-83.0238,-83.0430,-83.0637,-83.0857,-83.1086,-83.1322,-83.1563,-83.1808,-83.2054,-83.2301,-83.2547,-83.2792,-83.3034,-83.3273,-83.3509,-83.3741,-83.3969,-83.4192,-83.4410,-83.4624,-83.4832,-83.5035,-83.5233,-83.5425,-83.5612,-83.5794,-83.5970,-83.6142,-83.6308,-83.6469,-83.6625,-83.6776,-83.6922,-83.7064,-83.7201,-83.7334,-83.7462,-83.7586,-83.7707,-83.7816,-83.7396,-83.6470,-83.5430,-83.4446,-83.3583,-83.2864,-83.2291,-83.1852,-83.1535,-83.1322,-83.1199,-83.1152,-83.1168,-83.1235,-83.1344,-83.1487,-83.1657,-83.1849,-83.2057,-83.2278,-83.2508,-83.2745,-83.2986,-83.3229,-83.3472,-83.3715,-83.3956,-83.4195,-83.4430,-83.4661,-83.4888,-83.5110,-83.5327,-83.5539,-83.5745,-83.5946,-83.6142,-83.6331,-83.6515,-83.6694,-83.6867,-83.7034,-83.7196,-83.7353,-83.7505,-83.7651,-83.7781,-83.7792,-83.7622,-83.7305,-83.6902,-83.6470,-83.6048,-83.5660,-83.5321,-83.5037,-83.4809,-83.4635,-83.4511,-83.4432,-83.4393,-83.4389,-83.4415,-83.4468,-83.4543,-83.4636,-83.4746,-83.4868,-83.5000,-83.5141,-83.5289,-83.5442,-83.5600,-83.5760,-83.5921,-83.6084,-83.6247,-83.6409,-83.6571,-83.6731,-83.6889,-83.7046,-83.7199,-83.7350,-83.7499,-83.7644,-83.7786,-83.7925,-83.8060,-83.8192,-83.8321,-83.8447,-83.8569,-83.8687,-83.8802,-83.8914,-83.9023,-83.8994,-83.8574,-83.7913,-83.6739,-83.4980,-83.3162,-83.1509,-83.0098,-82.8945,-82.8037,-82.7351,-82.6860,-82.6535,-82.6352,-82.6286,-82.6318,-82.6431,-82.6609,-82.6841,-82.7115,-82.7423,-82.7580,-82.7055,-82.6283,-82.5535,-82.4909,-82.4434,-82.4112,-82.3930,-82.3871,-82.3919,-82.4057,-82.4268,-82.4540,-82.4861,-82.5219,-82.5607,-82.6018,-82.6445,-82.6883,-82.7328,-82.7776,-82.8225,-82.8671,-82.9114,-82.9551,-82.9981,-83.0403,-83.0816,-83.1220,-83.1613,-83.1996,-83.2369,-83.2731,-83.3082,-83.3422,-83.3751,-83.4069,-83.4376,-83.4673,-83.4959,-83.5236,-83.5502,-83.5758,-83.6005,-83.6243,-83.6472,-83.6692,-83.6904,-83.6892,-83.6346,-83.5399,-83.4112,-83.2706,-83.1340,-83.0102,-82.9033,-82.8148,-82.7443,-82.6907,-82.6523,-82.6274,-82.6141,-82.6108,-82.6159,-82.6280,-82.6460,-82.6687,-82.6953,-82.7250,-82.7572,-82.7912,-82.8266,-82.8631,-82.9003,-82.9378,-82.9747,-82.9851,-82.9589,-82.9135,-82.8622,-82.8130,-82.7705,-82.7368,-82.7126,-82.6972,-82.6695,-82.5450,-82.3184,-82.0890,-81.8864,-81.7191,-81.5878,-81.4898,-81.3245,-81.1204,-80.9419,-80.8024,-80.7022,-80.6036,-80.4584,-80.3196,-80.2075,-80.1275,-80.0788,-80.0582,-80.0617,-80.0854,-80.1256,-80.1792,-80.2432,-80.3155,-80.3942,-80.4775,-80.5642,-80.6533,-80.7439,-80.8352,-80.9266,-81.0178,-81.1082,-81.1976,-81.2858,-81.3725,-81.4575,-81.5408,-81.6222,-81.7017,-81.7792,-81.8529,-81.9075,-81.9359,-81.9455,-81.9455,-81.9430,-81.9424,-81.9462,-81.9555,-81.9707,-81.9913,-82.0169,-82.0468,-82.0804,-82.1170,-82.1559,-82.1967,-82.2389,-82.2821,-82.3259,-82.3700,-82.4143,-82.4584,-82.5022,-82.5455,-82.5883,-82.6304,-82.6718,-82.7124,-82.7521,-82.7910,-82.8289,-82.8658,-82.9018,-82.9368,-82.9708,-83.0039,-83.0359,-83.0671,-83.0972,-83.1264,-83.1547,-83.1821,-83.2086,-83.2342,-83.2589,-83.2829,-83.3060,-83.3284,-83.3500,-83.3708,-83.3909,-83.4104,-83.4292,-83.4473,-83.4648,-83.4817,-83.4980,-83.5138,-83.5290,-83.5438,-83.5580,-83.5717,-83.5850,-83.5883,-83.5424,-83.4669,-83.3819,-83.2986,-83.2231,-83.1582,-83.1050,-83.0631,-83.0318,-83.0100,-82.9963,-82.9897,-82.9891,-82.9934,-83.0018,-83.0136,-83.0281,-83.0448,-83.0633,-83.0831,-83.1039,-83.1255,-83.1477,-83.1702,-83.1929,-83.2130,-83.2143,-83.1915,-83.1523,-83.1060,-83.0593,-83.0167,-82.9803,-82.9513,-82.9298,-82.9154,-82.9075,-82.9054,-82.9084,-82.9156,-82.9265,-82.9404,-82.9477,-82.9316,-82.8947,-82.8468,-82.7966,-82.7502,-82.7109,-82.6801,-82.6582,-82.6449,-82.6393,-82.6405,-82.6476,-82.6597,-82.6673,-82.6464,-82.6032,-82.5503,-82.4974,-82.4500,-82.4112,-82.3823,-82.3632,-82.3534,-82.3519,-82.3346,-82.2840,-82.2178,-82.1494,-82.0870,-82.0349,-81.9951,-81.9679,-81.9526,-81.9482,-81.9533,-81.9667,-81.9871,-82.0132,-82.0441,-82.0788,-82.1166,-82.1568,-82.1988,-82.2421,-82.2864,-82.3312,-82.3762,-82.4213,-82.4663,-82.5109,-82.5550,-82.5985,-82.6414,-82.6834,-82.7247,-82.7650,-82.8044,-82.8429,-82.8804,-82.9169,-82.9524,-82.9681,-82.9244,-82.8539,-82.7786,-82.7087,-82.6488,-82.6006,-82.5642,-82.5391,-82.5240,-82.5177,-82.5190,-82.5267,-82.5396,-82.5570,-82.5671,-82.5318,-82.4702,-82.4021,-82.3376,-82.2820,-82.2374,-82.2044,-82.1826,-82.1712,-82.1688,-82.1744,-82.1868,-82.2049,-82.2276,-82.2541,-82.2838,-82.3159,-82.3498,-82.3852,-82.3911,-82.3077,-82.2025,-82.1058,-82.0280,-81.9713,-81.9345,-81.9151,-81.9103,-81.9176,-81.9346,-81.9592,-81.9789,-81.9774,-81.9578,-81.9292,-81.8997,-81.8624,-81.7919,-81.7008,-81.6089,-81.5282,-81.4641,-81.4177,-81.3884,-81.3745,-81.3740,-81.3850,-81.4055,-81.4341,-81.4691,-81.5094,-81.5540,-81.6019,-81.6502,-81.6401,-81.5855,-81.5253,-81.4742,-81.4374,-81.4158,-81.4084,-81.4139,-81.4304,-81.4562,-81.4896,-81.5294,-81.5741,-81.6227,-81.6743,-81.7282,-81.7836,-81.8400,-81.8970,-81.9542,-82.0113,-82.0680,-82.1242,-82.1795,-82.2340,-82.2875,-82.3400,-82.3912,-82.4413,-82.4901,-82.5376,-82.5839,-82.6288,-82.6724,-82.7148,-82.7559,-82.7956,-82.8342,-82.8715,-82.9075,-82.9424,-82.9761,-83.0087,-83.0402,-83.0706,-83.0999,-83.1283,-83.1556,-83.1820,-83.2074,-83.2320,-83.2556,-83.2785,-83.3005,-83.3218,-83.3422,-83.3620,-83.3811,-83.3995,-83.4173,-83.4344,-83.4509,-83.4669,-83.4823,-83.4972,-83.5116,-83.5255,-83.5390,-83.5520,-83.5645,-83.5640,-83.4400,-83.2838,-83.1401,-83.0203,-82.9258,-82.8544,-82.8029,-82.7681,-82.7470,-82.7371,-82.7362,-82.7424,-82.7544,-82.7702,-82.7572,-82.7031,-82.6313,-82.5581,-82.4928,-82.4394,-82.3991,-82.3716,-82.3557,-82.3500,-82.3529,-82.3631,-82.3794,-82.4002,-82.4021,-82.3694,-82.3184,-82.2624,-82.2096,-82.1645,-82.1292,-82.1044,-82.0898,-82.0845,-82.0875,-82.0977,-82.1141,-82.1357,-82.1615,-82.1908,-82.2229,-82.2572,-82.2932,-82.3305,-82.3686,-82.4073,-82.4464,-82.4855,-82.5246,-82.5635,-82.6020,-82.6400,-82.6775,-82.7143,-82.7505,-82.7859,-82.8206,-82.8544,-82.8875,-82.9197,-82.9511,-82.9817,-83.0114,-82.9482,-82.8206,-82.6942,-82.5871,-82.5035,-82.4423,-82.4010,-82.3765,-82.3657,-82.3661,-82.3756,-82.3921,-82.4143,-82.4409,-82.4708,-82.5032,-82.5375,-82.5730,-82.5452,-82.4322,-82.3141,-82.2139,-82.1370,-82.0833,-82.0500,-82.0341,-82.0326,-82.0411,-82.0221,-81.9685,-81.9023,-81.8383,-81.7845,-81.7444,-81.7186,-81.7065,-81.7066,-81.7172,-81.7368,-81.7638,-81.7968,-81.8346,-81.8762,-81.9207,-81.9673,-82.0156,-82.0649,-82.1148,-82.1651,-82.2153,-82.2654,-82.3150,-82.3640,-82.4123,-82.4597,-82.5063,-82.5519,-82.5965,-82.6400,-82.6820,-82.6990,-82.6716,-82.6186,-82.5588,-82.5033,-82.4572,-82.3733,-82.2205,-82.0672,-81.9353,-81.8302,-81.7517,-81.6972,-81.6636,-81.6476,-81.6463,-81.6542,-81.6505,-81.6287,-81.5970,-81.5644,-81.5368,-81.5177,-81.5083,-81.5088,-81.5119,-81.4776,-81.3801,-81.2357,-81.0545,-80.8474,-80.6384,-80.4447,-80.2756,-80.1353,-80.0242,-79.9410,-79.8834,-79.8485,-79.8335,-79.8357,-79.8526,-79.8819,-79.9217,-79.9703,-80.0260,-80.0878,-80.1544,-80.2249,-80.2986,-80.3746,-80.4524,-80.5315,-80.6115,-80.6919,-80.7724,-80.8528,-80.9328,-81.0122,-81.0908,-81.1684,-81.2450,-81.3204,-81.3945,-81.4673,-81.5386,-81.6085,-81.6768,-81.7436,-81.8088,-81.8724,-81.9343,-81.9947,-82.0534,-82.1106,-82.1661,-82.2200,-82.2723,-82.3231,-82.3723,-82.4201,-82.4663,-82.5111,-82.5544,-82.5964,-82.6369,-82.6762,-82.7141,-82.7508,-82.7862,-82.8205,-82.8535,-82.8855,-82.9164,-82.9462,-82.9749,-83.0027,-83.0295,-83.0554,-83.0805,-83.1046,-83.1279,-83.1504,-83.1722,-83.1932,-83.2135,-83.2331,-83.2521,-83.2704,-83.2881,-83.3052,-83.3218,-83.3378,-83.3533,-83.3683,-83.3829,-83.3969,-83.4106,-83.4238,-83.4366,-83.4491,-83.4611,-83.4729,-83.4842,-83.4953,-83.5060,-83.5165,-83.5266,-83.5365,-83.5462,-83.5555,-83.5647,-83.5736,-83.5823,-83.5908,-83.5991,-83.6071,-83.6150,-83.6169,-83.5788,-83.5102,-83.4287,-83.3458,-83.2685,-83.2002,-83.1426,-83.0957,-83.0590,-83.0316,-83.0125,-83.0005,-82.9945,-82.9938,-82.9974,-83.0046,-83.0147,-83.0273,-83.0419,-83.0581,-83.0755,-83.0939,-83.1130,-83.1327,-83.1527,-83.1730,-83.1935,-83.2139,-83.2343,-83.2545,-83.2745,-83.2943,-83.3139,-83.3330,-83.3478,-83.3398,-83.3060,-83.2560,-83.1996,-83.1441,-83.0935,-83.0501,-83.0139,-82.9722,-82.9142,-82.8440,-82.7693,-82.6964,-82.6292,-82.5699,-82.5195,-82.4782,-82.4457,-82.4215,-82.4050,-82.3953,-82.3895,-82.3759,-82.3495,-82.3140,-82.2749,-82.2368,-82.2030,-82.1753,-82.1546,-82.1410,-82.1344,-82.1343,-82.1401,-82.1510,-82.1666,-82.1860,-82.2087,-82.2343,-82.2622,-82.2920,-82.3233,-82.3559,-82.3894,-82.4235,-82.4578,-82.4924,-82.5270,-82.5524,-82.5053,-82.3942,-82.2516,-82.1003,-81.9548,-81.8231,-81.7091,-81.6143,-81.5385,-81.4804,-81.4385,-81.4111,-81.3964,-81.3926,-81.3982,-81.4118,-81.4320,-81.4577,-81.4881,-81.5222,-81.5594,-81.5990,-81.6405,-81.6835,-81.7275,-81.7723,-81.8175,-81.8629,-81.9083,-81.9536,-81.9987,-82.0433,-82.0873,-82.1308,-82.1736,-82.2157,-82.2570,-82.2975,-82.3371,-82.3758,-82.4137,-82.4506,-82.4867,-82.5218,-82.5561,-82.5894,-82.6218,-82.6533,-82.6839,-82.7137,-82.7426,-82.7706,-82.7963,-82.7711,-82.6875,-82.5891,-82.4991,-82.4252,-82.3684,-82.3271,-82.2994,-82.2410,-82.1334,-82.0210,-81.9219,-81.8416,-81.7789,-81.7036,-81.6118,-81.5189,-81.4353,-81.3663,-81.3140,-81.2784,-81.2583,-81.2523,-81.2583,-81.2748,-81.2998,-81.3320,-81.3700,-81.4126,-81.4589,-81.5080,-81.5593,-81.6120,-81.6658,-81.7202,-81.7749,-81.8296,-81.8840,-81.8480,-81.7396,-81.6326,-81.5456,-81.4824,-81.4418,-81.4209,-81.4167,-81.4260,-81.4462,-81.4751,-81.5108,-81.5517,-81.5966,-81.6445,-81.6944,-81.7458,-81.7980,-81.8507,-81.9034,-81.9558,-82.0078,-82.0591,-82.1095,-82.1591,-82.2076,-82.2550,-82.3013,-82.3463,-82.3902,-82.4328,-82.4743,-82.5144,-82.5534,-82.5911,-82.6277,-82.6631,-82.6973,-82.7304,-82.7623,-82.7932,-82.8231,-82.8474,-82.8270,-82.7654,-82.6879,-82.6106,-82.5415,-82.4841,-82.4389,-82.4055,-82.3828,-82.3694,-82.3640,-82.3654,-82.3724,-82.3841,-82.3996,-82.4181,-82.4391,-82.4620,-82.4865,-82.5120,-82.5384,-82.5654,-82.5927,-82.6203,-82.6478,-82.6752,-82.7025,-82.7294,-82.7560,-82.7822,-82.8079,-82.8331,-82.8578,-82.8820,-82.9056,-82.9286,-82.9510,-82.9728,-82.9941,-83.0147,-83.0348,-83.0543,-83.0732,-83.0916,-83.1094,-83.1267,-83.1434,-83.1597,-83.1754,-83.1907,-83.2055,-83.2198,-83.2337,-83.2471,-83.2602,-83.2728,-83.2851,-83.2969,-83.3084,-83.3196,-83.3304,-83.3409,-83.3510,-83.3609,-83.3705,-83.3798,-83.3888,-83.3976,-83.4061,-83.4144,-83.4225,-83.4303,-83.4380,-83.4454,-83.4526,-83.4597,-83.4666,-83.4733,-83.4798,-83.4862,-83.4924,-83.4985,-83.5044,-83.5102,-83.5159,-83.5215,-83.5269,-83.5322,-83.5375,-83.5426,-83.5476,-83.5525,-83.5573,-83.5549,-83.5119,-83.4392,-83.3543,-83.2685,-83.1886,-83.1179,-83.0580,-83.0089,-82.9702,-82.9406,-82.9013,-82.8333,-82.7481,-82.6597,-82.5770,-82.5046,-82.4444,-82.3967,-82.3607,-82.3356,-82.3200,-82.3127,-82.3125,-82.3184,-82.3294,-82.3446,-82.3632,-82.3847,-82.4085,-82.4341,-82.4612,-82.4894,-82.5183,-82.5479,-82.5778,-82.6078,-82.6379,-82.6679,-82.6976,-82.7271,-82.7562,-82.7849,-82.8131,-82.8407,-82.8678,-82.8943,-82.9201,-82.9454,-82.9700,-82.9939,-83.0173,-83.0399,-83.0619,-83.0833,-83.1040,-83.1241,-83.1436,-83.1625,-83.1808,-83.1985,-83.2156,-83.2322,-83.2483,-83.2638,-83.2788,-83.2933,-83.3074,-83.3210,-83.3341,-83.3468,-83.3591,-83.3710,-83.3825,-83.3937,-83.4044,-83.4149,-83.4249,-83.4347,-83.4442,-83.4534,-83.4622,-83.4708,-83.4792,-83.4873,-83.4952,-83.5028,-83.5102,-83.5174,-83.5244,-83.5312,-83.5378,-83.5442,-83.5505,-83.5566,-83.5625,-83.5683,-83.5740,-83.5795,-83.5849,-83.5901,-83.5953,-83.6003,-83.6052,-83.6100,-83.6147,-83.6193,-83.6238,-83.6282,-83.6326,-83.6368,-83.6410,-83.6451,-83.6491,-83.6398,-83.5882,-83.5107,-83.4235,-83.3370,-83.2570,-83.1869,-83.1276,-83.0793,-83.0412,-83.0124,-82.9918,-82.9783,-82.9683,-82.9043,-82.8004,-82.6911,-82.5906,-82.5045,-82.4345,-82.3802,-82.3383,-82.2679,-82.1660,-82.0561,-81.9537,-81.8666,-81.7976,-81.7467,-81.7126,-81.6933,-81.6868,-81.6909,-81.7039,-81.7242,-81.7504,-81.7814,-81.8161,-81.8538,-81.8938,-81.9355,-81.9783,-82.0220,-82.0662,-82.1105,-82.1548,-82.1989,-82.2426,-82.2858,-82.3283,-82.3701,-82.4111,-82.4513,-82.4836,-82.4752,-82.4366,-82.3849,-82.3313,-82.2825,-82.2419,-82.2112,-82.1904,-82.1790,-82.1762,-82.1807,-82.1916,-82.2079,-82.2285,-82.2526,-82.2796,-82.3088,-82.3397,-82.3718,-82.4049,-82.4385,-82.4724,-82.5064,-82.5404,-82.5741,-82.6075,-82.6404,-82.6728,-82.7046,-82.7358,-82.7664,-82.7962,-82.8253,-82.8536,-82.8812,-82.9080,-82.9341,-82.9594,-82.9840,-83.0078,-83.0309,-83.0532,-83.0749,-83.0958,-83.1161,-83.1357,-83.1547,-83.1730,-83.1907,-83.2079,-83.2244,-83.2404,-83.2559,-83.2708,-83.2853,-83.2992,-83.3127,-83.3257,-83.3383,-83.3505,-83.3623,-83.3737,-83.3847,-83.3954,-83.4057,-83.4157,-83.4254,-83.4347,-83.4438,-83.4526,-83.4612,-83.4695,-83.4775,-83.4853,-83.4929,-83.5002,-83.5074,-83.5143,-83.5211,-83.5277,-83.5341,-83.5404,-83.5465,-83.5524,-83.5582,-83.5639,-83.5535,-83.4749,-83.3670,-83.2566,-83.1549,-83.0663,-82.9922,-82.9290,-82.8147,-82.6684,-82.5271,-82.4039,-82.3026,-82.2230,-82.1633,-82.1211,-82.0941,-82.0799,-82.0765,-82.0819,-82.0788,-82.0440,-81.9900,-81.9315,-81.8778,-81.8340,-81.8019,-81.7819,-81.7731,-81.7746,-81.7849,-81.8028,-81.8270,-81.8563,-81.8899,-81.9269,-81.9664,-82.0079,-82.0509,-82.0948,-82.1394,-82.1843,-82.2292,-82.2740,-82.3184,-82.3623,-82.4048,-82.4224,-82.4037,-82.3643,-82.3040,-82.2126,-82.1073,-82.0035,-81.9104,-81.8325,-81.7710,-81.7257,-81.6953,-81.6785,-81.6734,-81.6784,-81.6919,-81.7127,-81.7394,-81.7709,-81.8064,-81.8451,-81.8862,-81.9293,-81.9737,-82.0192,-82.0652,-82.1117,-82.1582,-82.2046,-82.2506,-82.2963,-82.3413,-82.3857,-82.4293,-82.4721,-82.5140,-82.5549,-82.5949,-82.6338,-82.6718,-82.7087,-82.7445,-82.7793,-82.8131,-82.8458,-82.8776,-82.9083,-82.9380,-82.9667,-82.9945,-83.0213,-83.0472,-83.0722,-83.0964,-83.1197,-83.1422,-83.1639,-83.1848,-83.2049,-83.2244,-83.2431,-83.2611,-83.2785,-83.2953,-83.3115,-83.3271,-83.3421,-83.3566,-83.3705,-83.3703,-83.3116,-83.1731,-83.0035,-82.8361,-82.6846,-82.5542,-82.4459,-82.3591,-82.2920,-82.2424,-82.2082,-82.1861,-82.1391,-82.0564,-81.9627,-81.8753,-81.8026,-81.7473,-81.7094,-81.6874,-81.6793,-81.6827,-81.6586,-81.5911,-81.5111,-81.4365,-81.3760,-81.3327,-81.3068,-81.2968,-81.3009,-81.3169,-81.3429,-81.3770,-81.4175,-81.4632,-81.5128,-81.5655,-81.6204,-81.6769,-81.7343,-81.7922,-81.8503,-81.9083,-81.9658,-82.0228,-82.0789,-82.1094,-82.0824,-82.0294,-81.9717,-81.8858,-81.7264,-81.5571,-81.4088,-81.2910,-81.2045,-81.1463,-81.1126,-81.0994,-81.1032,-81.1207,-81.1492,-81.1865,-81.2307,-81.2564,-81.2359,-81.1923,-81.1462,-81.1086,-81.0843,-81.0741,-81.0774,-81.0927,-81.1181,-81.1520,-81.1929,-81.2393,-81.2900,-81.3440,-81.4005,-81.4588,-81.5182,-81.5783,-81.6386,-81.6767,-81.6318,-81.5599,-81.4903,-81.4342,-81.3950,-81.3729,-81.3125,-81.1903,-81.0707,-80.9729,-80.9014,-80.8553,-80.8245,-80.7639,-80.6725,-80.5173,-80.3350,-80.1518,-79.9601,-79.7763,-79.6167,-79.4896,-79.3970,-79.3371,-79.3067,-79.3017,-79.3181,-79.3523,-79.4011,-79.4616,-79.5315,-79.6088,-79.6691,-79.6693,-79.6434,-79.6204,-79.6116,-79.6199,-79.6444,-79.6832,-79.7341,-79.7948,-79.8634,-79.9382,-80.0179,-80.1011,-80.1869,-80.2744,-80.3630,-80.4519,-80.5408,-80.6293,-80.7170,-80.8036,-80.8890,-80.9729,-81.0552,-81.1358,-81.2147,-81.2324,-81.1768,-81.1056,-81.0433,-80.9983,-80.9712,-80.9273,-80.8509,-80.7642,-80.6831,-80.6161,-80.5648,-80.4779,-80.3122,-80.1164,-79.9303,-79.7721,-79.6475,-79.5563,-79.4958,-79.4623,-79.4521,-79.4495,-79.4118,-79.3552,-79.3003,-79.2586,-79.2345,-79.2291,-79.2412,-79.2689,-79.3101,-79.3625,-79.4242,-79.4933,-79.5682,-79.6327,-79.6689,-79.6829,-79.6755,-79.6514,-79.6200,-79.5894,-79.5654,-79.5513,-79.5398,-79.4892,-79.3986,-79.2912,-79.1859,-79.0939,-79.0208,-78.9686,-78.9368,-78.9243,-78.9291,-78.9490,-78.9821,-79.0262,-79.0797,-79.1409,-79.2084,-79.2810,-79.3577,-79.4376,-79.5198,-79.6039,-79.6891,-79.7675,-79.7982,-79.7920,-79.7727,-79.7555,-79.7476,-79.7512,-79.7174,-79.6391,-79.5551,-79.4853,-79.4097,-79.2130,-78.9778,-78.7196,-78.4563,-78.2184,-78.0212,-77.8695,-77.7620,-77.6948,-77.6627,-77.6606,-77.6810,-77.7090,-77.7369,-77.7654,-77.7974,-77.8356,-77.8814,-77.9356,-77.9981,-78.0685,-78.1459,-78.2296,-78.3185,-78.4118,-78.5086,-78.6082,-78.7097,-78.8127,-78.9165,-79.0207,-79.1248,-79.2230,-79.3046,-79.3257,-79.2731,-79.1939,-79.1179,-79.0573,-79.0161,-78.9944,-78.9908,-79.0033,-79.0298,-79.0683,-79.1169,-79.1738,-79.2375,-79.3067,-79.3803,-79.4574,-79.5370,-79.6185,-79.7013,-79.7848,-79.8687,-79.9527,-80.0363,-80.1194,-80.2017,-80.2830,-80.3633,-80.4424,-80.5199,-80.5590,-80.5444,-80.5074,-80.4672,-80.4341,-80.4124,-80.3945,-80.3396,-80.2601,-80.1787,-80.1087,-80.0561,-80.0223,-80.0063,-79.9917,-79.9061,-79.7590,-79.5583,-79.3055,-79.0569,-78.8378,-78.6574,-78.5171,-78.4149,-78.3469,-78.3090,-78.2968,-78.3062,-78.3337,-78.3761,-78.4307,-78.4951,-78.5674,-78.6308,-78.6477,-78.5836,-78.4179,-78.1531,-77.8733,-77.6195,-77.4072,-77.2405,-77.1055,-76.9615,-76.8200,-76.6972,-76.5544,-76.3977,-76.2582,-76.1484,-76.0704,-75.9974,-75.9236,-75.8607,-75.8160,-75.7931,-75.7925,-75.8133,-75.8537,-75.9114,-75.9832,-76.0544,-76.1128,-76.1613,-76.2071,-76.2500,-76.2266,-76.1610,-76.0806,-75.9928,-75.9101,-75.8428,-75.7964,-75.7730,-75.7722,-75.7925,-75.8158,-75.8131,-75.7955,-75.7803,-75.7780,-75.7930,-75.8257,-75.8752,-75.9396,-76.0168,-76.1046,-76.2013,-76.3052,-76.4147,-76.5288,-76.6462,-76.7662,-76.8879,-77.0107,-77.0766,-77.0679,-77.0010,-76.9072,-76.8205,-76.7545,-76.7131,-76.6964,-76.7026,-76.7292,-76.7734,-76.8326,-76.9044,-76.9865,-77.0770,-77.1742,-77.2573,-77.2783,-77.2777,-77.2792,-77.2915,-77.3173,-77.3567,-77.4087,-77.4717,-77.5442,-77.6247,-77.7116,-77.8037,-77.8998,-77.9990,-78.1004,-78.2033,-78.3070,-78.4112,-78.5152,-78.6189,-78.7218,-78.8238,-78.9234,-78.9937,-79.0201,-79.0219,-79.0174,-79.0171,-79.0257,-79.0447,-79.0739,-79.1124,-79.1588,-79.2119,-79.2705,-79.3335,-79.3805,-79.3835,-79.3206,-79.2105,-79.0695,-78.8340,-78.5472,-78.2602,-78.0017,-77.7843,-77.5913,-77.3791,-77.1743,-77.0022,-76.8715,-76.7604,-76.6292,-76.4760,-76.3130,-76.1628,-76.0396,-75.9494,-75.8925,-75.8669,-75.8689,-75.8948,-75.9410,-75.9846,-75.9748,-75.9512,-75.9365,-75.9386,-75.9508,-75.9329,-75.8961,-75.8457,-75.7769,-75.7046,-75.6421,-75.5971,-75.5732,-75.5711,-75.5871,-75.5958,-75.5927,-75.5877,-75.5892,-75.6021,-75.6287,-75.6682,-75.6900,-75.6624,-75.5987,-75.5237,-75.4554,-75.4038,-75.3736,-75.3658,-75.3797,-75.4134,-75.4647,-75.5311,-75.6104,-75.7005,-75.7994,-75.8995,-75.9499,-75.9581,-75.9576,-75.9664,-75.9911,-76.0326,-76.0898,-76.1605,-76.2426,-76.3342,-76.4334,-76.5387,-76.5823,-76.4937,-76.3566,-76.2239,-76.1158,-75.9713,-75.7977,-75.6489,-75.5385,-75.4680,-75.4345,-75.4335,-75.4604,-75.5105,-75.5739,-75.5967,-75.5438,-75.4563,-75.3653,-75.2881,-75.2334,-75.2039,-75.1995,-75.2182,-75.2576,-75.3139,-75.3599,-75.3758,-75.3770,-75.3800,-75.3940,-75.4228,-75.4504,-75.4276,-75.3605,-75.2784,-75.2015,-75.1407,-75.0999,-75.0207,-74.9016,-74.7865,-74.6962,-74.6330,-74.5670,-74.4919,-74.4216,-74.3673,-74.3350,-74.3264,-74.3407,-74.3761,-74.4300,-74.4998,-74.5830,-74.6773,-74.7808,-74.8917,-75.0085,-75.1299,-75.2548,-75.3824,-75.5119,-75.6426,-75.7740,-75.9056,-76.0371,-76.1682,-76.2986,-76.4281,-76.5565,-76.6837,-76.8095,-76.9339,-77.0568,-77.1780,-77.2976,-77.4155,-77.5316,-77.6460,-77.7586,-77.8693,-77.9783,-78.0854,-78.1906,-78.2941,-78.3956,-78.4953,-78.5932,-78.6892,-78.7834,-78.8758,-78.9663,-79.0551,-79.1420,-79.2272,-79.3106,-79.3923,-79.4723,-79.5505,-79.6270,-79.7019,-79.7751,-79.8467,-79.9167,-79.9852,-80.0520,-80.1133,-80.1509,-80.1621,-80.1555,-80.1406,-80.1245,-80.1117,-80.1047,-80.1045,-80.1113,-80.1247,-80.1441,-80.1687,-80.1979,-80.2282,-80.2483,-80.2536,-80.2477,-80.2361,-80.2067,-80.1279,-80.0214,-79.9106,-79.8095,-79.7242,-79.6493,-79.5778,-79.5101,-79.4491,-79.3973,-79.3543,-79.2751,-79.1623,-79.0443,-78.9373,-78.8487,-78.7814,-78.7353,-78.7091,-78.7004,-78.7072,-78.7271,-78.7581,-78.7983,-78.8461,-78.8921,-78.8633,-78.7294,-78.4699,-78.1883,-77.9066,-77.6178,-77.3485,-77.1173,-76.9316,-76.7919,-76.6952,-76.6367,-76.6111,-76.6134,-76.6006,-76.4976,-76.3544,-76.2016,-76.0395,-75.8847,-75.7510,-75.6437,-75.5082,-75.3513,-75.2106,-75.1035,-75.0344,-75.0019,-75.0020,-75.0301,-75.0816,-75.1526,-75.2323,-75.2666,-75.2334,-75.1464,-74.9679,-74.7659,-74.5866,-74.4471,-74.3513,-74.2971,-74.2801,-74.2952,-74.3374,-74.4021,-74.4855,-74.5839,-74.6922,-74.7808,-74.8398,-74.8849,-74.9298,-74.9821,-75.0452,-75.1199,-75.2056,-75.3013,-75.4055,-75.5170,-75.6344,-75.7565,-75.8822,-76.0107,-76.1412,-76.2728,-76.3903,-76.4605,-76.3926,-76.2836,-76.1812,-76.1017,-76.0252,-75.8310,-75.5695,-75.3245,-75.1236,-74.9730,-74.8618,-74.7452,-74.6372,-74.5524,-74.4960,-74.4683,-74.4680,-74.4923,-74.5384,-74.6032,-74.6838,-74.7730,-74.8199,-74.8269,-74.8271,-74.8000,-74.7036,-74.6085,-74.5391,-74.5019,-74.4962,-74.5189,-74.5659,-74.6335,-74.7179,-74.8159,-74.9250,-75.0427,-75.1672,-75.2968,-75.4302,-75.5664,-75.7016,-75.8171,-75.8816,-75.8306,-75.7178,-75.5868,-75.4628,-75.3304,-75.1578,-74.9918,-74.8534,-74.7496,-74.6813,-74.6465,-74.6417,-74.6510,-74.6189,-74.5745,-74.5401,-74.4962,-74.4257,-74.3512,-74.2895,-74.2475,-74.1500,-74.0286,-73.9267,-73.8566,-73.8199,-73.8146,-73.8373,-73.8841,-73.9512,-74.0353,-74.0977,-74.0547,-73.9148,-73.7298,-73.4842,-73.2594,-73.0819,-72.9568,-72.8816,-72.8507,-72.8579,-72.8970,-72.9626,-73.0500,-73.1549,-73.2595,-73.2894,-73.2202,-73.1003,-72.9903,-72.9113,-72.8690,-72.8623,-72.8685,-72.8406,-72.8070,-72.7893,-72.7963,-72.8297,-72.8877,-72.9673,-73.0652,-73.1781,-73.3033,-73.4383,-73.5809,-73.7293,-73.8722,-73.9406,-73.9519,-73.8881,-73.7309,-73.5620,-73.4136,-73.2980,-73.2185,-73.1744,-73.1628,-73.1803,-73.2229,-73.2870,-73.3691,-73.4662,-73.5755,-73.6949,-73.8221,-73.9557,-74.0940,-74.2360,-74.3805,-74.5268,-74.6742,-74.8221,-74.9700,-75.1174,-75.2642,-75.4101,-75.5547,-75.6980,-75.8398,-75.9800,-76.1185,-76.2552,-76.3901,-76.5231,-76.6542,-76.7834,-76.9106,-77.0359,-77.1591,-77.2804,-77.3997,-77.5169,-77.6322,-77.7454,-77.8567,-77.9660,-78.0732,-78.1786,-78.2819,-78.3833,-78.4827,-78.5802,-78.6758,-78.7695,-78.8613,-78.9513,-79.0393,-79.1256,-79.2100,-79.2927,-79.3735,-79.4526,-79.5300,-79.6057,-79.6797,-79.7521,-79.8051,-79.7998,-79.7690,-79.7081,-79.6051,-79.4952,-79.3958,-79.3133,-79.2497,-79.2048,-79.1773,-79.1654,-79.1674,-79.1802,-79.1521,-79.0694,-78.9479,-78.8126,-78.6835,-78.5716,-78.4820,-78.4157,-78.3720,-78.3490,-78.3442,-78.3553,-78.3800,-78.4086,-78.3560,-78.2685,-78.1520,-78.0184,-77.8912,-77.7852,-77.7062,-77.6551,-77.6297,-77.6272,-77.6442,-77.6607,-77.6241,-77.5719,-77.5254,-77.4933,-77.4713,-77.4365,-77.3923,-77.3431,-77.2421,-77.1187,-77.0038,-76.9101,-76.8421,-76.8002,-76.7831,-76.7883,-76.8130,-76.8545,-76.9101,-76.9273,-76.8712,-76.8098,-76.7297,-76.5621,-76.3577,-76.1443,-75.8819,-75.6194,-75.3934,-75.2140,-75.0572,-74.9127,-74.7888,-74.6921,-74.6253,-74.5883,-74.5791,-74.5948,-74.6325,-74.6889,-74.7612,-74.8468,-74.9433,-75.0487,-75.1612,-75.2792,-75.4016,-75.5273,-75.6477,-75.7358,-75.7964,-75.8433,-75.8870,-75.9338,-75.9872,-76.0488,-76.1187,-76.1967,-76.2819,-76.3734,-76.4701,-76.5712,-76.6758,-76.7831,-76.8923,-77.0030,-77.1145,-77.2264,-77.3384,-77.4502,-77.5614,-77.6719,-77.7814,-77.8899,-77.9971,-78.1030,-78.2075,-78.3105,-78.4119,-78.5118,-78.6100,-78.7066,-78.8015,-78.8559,-78.8242,-78.7712,-78.7241,-78.6805,-78.5976,-78.4990,-78.4071,-78.3330,-78.2806,-78.2493,-78.2167,-78.1711,-78.1209,-78.0750,-78.0393,-78.0169,-78.0088,-78.0148,-78.0339,-78.0649,-78.1061,-78.1561,-78.2136,-78.2772,-78.3458,-78.4184,-78.4942,-78.5723,-78.6523,-78.7335,-78.8155,-78.8979,-78.9804,-79.0627,-79.1447,-79.2261,-79.3067,-79.3865,-79.4653,-79.5431,-79.6197,-79.6952,-79.7694,-79.8423,-79.9140,-79.9843,-80.0533,-80.1200,-80.1750,-80.2109,-80.2301,-80.2385,-80.2416,-80.2436,-80.2471,-80.2538,-80.2646,-80.2797,-80.2992,-80.3228,-80.3501,-80.3807,-80.4141,-80.4499,-80.4877,-80.5272,-80.5679,-80.6097,-80.6523,-80.6954,-80.7388,-80.7825,-80.8262,-80.8698,-80.9132,-80.9564,-80.9992,-81.0416,-81.0835,-81.1250,-81.1658,-81.2062,-81.2459,-81.2849,-81.3234,-81.3612,-81.3983,-81.4348,-81.4706,-81.5057,-81.5401,-81.5581,-81.5004,-81.4050,-81.3065,-81.2179,-81.1332,-81.0483,-80.9660,-80.8771,-80.7180,-80.5277,-80.3462,-80.1904,-80.0649,-79.9690,-79.8998,-79.8539,-79.8278,-79.8186,-79.8233,-79.8397,-79.8656,-79.8994,-79.9396,-79.9849,-80.0343,-80.0870,-80.1423,-80.1994,-80.2574,-80.2639,-80.2209,-80.1688,-80.1238,-80.0916,-80.0734,-80.0689,-80.0768,-80.0954,-80.1232,-80.1587,-80.2005,-80.2474,-80.2985,-80.3527,-80.4094,-80.4678,-80.5253,-80.5589,-80.5648,-80.5538,-80.5362,-80.5193,-80.5049,-80.4759,-80.4287,-80.3726,-80.3173,-80.2693,-80.2324,-80.2032,-80.1649,-80.1183,-80.0707,-80.0275,-79.9926,-79.9678,-79.9541,-79.9513,-79.9588,-79.9758,-80.0012,-80.0340,-80.0732,-80.1107,-80.1285,-80.1265,-80.1139,-80.0993,-80.0884,-80.0845,-80.0888,-80.1017,-80.1228,-80.1513,-80.1863,-80.2270,-80.2724,-80.3217,-80.3741,-80.4292,-80.4862,-80.5446,-80.6041,-80.6644,-80.7250,-80.7857,-80.8464,-80.9068,-80.9667,-81.0261,-81.0848,-81.1428,-81.1998,-81.2560,-81.3112,-81.3654,-81.4185,-81.4705,-81.5215,-81.5713,-81.6200,-81.6676,-81.7141,-81.7594,-81.8036,-81.8467,-81.8887,-81.9297,-81.9695,-82.0083,-82.0460,-82.0828,-82.1185,-82.1532,-82.1870,-82.2199,-82.2518,-82.2829,-82.3121,-82.3225,-82.3043,-82.2658,-82.2148,-82.1200,-81.9554,-81.7221,-81.4814,-81.2613,-81.0723,-80.9171,-80.7946,-80.7022,-80.6364,-80.5935,-80.5596,-80.4440,-80.3097,-80.1921,-80.1012,-80.0382,-80.0010,-79.9863,-79.9908,-80.0047,-79.9429,-79.8487,-79.7631,-79.6996,-79.6614,-79.6471,-79.6538,-79.6782,-79.7171,-79.7676,-79.8274,-79.8944,-79.9621,-80.0039,-80.0181,-80.0185,-80.0164,-80.0187,-80.0285,-80.0471,-80.0746,-80.1104,-80.1535,-80.2030,-80.2579,-80.3171,-80.3797,-80.4451,-80.5125,-80.5813,-80.6510,-80.7213,-80.7916,-80.8618,-80.9316,-81.0008,-81.0691,-81.1366,-81.2029,-81.2681,-81.3321,-81.3947,-81.4560,-81.5160,-81.5745,-81.6316,-81.6873,-81.7416,-81.7944,-81.8458,-81.8958,-81.9444,-81.9916,-82.0375,-82.0820,-82.1252,-82.1671,-82.2078,-82.2472,-82.2854,-82.3225,-82.3584,-82.3932,-82.4269,-82.4596,-82.4912,-82.5219,-82.5516,-82.5804,-82.6082,-82.6352,-82.6614,-82.6867,-82.7113,-82.7351,-82.7582,-82.7805,-82.8022,-82.8232,-82.8436,-82.8634,-82.8826,-82.9012,-82.9193,-82.9368,-82.9539,-82.9705,-82.9866,-83.0022,-83.0175,-83.0323,-83.0467,-83.0607,-83.0744,-83.0877,-83.1007,-83.1134,-83.1257,-83.1378,-83.1495,-83.1610,-83.1700,-83.1579,-83.1189,-83.0627,-82.9991,-82.9356,-82.8768,-82.8253,-82.7820,-82.7472,-82.7204,-82.7010,-82.6882,-82.6811,-82.6790,-82.6811,-82.6868,-82.6955,-82.7067,-82.7200,-82.7350,-82.7513,-82.7317,-82.6530,-82.5585,-82.4678,-82.3888,-82.3244,-82.2748,-82.2391,-82.2159,-82.2035,-82.2004,-82.2051,-82.2163,-82.2328,-82.2535,-82.2778,-82.3047,-82.3338,-82.3644,-82.3963,-82.4290,-82.4622,-82.4958,-82.5294,-82.5630,-82.5963,-82.6293,-82.6620,-82.6941,-82.7257,-82.7567,-82.7870,-82.8167,-82.8458,-82.8741,-82.9017,-82.9286,-82.9547,-82.9802,-83.0049,-83.0290,-83.0523,-83.0750,-83.0970,-83.1183,-83.1390,-83.1591,-83.1786,-83.1974,-83.2157,-83.2335,-83.2506,-83.2673,-83.2834,-83.2991,-83.3142,-83.3289,-83.3432,-83.3570,-83.3704,-83.3834,-83.3960,-83.4083,-83.4202,-83.4317,-83.4429,-83.4538,-83.4644,-83.4747,-83.4847,-83.4945,-83.5040,-83.5132,-83.5222,-83.5310,-83.5396,-83.5479,-83.5560,-83.5640,-83.5717,-83.5793,-83.5867,-83.5940,-83.6011,-83.6080,-83.6148,-83.6214,-83.6280,-83.6344,-83.5883,-83.4462,-83.2946,-83.1601,-83.0496,-82.9631,-82.8983,-82.8519,-82.8210,-82.8027,-82.7946,-82.7949,-82.8017,-82.8138,-82.8301,-82.8496,-82.8715,-82.8954,-82.9206,-82.9469,-82.9738,-83.0011,-83.0286,-83.0561,-83.0834,-83.1105,-83.1372,-83.1635,-83.1893,-83.2146,-83.2393,-83.2635,-83.2870,-83.3099,-83.3321,-83.3538,-83.3748,-83.3951,-83.4149,-83.4340,-83.4525,-83.4705,-83.4878,-83.5046,-83.5208,-83.5211,-83.4547,-83.3606,-83.2647,-83.1778,-83.1039,-83.0443,-82.9983,-82.9649,-82.9424,-82.9294,-82.9243,-82.9259,-82.8783,-82.7496,-82.6165,-82.5018,-82.4113,-82.3447,-82.2996,-82.2729,-82.2616,-82.2630,-82.2745,-82.2943,-82.3205,-82.3518,-82.3871,-82.4253,-82.4656,-82.5075,-82.5504,-82.5939,-82.6376,-82.6813,-82.7246,-82.7676,-82.8098,-82.8514,-82.8921,-82.9320,-82.9708,-83.0086,-83.0343,-83.0315,-83.0057,-82.9675,-82.9256,-82.8858,-82.8516,-82.8246,-82.8053,-82.7936,-82.7888,-82.7902,-82.7970,-82.8085,-82.8238,-82.8422,-82.8633,-82.8864,-82.9112,-82.9372,-82.9641,-82.9917,-83.0197,-83.0480,-83.0763,-83.1046,-83.1327,-83.1605,-83.1879,-83.2149,-83.2415,-83.2675,-83.2930,-83.3179,-83.3422,-83.3659,-83.3889,-83.4114,-83.4331,-83.4543,-83.4748,-83.4948,-83.5140,-83.5327,-83.5508,-83.5683,-83.5853,-83.6016,-83.6175,-83.6328,-83.6475,-83.6618,-83.6756,-83.6889,-83.7018,-83.7143,-83.7263,-83.7379,-83.7491,-83.7599,-83.7704,-83.7805,-83.7902,-83.7997,-83.8088,-83.8174,-83.7512,-83.5852,-83.3886,-83.1955,-83.0221,-82.8746,-82.7543,-82.6596,-82.5881,-82.5367,-82.5025,-82.4828,-82.4752,-82.4775,-82.4880,-82.5051,-82.5276,-82.5544,-82.5846,-82.6175,-82.6525,-82.6889,-82.7264,-82.7647,-82.8033,-82.8422,-82.8810,-82.9195,-82.9578,-82.9955,-83.0326,-83.0691,-83.1049,-83.1398,-83.1740,-83.2073,-83.2397,-83.2712,-83.3019,-83.3316,-83.3604,-83.3860,-83.3761,-83.3309,-83.2689,-83.2028,-83.1404,-83.0857,-83.0407,-83.0059,-82.9808,-82.9646,-82.9563,-82.9548,-82.9591,-82.9683,-82.9814,-82.9979,-83.0170,-83.0382,-83.0610,-83.0850,-83.1100,-83.1356,-83.1616,-83.1878,-83.2141,-83.2403,-83.2663,-83.2921,-83.3175,-83.3425,-83.3670,-83.3910,-83.4144,-83.4374,-83.4597,-83.4814,-83.5026,-83.5232,-83.5431,-83.5625,-83.5812,-83.5994,-83.6170,-83.6340,-83.6505,-83.6664,-83.6818,-83.6967,-83.7110,-83.7249,-83.7383,-83.7513,-83.7638,-83.7758,-83.7875,-83.7987,-83.8096,-83.8200,-83.8302,-83.8399,-83.8494,-83.8585,-83.8673,-83.8758,-83.8841,-83.8920,-83.8997,-83.9072,-83.9144,-83.9214,-83.9282,-83.9347,-83.9411,-83.9473,-83.9533,-83.9591,-83.9647,-83.9702,-83.9755,-83.9807,-83.9858,-83.9907,-83.9955,-84.0001,-84.0047,-84.0091,-84.0135,-84.0177,-84.0218,-84.0259,-84.0298,-84.0337,-84.0375,-84.0412,-84.0448,-84.0484,-84.0519,-84.0553,-84.0587,-84.0620,-84.0653,-84.0683,-84.0413,-83.9653,-83.8416,-83.6465,-83.4363,-83.2366,-83.0274,-82.8063,-82.5944,-82.4065,-82.2490,-82.1227,-82.0259,-81.9552,-81.9073,-81.8787,-81.8664,-81.8675,-81.8798,-81.9010,-81.9199,-81.9212,-81.9068,-81.8851,-81.8631,-81.8154,-81.7117,-81.5970,-81.4918,-81.4043,-81.3373,-81.2909,-81.2635,-81.2532,-81.2576,-81.2745,-81.3018,-81.3376,-81.3805,-81.4289,-81.4817,-81.5379,-81.5967,-81.6572,-81.7190,-81.7816,-81.8445,-81.9073,-81.9699,-82.0320,-82.0933,-82.1538,-82.2132,-82.2715,-82.3286,-82.3845,-82.4390,-82.4921,-82.5438,-82.5942,-82.6431,-82.6905,-82.7366,-82.7812,-82.8244,-82.8662,-82.9066,-82.9457,-82.9835,-83.0200,-83.0552,-83.0891,-83.1219,-83.1535,-83.1839,-83.2133,-83.2415,-83.2687,-83.2950,-83.3202,-83.3445,-83.3679,-83.3904,-83.4120,-83.4329,-83.4529,-83.4723,-83.4908,-83.5087,-83.5260,-83.5425,-83.5585,-83.5739,-83.5887,-83.5601,-83.4420,-83.3088,-83.1864,-83.0827,-82.9991,-82.9344,-82.8866,-82.8532,-82.8320,-82.8210,-82.8182,-82.8222,-82.8317,-82.8455,-82.8629,-82.8830,-82.9052,-82.9290,-82.9539,-82.9798,-83.0061,-83.0328,-83.0597,-83.0865,-83.1131,-83.1395,-83.1655,-83.1911,-83.2163,-83.2409,-83.2650,-83.2885,-83.3114,-83.3338,-83.3555,-83.3766,-83.3971,-83.4095,-83.3895,-83.3431,-83.2837,-83.2216,-83.1629,-83.1113,-83.0683,-83.0342,-83.0086,-82.9910,-82.9804,-82.9758,-82.9766,-82.9817,-82.9906,-83.0026,-83.0171,-83.0336,-83.0496,-83.0416,-83.0061,-82.9547,-82.8978,-82.8428,-82.7942,-82.7543,-82.7240,-82.7030,-82.6909,-82.6865,-82.6890,-82.6974,-82.7106,-82.7280,-82.7486,-82.7720,-82.7975,-82.8246,-82.8530,-82.8824,-82.8471,-82.7392,-82.6244,-82.5231,-82.4411,-82.3793,-82.3360,-82.3089,-82.2957,-82.2940,-82.3018,-82.3173,-82.3390,-82.3657,-82.3961,-82.4295,-82.4652,-82.5024,-82.5408,-82.5799,-82.6193,-82.6589,-82.6983,-82.7375,-82.7762,-82.8143,-82.8518,-82.8885,-82.9244,-82.9595,-82.9937,-83.0270,-83.0594,-83.0908,-83.1214,-83.1510,-83.1797,-83.2075,-83.2344,-83.2596,-83.2590,-83.2214,-83.1635,-83.0997,-83.0390,-82.9860,-82.9427,-82.9096,-82.8860,-82.8713,-82.8642,-82.8638,-82.8690,-82.8789,-82.8927,-82.9096,-82.9291,-82.9507,-82.9738,-82.9981,-83.0233,-83.0491,-83.0753,-83.1017,-83.1282,-83.1546,-83.1809,-83.2068,-83.2325,-83.2577,-83.2825,-83.3068,-83.3305,-83.3538,-83.3764,-83.3985,-83.4200,-83.4409,-83.4612,-83.4810,-83.5001,-83.5187,-83.5367,-83.5541,-83.5710,-83.5873,-83.6032,-83.6185,-83.6333,-83.6476,-83.6614,-83.6121,-83.4660,-83.3150,-83.1835,-83.0773,-82.9955,-82.9355,-82.8939,-82.8676,-82.8538,-82.8500,-82.8543,-82.8650,-82.8808,-82.9005,-82.9233,-82.9483,-82.9751,-83.0031,-83.0320,-83.0614,-83.0910,-83.1206,-83.1501,-83.1794,-83.2083,-83.2367,-83.2646,-83.2919,-83.3185,-83.3445,-83.3698,-83.3944,-83.4183,-83.4415,-83.4640,-83.4857,-83.5068,-83.5272,-83.5469,-83.5660,-83.5844,-83.6022,-83.6193,-83.6359,-83.6519,-83.6673,-83.6822,-83.6965,-83.7103,-83.7237,-83.7365,-83.7490,-83.7609,-83.7708,-83.7683,-83.7479,-83.7136,-83.6716,-83.6273,-83.5844,-83.5452,-83.5111,-83.4826,-83.4598,-83.4423,-83.4298,-83.4217,-83.4176,-83.4170,-83.4193,-83.4243,-83.4313,-83.4403,-83.4507,-83.4624,-83.4752,-83.4888,-83.5031,-83.5179,-83.5330,-83.5485,-83.5641,-83.5799,-83.5956,-83.6114,-83.6270,-83.6426,-83.6557,-83.6452,-83.6097,-83.5609,-83.5076,-83.4555,-83.4080,-83.3670,-83.3332,-83.3067,-83.2872,-83.2742,-83.2670,-83.2649,-83.2672,-83.2732,-83.2824,-83.2943,-83.3083,-83.3242,-83.3405,-83.3240,-83.2622,-83.1808,-83.0980,-83.0236,-82.9596,-82.8719,-82.7548,-82.6314,-82.5167,-82.4180,-82.3377,-82.2757,-82.2308,-82.2011,-82.1847,-82.1797,-82.1844,-82.1972,-82.2167,-82.1661,-82.0358,-81.9081,-81.8033,-81.7258,-81.6739,-81.6446,-81.6342,-81.6395,-81.6574,-81.6854,-81.7214,-81.7636,-81.8105,-81.8611,-81.9143,-81.9694,-82.0256,-82.0825,-82.1396,-82.1967,-82.2533,-82.3093,-82.3645,-82.4188,-82.4719,-82.5240,-82.5748,-82.6243,-82.6725,-82.7194,-82.7649,-82.8090,-82.8518,-82.8932,-82.9333,-82.9721,-83.0095,-83.0457,-83.0806,-83.1143,-83.1141,-83.0615,-82.9925,-82.9248,-82.8657,-82.8177,-82.7813,-82.7560,-82.7407,-82.7342,-82.7354,-82.7429,-82.7557,-82.7730,-82.7938,-82.8175,-82.8434,-82.8710,-82.8999,-82.9297,-82.9601,-82.9909,-83.0218,-83.0527,-83.0834,-83.1138,-83.1324,-83.0946,-83.0184,-82.9349,-82.8602,-82.8004,-82.7562,-82.7264,-82.7091,-82.7023,-82.7043,-82.7134,-82.7284,-82.7480,-82.7713,-82.7975,-82.8260,-82.8562,-82.8876,-82.9199,-82.9527,-82.9858,-83.0190,-83.0521,-83.0850,-83.1174,-83.1495,-83.1809,-83.2118,-83.2419,-83.2714,-83.3000,-83.2813,-83.2076,-83.1194,-83.0344,-82.9601,-82.8990,-82.8517,-82.8172,-82.7925,-82.6924,-82.5530,-82.4222,-82.3138,-82.2303,-82.1705,-82.1318,-82.1111,-82.1054,-82.0924,-81.9783,-81.8461,-81.7323,-81.6461,-81.5876,-81.5541,-81.5418,-81.5472,-81.5667,-81.5971,-81.5914,-81.5414,-81.4758,-81.3531,-81.2072,-81.0720,-80.9605,-80.8742,-80.8018,-80.7369,-80.6807,-80.6361,-80.6052,-80.5889,-80.5869,-80.5985,-80.6222,-80.6567,-80.7004,-80.7518,-80.7657,-80.7186,-80.6560,-80.6026,-80.5678,-80.5534,-80.5580,-80.5791,-80.6141,-80.6604,-80.7157,-80.7782,-80.8462,-80.9183,-80.9935,-81.0707,-81.1494,-81.2245,-81.2061,-81.1423,-81.0787,-81.0297,-80.9990,-80.9866,-80.9907,-81.0090,-81.0393,-81.0792,-81.1269,-81.1807,-81.2392,-81.3012,-81.3657,-81.4318,-81.4991,-81.5668,-81.6345,-81.7019,-81.7687,-81.8346,-81.8994,-81.9631,-82.0254,-82.0656,-82.0338,-81.9758,-81.9180,-81.8703,-81.8357,-81.8146,-81.8061,-81.8087,-81.8209,-81.8150,-81.7341,-81.6349,-81.5446,-81.4726,-81.4215,-81.3904,-81.3772,-81.3792,-81.3767,-81.3431,-81.2910,-81.2379,-81.1939,-81.1635,-81.1476,-81.1457,-81.1563,-81.1777,-81.2081,-81.2461,-81.2901,-81.3390,-81.3917,-81.4473,-81.5051,-81.5643,-81.6245,-81.6853,-81.7462,-81.8069,-81.8673,-81.9270,-81.9860,-82.0440,-82.1011,-82.1569,-82.2116,-82.2651,-82.3172,-82.3680,-82.4175,-82.4656,-82.5123,-82.5577,-82.6017,-82.6444,-82.6858,-82.7258,-82.7646,-82.8021,-82.8383,-82.8733,-82.9072,-82.9399,-82.9715,-83.0020,-83.0314,-83.0598,-83.0872,-83.1136,-83.1391,-83.1637,-83.1874,-83.2103,-83.2324,-83.2537,-83.2742,-83.2941,-83.3132,-83.3312,-83.3162,-83.2524,-83.1656,-83.0747,-82.9906,-82.9182,-82.8591,-82.8131,-82.7791,-82.7557,-82.7413,-82.7347,-82.7344,-82.7395,-82.7489,-82.7619,-82.7777,-82.7959,-82.8159,-82.8374,-82.8599,-82.8833,-82.9072,-82.9315,-82.9560,-82.9806,-83.0052,-83.0296,-83.0539,-83.0778,-83.1014,-83.1246,-83.1474,-83.1698,-83.1917,-83.2131,-83.2340,-83.2544,-83.2743,-83.2835,-83.1882,-83.0079,-82.8050,-82.6127,-82.4445,-82.3047,-82.1928,-82.1065,-82.0427,-81.9983,-81.9705,-81.9565,-81.9540,-81.9611,-81.9761,-81.9974,-82.0239,-82.0545,-82.0885,-82.1250,-82.1635,-82.2034,-82.2444,-82.2861,-82.3282,-82.3704,-82.4126,-82.4545,-82.4961,-82.5371,-82.5776,-82.6174,-82.6564,-82.6946,-82.7321,-82.7686,-82.8042,-82.8390,-82.8728,-82.9057,-82.9376,-82.9687,-82.9988,-83.0280,-83.0564,-83.0838,-83.1104,-83.1362,-83.1611,-83.1852,-83.2085,-83.2310,-83.2528,-83.2739,-83.2943,-83.3140,-83.3330,-83.3514,-83.3692,-83.3864,-83.4030,-83.4191,-83.4346,-83.4497,-83.4642,-83.4783,-83.4919,-83.5050,-83.5178,-83.5301,-83.5420,-83.5536,-83.5648,-83.5757,-83.5863,-83.5965,-83.6064,-83.6161,-83.6254,-83.6345,-83.6434,-83.6520,-83.6601,-83.6607,-83.6443,-83.6118,-83.5692,-83.5223,-83.4755,-83.3623,-83.1633,-82.9676,-82.7981,-82.6598,-82.5515,-82.4698,-82.4110,-82.3713,-82.3475,-82.3368,-82.3367,-82.3453,-82.3609,-82.3820,-82.4077,-82.4366,-82.4465,-82.4149,-82.3593,-82.2983,-82.2431,-82.1989,-82.1672,-82.1479,-82.1400,-82.1420,-82.1526,-82.1580,-82.1412,-82.1111,-82.0768,-82.0446,-82.0181,-81.9991,-81.9885,-81.9863,-81.9918,-81.9952,-81.9821,-81.9542,-81.9198,-81.8862,-81.8583,-81.8387,-81.8283,-81.8270,-81.8343,-81.8492,-81.8708,-81.8980,-81.9299,-81.9658,-82.0047,-82.0462,-82.0896,-82.1345,-82.1805,-82.2271,-82.2742,-82.3214,-82.3686,-82.4156,-82.4621,-82.5081,-82.5535,-82.5982,-82.6421,-82.6851,-82.7273,-82.7684,-82.8087,-82.8479,-82.8861,-82.9232,-82.9594,-82.9945,-83.0285,-83.0616,-83.0936,-83.1247,-83.1547,-83.1838,-83.2119,-83.2391,-83.2654,-83.2908,-83.3154,-83.3391,-83.3619,-83.3840,-83.4053,-83.4259,-83.4457,-83.4648,-83.4833,-83.5011,-83.5183,-83.5348,-83.5508,-83.5662,-83.5811,-83.5955,-83.6094,-83.6227,-83.6357,-83.6481,-83.6602,-83.6718,-83.6831,-83.6742,-83.6165,-83.5354,-83.4484,-83.3651,-83.2907,-83.2275,-83.1761,-83.1359,-83.1060,-83.0854,-83.0727,-83.0668,-83.0599,-82.9943,-82.8970,-82.7982,-82.7098,-82.6365,-82.5793,-82.5375,-82.5098,-82.4944,-82.4895,-82.4935,-82.5049,-82.5223,-82.5446,-82.5708,-82.6001,-82.6318,-82.6653,-82.7001,-82.7359,-82.7722,-82.8088,-82.8455,-82.8820,-82.9183,-82.9541,-82.9895,-83.0242,-83.0583,-83.0917,-83.1243,-83.1561,-83.1871,-83.2172,-83.2465,-83.2307,-83.1298,-83.0154,-82.9120,-82.8270,-82.7614,-82.7140,-82.6824,-82.6644,-82.6578,-82.6604,-82.6706,-82.6869,-82.7080,-82.7329,-82.7606,-82.7906,-82.8222,-82.8550,-82.8884,-82.9223,-82.9564,-82.9904,-83.0241,-83.0575,-83.0897,-83.1115,-83.1149,-83.1024,-83.0800,-83.0532,-83.0262,-83.0017,-82.9814,-82.9659,-82.9556,-82.9502,-82.9494,-82.9529,-82.9600,-82.9704,-82.9836,-82.9991,-83.0165,-83.0355,-83.0558,-83.0772,-83.0994,-83.1221,-83.1453,-83.1566,-83.0462,-82.9038,-82.7738,-82.6677,-82.5868,-82.5290,-82.4910,-82.4695,-82.4614,-82.4536,-82.4287,-82.3895,-82.3452,-82.3032,-82.2681,-82.2420,-82.2256,-82.2185,-82.2201,-82.2294,-82.2452,-82.2666,-82.2926,-82.3224,-82.3553,-82.3906,-82.4278,-82.4663,-82.5059,-82.5461,-82.5867,-82.6275,-82.6682,-82.7087,-82.7488,-82.7884,-82.8275,-82.8659,-82.9036,-82.9404,-82.9765,-83.0117,-83.0443,-83.0574,-83.0472,-83.0218,-82.9893,-82.9552,-82.9236,-82.8965,-82.8753,-82.8601,-82.8510,-82.8476,-82.8494,-82.8558,-82.8661,-82.8798,-82.8963,-82.9152,-82.9361,-82.9585,-82.9821,-83.0066,-83.0319,-83.0576,-83.0836,-83.1097,-83.1359,-83.1572,-83.1576,-83.1351,-83.0981,-83.0555,-83.0138,-82.9767,-82.9463,-82.9230,-82.8662,-82.7541,-82.6064,-82.4453,-82.2886,-82.1471,-82.0265,-81.9285,-81.8527,-81.7976,-81.7611,-81.7406,-81.7340,-81.7313,-81.7155,-81.6871,-81.6537,-81.6222,-81.5971,-81.5809,-81.5745,-81.5778,-81.5900,-81.6104,-81.6377,-81.6711,-81.7095,-81.7520,-81.7979,-81.8464,-81.8969,-81.9490,-82.0021,-82.0559,-82.1100,-82.1643,-82.2184,-82.2721,-82.3253,-82.3778,-82.4296,-82.4805,-82.5305,-82.5794,-82.6272,-82.6740,-82.7195,-82.7639,-82.8072,-82.8492,-82.8880,-82.9062,-82.8734,-82.7791,-82.6528,-82.5212,-82.3998,-82.2955,-82.2105,-82.1444,-82.0960,-82.0631,-82.0440,-82.0365,-82.0390,-82.0498,-82.0675,-82.0910,-82.1192,-82.1512,-82.1862,-82.2237,-82.2631,-82.3040,-82.3458,-82.3884,-82.4313,-82.4745,-82.5176,-82.5605,-82.6031,-82.6427,-82.6182,-82.5388,-82.4478,-82.3663,-82.3020,-82.2560,-82.2270,-82.2128,-82.2109,-82.2193,-82.2358,-82.2590,-82.2874,-82.3199,-82.3555,-82.3935,-82.4296,-82.4465,-82.4406,-82.4200,-82.3934,-82.3673,-82.3455,-82.3302,-82.3220,-82.3210,-82.3267,-82.3384,-82.3554,-82.3769,-82.4021,-82.4304,-82.4612,-82.4939,-82.5282,-82.5636,-82.5997,-82.6364,-82.6734,-82.7104,-82.7473,-82.7840,-82.8204,-82.8563,-82.8916,-82.9264,-82.9545,-82.9531,-82.9254,-82.8831,-82.8343,-82.7270,-82.5824,-82.4370,-82.3061,-82.1956,-82.1071,-82.0399,-81.9922,-81.9617,-81.9460,-81.9428,-81.9502,-81.9662,-81.9894,-82.0183,-82.0519,-82.0891,-82.1292,-82.1714,-82.2152,-82.2602,-82.3059,-82.3519,-82.3981,-82.4442,-82.4900,-82.5354,-82.5801,-82.6242,-82.6675,-82.7100,-82.7515,-82.7922,-82.8318,-82.8704,-82.9080,-82.9446,-82.9802,-83.0147,-83.0481,-83.0806,-83.1121,-83.1425,-83.1720,-83.2005,-83.2280,-83.2547,-83.2804,-83.3053,-83.3293,-83.3525,-83.3749,-83.3965,-83.4173,-83.4374,-83.4568,-83.4755,-83.4936,-83.5110,-83.5278,-83.5440,-83.5597,-83.5748,-83.5893,-83.6034,-83.6170,-83.6301,-83.6428,-83.6550,-83.6668,-83.6783,-83.6342,-83.5037,-83.3650,-83.2417,-83.1404,-83.0610,-83.0016,-82.9596,-82.9321,-82.9166,-82.9109,-82.9132,-82.9218,-82.9355,-82.9532,-82.9741,-82.9973,-83.0224,-83.0487,-83.0760,-83.1039,-83.1322,-83.1605,-83.1888,-83.2169,-83.2447,-83.2721,-83.2991,-83.3255,-83.3513,-83.3765,-83.4011,-83.4251,-83.4484,-83.4710,-83.4929,-83.5142,-83.5339,-83.5116,-83.4447,-83.3635,-83.2831,-83.2109,-83.1500,-83.1010,-83.0639,-83.0375,-83.0207,-83.0121,-83.0106,-83.0150,-83.0243,-83.0376,-83.0541,-83.0731,-83.0942,-83.1169,-83.1408,-83.1655,-83.1909,-83.2166,-83.2425,-83.2684,-83.2941,-83.3197,-83.3450,-83.3699,-83.3944,-83.4185,-83.4420,-83.4649,-83.4873,-83.5092,-83.5304,-83.5511,-83.5711,-83.5906,-83.6095,-83.6278,-83.6455,-83.6627,-83.6793,-83.6953,-83.7108,-83.7258,-83.7403,-83.7543,-83.7678,-83.7809,-83.7935,-83.8057,-83.8175,-83.8288,-83.8398,-83.8504,-83.8606,-83.8705,-83.8800,-83.8892,-83.8981,-83.9068,-83.9151,-83.9231,-83.9309,-83.9368,-83.9241,-83.8851,-83.8275,-83.7492,-83.6433,-83.5208,-83.3956,-83.2775,-83.1722,-83.0822,-83.0081,-82.9492,-82.9043,-82.8719,-82.8504,-82.8383,-82.8342,-82.8369,-82.8450,-82.8506,-82.8430,-82.8226,-82.7946,-82.7642,-82.7355,-82.7111,-82.6924,-82.6800,-82.6739,-82.6738,-82.6793,-82.6898,-82.7046,-82.7232,-82.7449,-82.7693,-82.7937,-82.7602,-82.6832,-82.6014,-82.5295,-82.4724,-82.4310,-82.4043,-82.3909,-82.3889,-82.3967,-82.4092,-82.3867,-82.3101,-82.1940,-82.0654,-81.9425,-81.8350,-81.7475,-81.6810,-81.6347,-81.6069,-81.5955,-81.5983,-81.6132,-81.6381,-81.6714,-81.7115,-81.7571,-81.8070,-81.8603,-81.9162,-81.9740,-82.0330,-82.0929,-82.1532,-82.2135,-82.2736,-82.3333,-82.3922,-82.4504,-82.5076,-82.5637,-82.6186,-82.6724,-82.7248,-82.7759,-82.8257,-82.8740,-82.9210,-82.9666,-83.0107,-83.0535,-83.0949,-83.1349,-83.1736,-83.2110,-83.2427,-83.2207,-83.1383,-83.0241,-82.9008,-82.7823,-82.6764,-82.5867,-82.5143,-82.4587,-82.4188,-82.3930,-82.3794,-82.3759,-82.3580,-82.3056,-82.2366,-82.1687,-82.1116,-82.0689,-82.0409,-82.0267,-82.0247,-82.0330,-82.0501,-82.0746,-82.1050,-82.1403,-82.1795,-82.2218,-82.2664,-82.3129,-82.3606,-82.4092,-82.4582,-82.5075,-82.5568,-82.6058,-82.6543,-82.7023,-82.7495,-82.7960,-82.8415,-82.8861,-82.9297,-82.9722,-83.0136,-83.0539,-83.0930,-83.1311,-83.1680,-83.2037,-83.2383,-83.2718,-83.3042,-83.3355,-83.3657,-83.3949,-83.4230,-83.4501,-83.4763,-83.5015,-83.5258,-83.5491,-83.5716,-83.5933,-83.6141,-83.6342,-83.6535,-83.6720,-83.6899,-83.7056,-83.7023,-83.6722,-83.6245,-83.5691,-83.5134,-83.4620,-83.4172,-83.3649,-83.2885,-83.1975,-83.1035,-83.0091,-82.8761,-82.6880,-82.4752,-82.2657,-82.0761,-81.8766,-81.6554,-81.4445,-81.2608,-81.1106,-80.9949,-80.9112,-80.8562,-80.8258,-80.8164,-80.8243,-80.8467,-80.8808,-80.9245,-80.9758,-81.0333,-81.0955,-81.1614,-81.2301,-81.3008,-81.3729,-81.4458,-81.5191,-81.5924,-81.6655,-81.7380,-81.8097,-81.8805,-81.9491,-81.9863,-81.9869,-81.9689,-81.9451,-81.9234,-81.9080,-81.9012,-81.9034,-81.9143,-81.9332,-81.9589,-81.9906,-82.0271,-82.0676,-82.1111,-82.1570,-82.2046,-82.2534,-82.3029,-82.3529,-82.4029,-82.4526,-82.5020,-82.5508,-82.5989,-82.6461,-82.6924,-82.7378,-82.7820,-82.8252,-82.8672,-82.9081,-82.9478,-82.9863,-83.0217,-83.0361,-83.0224,-82.9900,-82.9494,-82.9084,-82.8715,-82.8413,-82.8171,-82.7540,-82.6513,-82.5397,-82.4360,-82.3482,-82.2789,-82.2280,-82.1939,-82.1747,-82.1681,-82.1721,-82.1848,-82.2048,-82.2306,-82.2610,-82.2951,-82.3320,-82.3712,-82.4119,-82.4539,-82.4965,-82.5396,-82.5829,-82.6261,-82.6691,-82.7116,-82.7536,-82.7950,-82.8356,-82.8754,-82.9144,-82.9525,-82.9896,-83.0258,-83.0611,-83.0953,-83.1286,-83.1609,-83.1921,-83.2225,-83.2518,-83.2802,-83.3077,-83.3343,-83.3599,-83.3847,-83.4086,-83.4317,-83.4540,-83.4755,-83.4963,-83.5163,-83.5356,-83.5542,-83.5721,-83.5894,-83.6061,-83.6221,-83.6353,-83.6293,-83.5967,-83.5455,-83.4854,-83.4239,-83.3655,-83.3129,-83.2673,-83.2291,-83.1980,-83.1738,-83.1558,-83.1433,-83.1357,-83.1325,-83.1329,-83.1366,-83.1430,-83.1517,-83.1624,-83.1747,-83.1884,-83.2032,-83.2189,-83.2354,-83.2524,-83.2696,-83.2408,-83.1582,-83.0622,-82.9704,-82.8899,-82.8233,-82.7710,-82.7320,-82.7051,-82.6886,-82.6812,-82.6813,-82.6877,-82.6993,-82.7152,-82.7346,-82.7566,-82.7808,-82.8067,-82.8338,-82.8619,-82.8906,-82.9196,-82.9489,-82.9782,-83.0074,-83.0363,-83.0650,-83.0932,-83.1210,-83.1483,-83.1733,-83.1492,-83.0813,-83.0002,-82.9206,-82.8493,-82.7891,-82.7410,-82.7045,-82.6787,-82.6626,-82.6550,-82.6545,-82.6600,-82.6707,-82.6856,-82.7038,-82.7248,-82.7481,-82.7730,-82.7992,-82.8264,-82.8543,-82.8826,-82.9112,-82.9398,-82.9684,-82.9967,-83.0249,-83.0526,-83.0800,-83.1068,-83.1332,-83.1590,-83.1843,-83.2089,-83.2330,-83.2565,-83.2793,-83.3015,-83.3232,-83.3442,-83.3646,-83.3844,-83.4036,-83.4222,-83.4403,-83.4579,-83.4748,-83.4913,-83.5073,-83.5227,-83.5377,-83.5522,-83.5612,-83.5242,-83.4544,-83.3733,-83.2930,-83.2200,-83.1576,-83.1067,-83.0673,-83.0385,-83.0191,-83.0080,-83.0039,-83.0058,-83.0125,-83.0234,-83.0375,-83.0542,-83.0731,-83.0936,-83.1154,-83.1381,-83.1614,-83.1853,-83.2094,-83.2336,-83.2578,-83.2818,-83.3056,-83.3292,-83.3524,-83.3752,-83.3975,-83.4194,-83.4408,-83.4563,-83.3520,-83.2058,-83.0692,-82.9555,-82.8666,-82.7779,-82.6625,-82.4758,-82.2627,-82.0626,-81.8904,-81.7491,-81.6286,-81.5205,-81.4244,-81.3121,-81.1700,-81.0238,-80.8918,-80.7829,-80.6997,-80.6419,-80.6074,-80.5934,-80.5973,-80.6163,-80.6479,-80.6899,-80.7404,-80.7978,-80.8606,-80.9276,-80.9979,-81.0706,-81.1451,-81.2206,-81.2967,-81.3731,-81.4492,-81.5249,-81.6000,-81.6741,-81.7472,-81.8190,-81.8896,-81.9587,-82.0263,-82.0924,-82.1569,-82.2197,-82.2809,-82.3404,-82.3983,-82.4544,-82.5089,-82.5618,-82.6129,-82.6625,-82.7104,-82.7568,-82.8016,-82.8449,-82.8867,-82.9270,-82.9660,-83.0035,-83.0397,-83.0746,-83.1082,-83.1406,-83.1718,-83.2019,-83.2308,-83.2586,-83.2854,-83.3112,-83.3361,-83.3599,-83.3829,-83.4051,-83.4263,-83.4468,-83.4665,-83.4855,-83.5038,-83.5214,-83.5383,-83.5546,-83.5704,-83.5855,-83.6001,-83.6141,-83.6277,-83.6408,-83.6534,-83.6656,-83.6773,-83.6887,-83.6997,-83.7103,-83.7205,-83.7304,-83.7400,-83.7493,-83.7583,-83.7670,-83.7755,-83.7837,-83.7916,-83.7993,-83.8068,-83.8141,-83.8212,-83.8281,-83.8348,-83.8414,-83.8477,-83.8539,-83.8600,-83.8659,-83.8717,-83.8773,-83.8828,-83.8882,-83.8935,-83.8986,-83.9037,-83.9086,-83.9135,-83.9182,-83.9229,-83.9275,-83.9320,-83.9364,-83.9408,-83.9451,-83.9493,-83.9534,-83.9575,-83.9615,-83.9655,-83.9694,-83.9732,-83.9770,-83.9807,-83.9844,-83.9881,-83.9917,-83.9953,-83.9988,-84.0023,-84.0057,-84.0091,-84.0125,-84.0158,-84.0191,-84.0224,-84.0256,-84.0288,-84.0320,-84.0351,-84.0382,-84.0413,-84.0444,-84.0474,-84.0438,-84.0162,-83.9645,-83.8974,-83.7124,-83.4767,-83.2475,-83.0179,-82.7948,-82.5894,-82.4091,-82.2567,-82.1323,-82.0343,-81.9601,-81.9071,-81.8722,-81.8530,-81.8470,-81.8520,-81.8662,-81.8880,-81.9160,-81.9490,-81.9861,-82.0263,-82.0691,-82.1139,-82.1600,-82.2071,-82.2549,-82.3030,-82.3512,-82.3992,-82.4470,-82.4943,-82.5410,-82.5870,-82.6322,-82.6766,-82.7201,-82.7626,-82.8041,-82.8407,-82.8610,-82.8629,-82.8516,-82.8330,-82.8121,-82.7923,-82.7756,-82.7633,-82.7558,-82.7531,-82.7550,-82.7611,-82.7709,-82.7840,-82.7968,-82.7685,-82.7004,-82.6172,-82.5354,-82.4635,-82.4051,-82.3611,-82.3306,-82.3124,-82.3048,-82.3062,-82.3151,-82.3302,-82.3504,-82.3748,-82.4024,-82.4326,-82.4649,-82.4987,-82.5336,-82.5693,-82.6056,-82.6421,-82.6786,-82.7151,-82.7513,-82.7872,-82.8225,-82.8574,-82.8917,-82.9253,-82.9582,-82.9903,-83.0217,-83.0524,-83.0822,-83.1113,-83.1395,-83.1670,-83.1934,-83.1867,-83.1217,-83.0068,-82.8665,-82.7213,-82.5845,-82.4633,-82.3607,-82.2775,-82.2129,-82.1653,-82.1328,-82.1135,-82.1054,-82.1070,-82.1165,-82.1328,-82.1545,-82.1807,-82.2106,-82.2434,-82.2785,-82.3153,-82.3535,-82.3927,-82.4325,-82.4571,-82.3977,-82.3073,-82.2187,-82.1439,-82.0868,-82.0476,-82.0248,-82.0163,-82.0198,-82.0333,-82.0548,-82.0828,-82.1159,-82.1529,-82.1930,-82.2352,-82.2791,-82.3240,-82.3696,-82.4154,-82.4612,-82.5068,-82.5520,-82.5965,-82.6404,-82.6834,-82.7256,-82.7668,-82.8071,-82.8463,-82.8844,-82.9216,-82.9576,-82.9926,-83.0265,-83.0594,-83.0913,-83.1221,-83.1519,-83.1807,-83.2086,-83.2355,-83.2615,-83.2866,-83.3109,-83.3343,-83.3569,-83.3787,-83.3997,-83.4200,-83.4395,-83.4584,-83.4766,-83.4942,-83.5111
17,-87.0000,-88.4297,-89.3247,-90.0671,-90.7193,-91.3054,-91.8380,-92.3245,-92.7700,-93.1783,-93.5527,-93.8957,-94.2098,-94.4969,-94.7591,-94.9983,-95.2162,-95.4144,-95.5945,-95.7578,-95.8967,-95.9926,-96.0494,-96.0759,-96.0576,-96.0039,-95.9369,-95.8707,-95.8126,-95.7658,-95.7314,-95.7093,-95.6987,-95.6986,-95.7079,-95.7254,-95.7500,-95.7806,-95.8163,-95.8560,-95.8991,-95.9447,-95.9921,-96.0408,-96.0899,-96.1292,-96.1167,-96.0001,-95.8452,-95.6908,-95.5543,-95.4424,-95.3566,-95.2957,-95.2573,-95.2387,-95.2371,-95.2500,-95.2749,-95.3098,-95.3525,-95.3901,-95.4048,-95.4006,-95.3879,-95.3749,-95.3669,-95.3665,-95.3747,-95.3916,-95.4167,-95.4491,-95.4877,-95.5317,-95.5801,-95.6318,-95.6862,-95.7425,-95.8000,-95.8581,-95.9164,-95.9745,-96.0318,-96.0883,-96.1435,-96.1973,-96.2495,-96.2999,-96.3486,-96.3953,-96.4401,-96.4830,-96.5238,-96.5627,-96.5996,-96.6347,-96.6679,-96.6992,-96.7288,-96.7568,-96.7831,-96.8078,-96.8311,-96.8529,-96.8734,-96.8926,-96.9106,-96.9274,-96.9432,-96.9579,-96.9717,-96.9845,-96.9965,-97.0078,-97.0182,-97.0144,-96.9609,-96.8724,-96.7717,-96.6742,-96.5878,-96.5159,-96.4588,-96.4157,-96.3851,-96.3655,-96.3551,-96.3525,-96.3565,-96.3660,-96.3798,-96.3972,-96.4174,-96.4398,-96.4639,-96.4891,-96.5152,-96.4594,-96.2188,-95.9438,-95.6944,-95.4887,-95.3292,-95.2121,-95.1321,-95.0835,-95.0609,-95.0597,-95.0760,-95.1063,-95.1478,-95.1982,-95.2532,-95.2776,-95.2623,-95.2278,-95.1912,-95.1625,-95.1461,-95.1434,-95.1540,-95.1764,-95.2090,-95.2501,-95.2981,-95.3516,-95.4093,-95.4700,-95.5329,-95.5972,-95.6620,-95.7270,-95.7915,-95.8552,-95.9176,-95.9786,-96.0335,-96.0683,-96.0801,-96.0760,-96.0493,-95.9805,-95.8899,-95.7955,-95.7076,-95.6317,-95.5700,-95.5171,-95.4446,-95.3604,-95.2783,-95.2060,-95.1475,-95.1041,-95.0761,-95.0626,-95.0624,-95.0742,-95.0966,-95.1280,-95.1625,-95.1415,-95.0428,-94.9132,-94.7857,-94.6757,-94.5893,-94.5276,-94.4895,-94.4730,-94.4756,-94.4948,-94.5281,-94.5734,-94.6064,-94.5929,-94.5580,-94.5234,-94.5002,-94.4931,-94.5025,-94.5273,-94.5656,-94.6153,-94.6743,-94.7408,-94.8131,-94.8853,-94.9147,-94.9065,-94.8854,-94.8664,-94.8366,-94.7642,-94.6806,-94.6058,-94.5484,-94.5111,-94.4938,-94.4949,-94.5123,-94.5438,-94.5873,-94.6407,-94.7022,-94.7701,-94.8430,-94.9196,-94.9988,-95.0797,-95.1610,-95.2193,-95.2408,-95.2402,-95.2309,-95.2214,-95.2166,-95.2116,-95.1927,-95.1608,-95.1236,-95.0867,-94.9761,-94.8116,-94.6517,-94.5197,-94.4218,-94.3569,-94.3213,-94.3109,-94.3215,-94.3496,-94.3920,-94.4460,-94.5093,-94.5800,-94.6563,-94.7367,-94.8202,-94.9055,-94.9918,-95.0784,-95.1645,-95.2496,-95.3333,-95.4152,-95.4949,-95.5723,-95.6472,-95.7193,-95.7886,-95.8551,-95.9187,-95.9794,-96.0372,-96.0921,-96.1443,-96.1937,-96.2405,-96.2847,-96.3265,-96.3659,-96.4029,-96.4379,-96.4707,-96.5016,-96.5305,-96.5577,-96.5833,-96.6072,-96.6296,-96.6507,-96.6703,-96.6888,-96.7061,-96.7205,-96.6964,-96.6310,-96.5477,-96.4616,-96.3810,-96.3102,-96.2512,-96.2041,-96.1685,-96.1434,-96.1278,-96.1205,-96.1202,-96.1261,-96.1371,-96.1345,-96.0432,-95.8496,-95.6149,-95.3792,-95.1620,-94.9725,-94.8140,-94.6866,-94.5889,-94.5187,-94.4733,-94.4498,-94.4456,-94.4581,-94.4849,-94.5239,-94.5729,-94.6304,-94.6947,-94.7643,-94.8381,-94.9149,-94.9938,-95.0738,-95.1544,-95.2349,-95.3146,-95.3932,-95.4703,-95.5456,-95.6188,-95.6897,-95.7519,-95.7548,-95.7166,-95.6659,-95.6173,-95.5777,-95.5497,-95.5338,-95.5293,-95.5351,-95.5499,-95.5722,-95.6009,-95.6346,-95.6725,-95.7135,-95.7569,-95.8020,-95.8480,-95.8946,-95.9414,-95.9878,-96.0300,-96.0526,-96.0422,-95.9729,-95.8414,-95.6254,-95.3657,-95.0954,-94.8380,-94.6077,-94.4114,-94.2512,-94.1261,-94.0339,-93.9715,-93.9358,-93.9234,-93.9312,-93.9565,-93.9967,-94.0494,-94.1125,-94.1842,-94.2629,-94.3469,-94.4351,-94.5217,-94.5894,-94.6369,-94.6720,-94.7018,-94.7310,-94.7626,-94.7980,-94.8379,-94.8824,-94.9312,-94.9615,-94.9350,-94.8833,-94.8305,-94.7760,-94.7186,-94.6631,-94.6145,-94.5766,-94.5514,-94.5395,-94.5407,-94.5542,-94.5788,-94.6133,-94.6563,-94.7065,-94.7628,-94.8240,-94.8890,-94.9571,-95.0273,-95.0990,-95.1714,-95.2441,-95.3165,-95.3883,-95.4591,-95.5285,-95.5963,-95.6624,-95.7265,-95.7885,-95.8482,-95.9058,-95.9610,-96.0139,-96.0644,-96.1126,-96.1585,-96.2021,-96.2435,-96.2828,-96.3200,-96.3551,-96.3884,-96.4197,-96.4493,-96.4772,-96.5034,-96.5281,-96.5513,-96.5732,-96.5937,-96.6130,-96.6311,-96.6481,-96.6641,-96.6791,-96.6932,-96.7065,-96.7189,-96.7306,-96.7415,-96.7519,-96.7616,-96.7707,-96.7793,-96.7874,-96.7950,-96.8022,-96.8089,-96.8154,-96.8214,-96.8271,-96.8326,-96.8377,-96.8392,-96.8055,-96.7368,-96.6523,-96.5659,-96.4857,-96.4156,-96.3570,-96.3101,-96.2741,-96.2482,-96.2311,-96.2219,-96.2193,-96.2224,-96.2304,-96.2424,-96.2576,-96.2756,-96.2957,-96.3123,-96.3063,-96.2747,-96.2277,-96.1755,-96.1254,-96.0815,-96.0458,-96.0188,-96.0001,-95.8844,-95.7129,-95.5557,-95.4292,-95.3349,-95.2700,-95.2302,-95.2114,-95.2100,-95.2227,-95.2469,-95.2802,-95.3208,-95.3671,-95.4177,-95.4716,-95.5276,-95.5851,-95.6434,-95.7018,-95.7600,-95.8175,-95.8568,-95.8342,-95.7802,-95.7183,-95.6611,-95.6150,-95.5644,-95.4761,-95.3766,-95.2841,-95.2065,-95.1466,-95.1046,-95.0798,-95.0705,-95.0750,-95.0810,-95.0595,-95.0232,-94.9855,-94.9540,-94.9324,-94.9222,-94.9235,-94.9360,-94.9586,-94.9902,-95.0296,-95.0756,-95.1270,-95.1784,-95.2152,-95.2337,-95.2396,-95.2399,-95.2401,-95.2434,-95.2515,-95.2519,-95.2252,-95.1788,-95.1273,-95.0808,-95.0170,-94.8942,-94.7638,-94.6497,-94.5595,-94.4947,-94.4542,-94.4356,-94.4364,-94.4540,-94.4857,-94.5295,-94.5830,-94.6405,-94.6871,-94.7192,-94.7419,-94.7610,-94.7809,-94.8044,-94.8330,-94.8673,-94.9071,-94.9049,-94.7990,-94.6875,-94.6000,-94.5421,-94.5123,-94.5068,-94.5216,-94.5530,-94.5976,-94.6528,-94.7162,-94.7858,-94.8601,-94.9376,-95.0173,-95.0981,-95.1794,-95.2603,-95.3349,-95.3714,-95.3740,-95.3601,-95.3420,-95.3272,-95.3197,-95.3209,-95.3312,-95.3498,-95.3760,-95.4087,-95.4468,-95.4892,-95.5352,-95.5838,-95.6342,-95.6859,-95.7384,-95.7910,-95.8434,-95.8953,-95.9463,-95.9963,-96.0451,-96.0924,-96.1382,-96.1824,-96.2248,-96.2656,-96.3046,-96.3419,-96.3775,-96.4113,-96.4435,-96.4740,-96.5029,-96.5303,-96.5562,-96.5807,-96.6038,-96.6236,-96.6032,-96.5443,-96.4715,-96.3978,-96.3298,-96.2706,-96.2215,-96.1826,-96.1535,-96.1334,-96.1168,-96.0778,-96.0124,-95.9341,-95.8555,-95.7796,-95.6733,-95.5508,-95.4323,-95.3278,-95.2411,-95.1735,-95.1245,-95.0929,-95.0771,-95.0753,-95.0857,-95.0945,-95.0533,-94.9869,-94.9182,-94.8595,-94.8165,-94.7911,-94.7829,-94.7906,-94.8121,-94.8455,-94.8888,-94.9402,-94.9980,-95.0607,-95.1271,-95.1961,-95.2668,-95.3383,-95.4100,-95.4813,-95.5517,-95.6209,-95.6885,-95.7542,-95.8179,-95.8795,-95.9387,-95.9956,-96.0500,-96.1021,-96.1517,-96.1841,-96.1492,-96.0382,-95.8857,-95.7242,-95.5733,-95.4425,-95.3357,-95.2530,-95.1932,-95.1540,-95.1331,-95.1280,-95.1363,-95.1556,-95.0962,-94.9504,-94.7716,-94.5980,-94.4490,-94.3313,-94.2456,-94.1896,-94.1602,-94.1539,-94.1673,-94.1974,-94.2413,-94.2967,-94.3614,-94.4335,-94.5113,-94.5934,-94.6785,-94.7657,-94.8540,-94.9425,-95.0307,-95.1179,-95.2037,-95.2876,-95.3695,-95.4490,-95.5258,-95.6000,-95.6713,-95.7398,-95.8052,-95.8678,-95.9274,-95.9841,-96.0380,-96.0891,-96.1374,-96.1832,-96.2265,-96.2673,-96.3058,-96.3421,-96.3762,-96.4083,-96.4385,-96.4359,-96.3536,-96.2494,-96.1494,-96.0627,-95.9920,-95.9374,-95.8976,-95.8347,-95.7132,-95.5838,-95.4684,-95.3742,-95.3025,-95.2522,-95.2212,-95.2071,-95.2074,-95.2199,-95.2425,-95.2735,-95.3063,-95.3069,-95.2742,-95.2268,-95.1796,-95.1406,-95.1138,-95.1003,-95.0996,-95.1107,-95.1320,-95.1621,-95.1996,-95.2429,-95.2910,-95.3427,-95.3967,-95.4171,-95.3614,-95.2615,-95.1299,-94.9775,-94.8222,-94.6779,-94.5528,-94.4506,-94.3723,-94.3171,-94.2834,-94.2691,-94.2525,-94.2024,-94.1412,-94.0856,-94.0439,-94.0196,-94.0133,-94.0240,-94.0502,-94.0900,-94.1414,-94.2026,-94.2718,-94.3475,-94.4284,-94.5130,-94.6004,-94.6896,-94.7798,-94.8701,-94.9600,-95.0490,-95.1366,-95.2223,-95.3060,-95.3872,-95.4659,-95.5418,-95.6149,-95.6851,-95.7523,-95.8165,-95.8777,-95.9360,-95.9914,-96.0440,-96.0938,-96.1409,-96.1854,-96.2275,-96.2672,-96.3045,-96.3397,-96.3728,-96.4039,-96.4332,-96.4606,-96.4864,-96.5106,-96.5333,-96.5546,-96.5746,-96.5934,-96.6109,-96.6274,-96.6428,-96.6573,-96.6709,-96.6837,-96.6956,-96.7069,-96.7174,-96.7274,-96.7367,-96.7455,-96.7537,-96.7615,-96.7689,-96.7758,-96.7824,-96.7886,-96.7945,-96.8000,-96.8053,-96.8095,-96.7972,-96.7560,-96.6941,-96.6227,-96.5504,-96.4827,-96.4224,-96.3710,-96.3287,-96.2868,-96.2070,-96.0971,-95.9796,-95.8700,-95.7764,-95.7016,-95.6458,-95.6076,-95.5849,-95.5757,-95.5779,-95.5897,-95.6094,-95.6355,-95.6669,-95.7024,-95.7412,-95.7823,-95.8252,-95.8692,-95.9138,-95.9586,-96.0032,-96.0473,-96.0907,-96.1332,-96.1746,-96.2147,-96.2536,-96.2910,-96.3270,-96.3615,-96.3946,-96.4261,-96.4562,-96.4848,-96.5083,-96.5091,-96.4833,-96.4400,-96.3889,-96.3014,-96.1238,-95.9265,-95.7473,-95.5988,-95.4825,-95.3958,-95.3350,-95.2963,-95.2762,-95.2716,-95.2799,-95.2989,-95.3266,-95.3613,-95.4016,-95.4463,-95.4945,-95.5450,-95.5973,-95.6506,-95.7045,-95.7583,-95.8117,-95.8645,-95.9162,-95.9668,-96.0159,-96.0636,-96.1096,-96.1539,-96.1964,-96.2372,-96.2762,-96.3134,-96.3488,-96.3825,-96.4145,-96.4449,-96.4736,-96.5008,-96.5265,-96.5508,-96.5737,-96.5835,-96.5563,-96.5006,-96.4322,-96.3630,-96.2995,-96.2451,-96.2008,-96.1666,-96.1420,-96.1261,-96.1178,-96.1163,-96.1205,-96.1296,-96.1429,-96.1596,-96.1792,-96.2009,-96.2245,-96.2493,-96.2751,-96.3015,-96.3175,-96.3041,-96.2652,-96.2128,-96.1572,-96.1050,-96.0601,-96.0241,-95.9975,-95.9799,-95.9706,-95.9688,-95.9736,-95.9840,-95.9992,-96.0184,-96.0409,-96.0661,-96.0935,-96.1224,-96.1525,-96.1835,-96.2149,-96.2464,-96.2780,-96.3092,-96.3400,-96.3697,-96.3561,-96.2926,-96.2140,-96.1374,-96.0702,-96.0150,-95.9695,-95.8809,-95.7597,-95.6378,-95.5299,-95.4417,-95.3747,-95.3278,-95.2992,-95.2868,-95.2884,-95.3017,-95.3250,-95.3565,-95.3946,-95.4380,-95.4855,-95.5361,-95.5889,-95.6432,-95.6983,-95.7537,-95.8089,-95.8636,-95.9173,-95.9700,-96.0212,-96.0710,-96.1190,-96.1059,-96.0268,-95.9366,-95.8242,-95.6824,-95.5346,-95.3989,-95.2847,-95.1956,-95.1313,-95.0836,-95.0090,-94.9141,-94.8201,-94.7158,-94.5304,-94.3429,-94.1866,-94.0691,-93.9896,-93.9442,-93.9284,-93.9377,-93.9675,-94.0072,-94.0441,-94.0761,-94.1062,-94.1381,-94.1744,-94.2170,-94.2664,-94.3226,-94.3796,-94.3997,-94.3852,-94.3575,-94.3325,-94.3187,-94.3197,-94.3359,-94.3664,-94.4095,-94.4632,-94.5256,-94.5950,-94.6698,-94.7487,-94.8306,-94.9142,-94.9989,-95.0839,-95.1684,-95.2520,-95.3343,-95.4148,-95.4933,-95.5695,-95.6432,-95.7143,-95.7827,-95.8482,-95.9110,-95.9709,-96.0280,-96.0823,-96.1338,-96.1827,-96.2290,-96.2727,-96.3141,-96.3530,-96.3898,-96.4244,-96.4569,-96.4875,-96.5163,-96.5433,-96.5686,-96.5924,-96.6146,-96.6355,-96.6551,-96.6735,-96.6906,-96.7067,-96.7218,-96.7359,-96.7492,-96.7616,-96.7732,-96.7841,-96.7943,-96.8039,-96.8129,-96.8213,-96.8293,-96.8367,-96.8438,-96.8504,-96.8566,-96.8625,-96.8679,-96.8642,-96.8345,-96.7827,-96.7186,-96.6507,-96.5848,-96.5244,-96.4715,-96.4269,-96.3907,-96.3625,-96.3365,-96.2801,-96.1968,-96.1047,-96.0163,-95.9387,-95.8748,-95.7901,-95.5252,-95.1841,-94.8681,-94.6081,-94.3843,-94.1822,-94.0106,-93.8737,-93.7715,-93.7019,-93.6478,-93.5780,-93.5019,-93.4359,-93.3895,-93.3607,-93.3322,-93.3014,-93.2757,-93.2616,-93.2485,-93.1923,-93.1240,-93.0665,-93.0296,-93.0163,-93.0263,-93.0578,-93.1083,-93.1752,-93.2560,-93.3482,-93.4498,-93.5586,-93.6731,-93.7916,-93.9129,-94.0357,-94.1561,-94.2297,-94.2566,-94.2649,-94.2725,-94.2882,-94.3155,-94.3544,-94.4042,-94.4631,-94.5295,-94.6018,-94.6786,-94.7586,-94.8408,-94.9241,-95.0078,-95.0913,-95.1739,-95.2553,-95.3349,-95.4126,-95.4881,-95.5612,-95.6317,-95.6968,-95.7063,-95.6692,-95.6148,-95.5599,-95.5130,-95.4781,-95.4562,-95.4469,-95.4491,-95.4613,-95.4820,-95.5096,-95.5429,-95.5806,-95.6218,-95.6655,-95.7110,-95.7576,-95.7911,-95.7730,-95.7278,-95.6765,-95.6288,-95.5895,-95.5604,-95.5418,-95.5334,-95.5344,-95.5439,-95.5606,-95.5836,-95.6118,-95.6444,-95.6804,-95.7190,-95.7596,-95.7942,-95.8025,-95.7850,-95.7533,-95.7180,-95.6857,-95.6599,-95.6423,-95.6331,-95.6312,-95.5874,-95.4977,-95.3985,-95.2756,-95.1325,-94.9901,-94.8633,-94.7590,-94.6791,-94.6230,-94.5887,-94.5740,-94.5762,-94.5931,-94.6225,-94.6623,-94.7108,-94.7664,-94.8276,-94.8932,-94.9621,-95.0333,-95.1061,-95.1796,-95.2532,-95.3264,-95.3989,-95.4700,-95.5397,-95.6076,-95.6734,-95.7371,-95.7986,-95.8577,-95.9144,-95.9686,-96.0204,-96.0698,-96.1163,-96.1317,-96.0967,-96.0332,-95.9617,-95.8946,-95.8384,-95.7952,-95.7647,-95.7239,-95.6577,-95.5817,-95.5079,-95.4428,-95.3892,-95.3368,-95.2717,-95.1981,-95.1255,-95.0611,-95.0089,-94.9709,-94.9472,-94.9371,-94.9391,-94.9514,-94.9731,-95.0028,-95.0392,-95.0813,-95.1278,-95.1780,-95.2309,-95.2858,-95.3421,-95.3991,-95.4563,-95.5133,-95.5697,-95.6253,-95.6797,-95.7327,-95.7841,-95.8339,-95.8818,-95.9278,-95.9719,-96.0140,-96.0541,-96.0923,-96.1284,-96.1626,-96.1949,-96.2254,-96.2540,-96.2809,-96.3061,-96.3297,-96.3518,-96.3724,-96.3887,-96.3449,-96.2543,-96.1553,-96.0640,-95.9858,-95.9218,-95.8713,-95.8331,-95.8059,-95.7882,-95.7788,-95.7765,-95.7803,-95.7890,-95.8020,-95.8184,-95.8376,-95.8591,-95.8821,-95.9065,-95.9317,-95.9574,-95.9834,-96.0093,-96.0351,-96.0604,-96.0616,-96.0038,-95.9030,-95.7798,-95.6506,-95.5265,-95.4140,-95.3164,-95.2351,-95.1699,-95.1201,-95.0847,-95.0560,-95.0006,-94.9232,-94.8408,-94.7653,-94.7026,-94.6531,-94.5996,-94.5381,-94.4754,-94.4180,-94.3700,-94.3338,-94.3104,-94.2998,-94.2991,-94.2596,-94.1869,-94.1115,-94.0472,-93.9953,-93.8937,-93.7245,-93.5363,-93.3584,-93.2047,-93.0810,-92.9618,-92.8199,-92.6517,-92.4685,-92.2939,-92.1439,-92.0261,-91.9426,-91.8923,-91.8725,-91.8750,-91.8399,-91.7850,-91.7417,-91.7215,-91.7266,-91.7556,-91.8061,-91.8751,-91.9598,-92.0578,-92.1665,-92.2839,-92.4081,-92.5375,-92.6704,-92.8057,-92.9422,-93.0788,-93.1721,-93.1913,-93.1934,-93.2017,-93.2231,-93.2418,-93.2115,-93.1665,-93.1298,-93.1093,-93.1066,-93.1208,-93.1499,-93.1921,-93.2455,-93.3081,-93.3784,-93.4549,-93.5362,-93.6212,-93.7089,-93.7984,-93.8888,-93.9795,-94.0699,-94.1594,-94.1779,-94.1003,-94.0120,-93.9442,-93.9026,-93.8850,-93.8876,-93.9065,-93.9384,-93.9805,-94.0306,-94.0866,-94.1471,-94.2108,-94.2767,-94.3439,-94.3927,-94.3900,-94.3574,-94.3145,-94.2734,-94.2409,-94.2198,-94.2110,-94.2138,-94.2273,-94.2500,-94.2806,-94.3176,-94.3599,-94.4063,-94.4559,-94.5077,-94.5611,-94.6155,-94.6703,-94.7251,-94.7794,-94.8330,-94.8570,-94.7956,-94.7051,-94.6166,-94.5424,-94.4862,-94.4482,-94.4267,-94.4197,-94.4248,-94.4401,-94.4636,-94.4937,-94.5290,-94.5685,-94.6109,-94.6556,-94.7019,-94.7490,-94.7966,-94.8443,-94.8916,-94.9383,-94.9841,-95.0289,-95.0725,-95.1148,-95.1558,-95.1952,-95.2332,-95.2696,-95.3045,-95.3378,-95.3696,-95.3990,-95.3870,-95.3229,-95.2338,-95.0713,-94.8700,-94.6732,-94.4982,-94.3514,-94.2338,-94.1439,-94.0790,-94.0361,-94.0123,-93.9539,-93.7608,-93.5215,-93.2930,-93.0988,-92.9457,-92.8328,-92.7564,-92.7120,-92.6947,-92.6621,-92.5978,-92.5286,-92.4700,-92.4299,-92.4107,-92.4126,-92.4339,-92.4726,-92.5263,-92.5926,-92.6692,-92.7543,-92.8459,-92.9425,-93.0428,-93.1455,-93.2496,-93.3542,-93.4586,-93.5621,-93.6642,-93.7645,-93.8625,-93.9580,-94.0507,-94.1404,-94.2270,-94.3104,-94.3905,-94.4673,-94.5408,-94.6110,-94.6780,-94.7417,-94.8023,-94.8598,-94.9143,-94.9660,-95.0149,-95.0611,-95.1047,-95.1459,-95.1847,-95.2213,-95.2557,-95.2881,-95.3186,-95.3472,-95.3741,-95.3993,-95.4230,-95.4452,-95.4450,-95.3961,-95.3180,-95.2306,-95.1462,-95.0709,-95.0071,-94.9553,-94.9152,-94.8857,-94.8657,-94.8542,-94.8500,-94.8482,-94.8101,-94.7347,-94.6438,-94.5536,-94.4623,-94.3279,-94.1752,-94.0273,-93.8965,-93.7880,-93.7031,-93.6411,-93.6001,-93.5780,-93.5723,-93.5808,-93.6014,-93.6321,-93.6713,-93.7174,-93.7691,-93.8253,-93.8850,-93.9472,-94.0112,-94.0762,-94.1419,-94.2075,-94.2728,-94.3373,-94.4008,-94.4630,-94.5236,-94.5826,-94.6398,-94.6951,-94.7484,-94.7997,-94.8489,-94.8961,-94.9412,-94.9843,-95.0254,-95.0646,-95.0997,-95.0880,-95.0262,-94.9436,-94.8597,-94.7847,-94.7226,-94.6744,-94.6395,-94.6166,-94.6042,-94.6008,-94.6051,-94.6158,-94.6313,-94.6299,-94.5888,-94.5210,-94.4452,-94.3741,-94.3124,-94.2498,-94.1786,-94.1030,-94.0297,-93.9639,-93.9040,-93.8264,-93.7275,-93.6206,-93.5182,-93.4289,-93.3567,-93.3031,-93.2679,-93.2499,-93.2474,-93.2587,-93.2820,-93.3156,-93.3579,-93.4076,-93.4632,-93.5238,-93.5882,-93.6556,-93.7252,-93.7962,-93.8681,-93.9403,-94.0124,-94.0838,-94.1544,-94.2237,-94.2916,-94.3578,-94.4222,-94.4847,-94.5450,-94.6032,-94.6593,-94.7131,-94.7644,-94.8024,-94.8122,-94.7977,-94.7692,-94.7356,-94.7027,-94.6738,-94.6507,-94.6339,-94.6237,-94.6196,-94.6212,-94.6280,-94.6393,-94.6547,-94.6735,-94.6952,-94.7193,-94.7454,-94.7732,-94.8022,-94.8321,-94.8626,-94.8935,-94.9246,-94.9557,-94.9865,-95.0170,-95.0470,-95.0765,-95.1052,-95.1332,-95.1604,-95.1868,-95.2122,-95.2368,-95.2605,-95.2832,-95.3050,-95.3259,-95.3459,-95.3650,-95.3833,-95.4007,-95.4172,-95.4330,-95.4481,-95.4624,-95.4759,-95.4889,-95.5011,-95.5128,-95.5238,-95.5343,-95.5443,-95.5538,-95.5535,-95.4774,-95.3626,-95.2443,-95.1363,-95.0435,-94.9668,-94.9058,-94.8590,-94.8250,-94.8022,-94.7889,-94.7840,-94.7861,-94.7941,-94.8070,-94.8241,-94.8445,-94.8675,-94.8927,-94.9052,-94.8584,-94.7546,-94.6206,-94.4790,-94.3442,-94.2239,-94.1216,-94.0382,-93.9734,-93.9258,-93.8939,-93.8762,-93.8709,-93.8765,-93.8916,-93.9148,-93.9450,-93.9810,-94.0219,-94.0667,-94.1147,-94.1653,-94.2177,-94.2714,-94.3259,-94.3809,-94.4358,-94.4905,-94.5445,-94.5978,-94.6499,-94.7009,-94.7505,-94.7987,-94.8454,-94.8904,-94.9338,-94.9755,-95.0156,-95.0539,-95.0906,-95.1257,-95.1591,-95.1910,-95.2213,-95.2501,-95.2775,-95.3035,-95.3281,-95.3514,-95.3736,-95.3945,-95.4143,-95.4330,-95.4508,-95.4675,-95.4499,-95.3326,-95.1951,-95.0683,-94.9609,-94.8743,-94.8073,-94.7066,-94.5334,-94.3529,-94.1952,-94.0691,-93.9744,-93.9078,-93.8654,-93.8431,-93.8377,-93.8462,-93.8660,-93.8952,-93.9318,-93.9745,-94.0219,-94.0730,-94.1268,-94.1826,-94.2396,-94.2973,-94.3552,-94.4129,-94.4548,-94.4466,-94.4028,-94.3452,-94.2888,-94.2413,-94.2063,-94.1843,-94.1747,-94.1762,-94.1873,-94.2065,-94.2325,-94.2640,-94.3000,-94.3396,-94.3816,-94.4057,-94.3876,-94.3417,-94.2864,-94.2334,-94.1891,-94.1557,-94.1180,-94.0613,-93.9921,-93.8791,-93.6362,-93.3557,-93.0885,-92.8551,-92.6617,-92.5084,-92.3925,-92.3103,-92.2543,-92.1997,-92.1291,-92.0118,-91.8194,-91.5643,-91.2780,-90.9499,-90.6051,-90.2784,-89.9890,-89.7457,-89.5508,-89.4033,-89.3001,-89.2376,-89.2081,-89.1801,-89.0435,-88.7751,-88.4978,-88.2585,-88.0730,-87.9438,-87.8679,-87.8400,-87.8542,-87.8983,-87.9319,-87.9432,-87.9465,-87.9558,-87.9802,-88.0240,-88.0886,-88.1739,-88.2785,-88.4008,-88.5388,-88.6905,-88.8539,-89.0273,-89.2088,-89.3914,-89.5332,-89.6419,-89.7384,-89.8279,-89.8973,-89.9441,-89.9421,-89.9083,-89.8705,-89.8435,-89.8340,-89.8237,-89.7966,-89.7524,-89.6782,-89.5956,-89.5210,-89.4542,-89.3937,-89.3387,-89.2825,-89.2205,-89.1368,-89.0374,-88.9028,-88.7297,-88.5530,-88.3966,-88.2726,-88.1855,-88.1355,-88.1202,-88.1100,-88.0402,-87.9182,-87.7754,-87.6367,-87.5175,-87.4259,-87.3655,-87.3368,-87.3388,-87.3696,-87.4267,-87.5076,-87.6097,-87.7304,-87.8676,-88.0119,-88.1324,-88.2243,-88.2748,-88.2964,-88.3096,-88.3284,-88.3609,-88.3804,-88.2258,-87.9789,-87.7680,-87.6187,-87.5315,-87.4989,-87.4467,-87.3475,-87.2178,-87.0643,-86.8461,-86.6083,-86.3986,-86.2377,-86.1298,-86.0725,-86.0609,-86.0893,-86.1440,-86.2053,-86.2712,-86.3457,-86.4329,-86.5350,-86.6530,-86.7870,-86.9327,-87.0655,-87.1788,-87.2813,-87.3822,-87.4820,-87.5486,-87.5628,-87.5492,-87.4753,-87.3231,-87.1507,-86.9629,-86.7779,-86.6153,-86.4836,-86.3425,-86.1968,-86.0737,-85.9744,-85.8635,-85.7402,-85.5981,-85.4562,-85.3037,-85.1457,-85.0088,-84.9061,-84.8420,-84.8169,-84.8287,-84.8602,-84.8485,-84.7602,-84.5684,-84.2983,-83.9410,-83.5680,-83.2281,-82.9405,-82.7116,-82.5410,-82.4255,-82.3502,-82.2522,-82.1602,-82.0990,-82.0760,-82.0918,-82.1441,-82.2226,-82.2962,-82.3363,-82.3368,-82.3319,-82.3396,-82.3436,-82.3353,-82.3314,-82.3464,-82.3884,-82.4605,-82.5609,-82.6713,-82.7787,-82.8867,-83.0027,-83.1319,-83.2775,-83.4404,-83.6205,-83.8167,-84.0196,-84.1605,-84.2427,-84.2866,-84.3220,-84.3688,-84.4375,-84.5320,-84.6528,-84.7979,-84.9650,-85.1408,-85.2833,-85.3865,-85.4679,-85.5432,-85.6234,-85.7141,-85.7863,-85.8322,-85.8741,-85.9258,-85.9944,-86.0824,-86.1902,-86.3167,-86.4565,-86.5801,-86.6863,-86.7879,-86.8938,-87.0087,-87.1347,-87.2723,-87.4212,-87.5805,-87.7453,-87.7939,-87.7005,-87.5168,-87.2831,-87.0376,-86.8067,-86.6058,-86.4425,-86.3195,-86.2220,-86.0244,-85.7380,-85.4083,-85.0508,-84.6839,-84.3398,-84.0377,-83.7866,-83.5888,-83.4436,-83.3472,-83.2807,-83.2132,-83.0843,-82.9139,-82.7380,-82.5798,-82.4354,-82.2663,-82.1048,-81.9808,-81.9050,-81.8771,-81.8921,-81.9441,-82.0275,-82.1373,-82.2564,-82.2739,-82.1956,-82.0888,-81.9933,-81.9260,-81.8930,-81.8632,-81.8030,-81.7532,-81.7306,-81.7395,-81.7797,-81.8490,-81.9306,-81.9964,-82.0490,-82.0921,-82.1280,-82.1637,-82.2064,-82.2510,-82.2657,-82.2436,-82.1978,-82.1508,-82.1174,-82.1055,-82.1188,-82.1584,-82.2240,-82.3142,-82.4275,-82.5620,-82.7157,-82.8868,-83.0735,-83.2741,-83.4811,-83.6748,-83.8508,-83.9026,-83.8693,-83.8147,-83.7716,-83.7551,-83.7707,-83.8183,-83.8960,-84.0008,-84.1270,-84.2167,-84.2426,-84.2368,-84.2293,-84.2383,-84.2720,-84.3331,-84.4211,-84.5338,-84.6686,-84.8230,-84.9935,-85.1634,-85.3144,-85.4272,-85.5022,-85.5574,-85.6096,-85.6703,-85.7459,-85.8380,-85.9165,-85.9544,-85.9670,-85.9714,-85.9790,-85.9699,-85.8566,-85.6968,-85.5353,-85.3562,-85.1701,-85.0011,-84.8351,-84.6725,-84.5308,-84.4200,-84.3443,-84.3045,-84.2995,-84.3272,-84.3850,-84.4701,-84.5795,-84.7107,-84.8611,-85.0283,-85.2102,-85.3942,-85.5332,-85.6475,-85.7587,-85.8772,-85.9882,-86.0738,-86.1290,-86.1567,-86.1501,-86.1042,-86.0407,-85.9812,-85.9388,-85.9205,-85.9287,-85.9635,-86.0237,-86.1072,-86.2119,-86.3353,-86.4739,-86.5684,-86.6237,-86.6674,-86.7067,-86.7468,-86.7931,-86.8493,-86.9176,-86.9992,-87.0942,-87.2022,-87.3226,-87.4542,-87.5961,-87.7471,-87.9060,-88.0717,-88.2431,-88.4192,-88.4929,-88.4451,-88.3730,-88.3141,-88.2806,-88.2673,-88.2456,-88.2175,-88.1929,-88.1546,-88.0584,-87.9231,-87.7857,-87.6650,-87.5696,-87.4877,-87.3592,-87.2282,-87.1136,-86.9996,-86.8898,-86.7947,-86.7222,-86.6764,-86.6590,-86.6694,-86.7063,-86.7674,-86.8504,-86.9530,-87.0727,-87.2074,-87.3552,-87.5140,-87.6824,-87.8586,-88.0414,-88.2295,-88.4217,-88.6169,-88.8143,-89.0129,-89.2072,-89.3655,-89.4829,-89.5783,-89.6678,-89.7603,-89.8597,-89.9671,-90.0820,-90.2036,-90.3307,-90.4620,-90.5966,-90.7334,-90.8717,-91.0105,-91.1493,-91.2801,-91.3830,-91.4490,-91.4442,-91.3688,-91.2307,-91.0705,-90.9147,-90.7776,-90.6656,-90.5810,-90.5236,-90.4916,-90.4830,-90.4952,-90.5259,-90.5727,-90.6334,-90.7062,-90.7819,-90.8354,-90.8655,-90.8840,-90.9020,-90.9264,-90.9609,-91.0066,-91.0634,-91.1306,-91.2070,-91.2911,-91.3819,-91.4780,-91.5784,-91.6808,-91.7699,-91.8367,-91.8867,-91.9269,-91.9624,-91.9783,-91.9552,-91.9074,-91.8531,-91.8042,-91.7666,-91.7427,-91.7240,-91.6806,-91.5828,-91.4165,-91.1832,-90.8322,-90.4712,-90.1413,-89.8056,-89.4848,-89.1893,-88.8725,-88.5438,-88.1974,-87.8619,-87.5431,-87.1819,-86.8170,-86.4809,-86.1420,-85.7945,-85.4778,-85.2134,-85.0075,-84.8587,-84.7597,-84.6129,-84.3501,-84.0946,-83.8926,-83.7537,-83.6749,-83.6495,-83.6704,-83.6592,-83.6166,-83.5854,-83.5466,-83.5141,-83.5033,-83.5220,-83.5728,-83.6550,-83.7622,-83.8713,-83.9759,-84.0824,-84.1978,-84.2992,-84.3490,-84.3921,-84.4505,-84.5319,-84.6175,-84.6931,-84.7676,-84.8306,-84.8796,-84.9247,-84.9767,-85.0429,-85.1273,-85.2318,-85.3562,-85.4996,-85.6605,-85.8371,-86.0274,-86.2285,-86.4224,-86.5967,-86.7563,-86.9095,-87.0615,-87.1923,-87.2839,-87.3267,-87.3328,-87.3272,-87.3159,-87.2547,-87.1751,-87.0712,-86.9244,-86.7647,-86.6160,-86.4927,-86.3619,-86.1895,-85.9883,-85.7708,-85.5593,-85.3718,-85.2192,-85.1062,-85.0339,-85.0009,-85.0045,-85.0416,-85.1088,-85.2030,-85.3209,-85.4597,-85.6169,-85.7902,-85.9742,-86.1437,-86.2800,-86.3871,-86.4767,-86.5601,-86.6456,-86.7385,-86.8422,-86.9581,-87.0425,-87.0267,-86.9460,-86.8418,-86.7403,-86.6562,-86.5971,-86.5661,-86.5638,-86.5893,-86.6409,-86.6898,-86.7136,-86.7334,-86.7635,-86.8088,-86.8403,-86.8329,-86.7956,-86.7021,-86.5435,-86.3587,-86.1799,-86.0266,-85.9086,-85.8294,-85.7891,-85.7856,-85.8162,-85.8775,-85.9662,-86.0791,-86.2131,-86.3655,-86.5338,-86.7157,-86.9081,-87.0846,-87.2252,-87.3437,-87.4571,-87.5759,-87.7055,-87.8474,-87.9813,-87.9853,-87.9751,-87.9933,-88.0464,-88.1175,-88.1491,-88.1618,-88.1849,-88.2313,-88.3037,-88.4005,-88.5184,-88.6542,-88.8046,-88.9666,-89.1379,-89.3163,-89.4998,-89.6870,-89.8764,-90.0668,-90.2573,-90.4468,-90.6347,-90.8202,-91.0028,-91.1819,-91.3572,-91.5282,-91.6948,-91.8565,-92.0133,-92.1651,-92.3116,-92.4524,-92.5523,-92.5443,-92.4488,-92.3111,-92.1623,-92.0207,-91.8964,-91.7940,-91.7153,-91.6598,-91.6263,-91.6130,-91.6171,-91.6001,-91.5508,-91.4931,-91.4423,-91.3987,-91.3391,-91.2669,-91.1974,-91.1410,-91.1027,-91.0840,-91.0844,-91.1028,-91.1373,-91.1861,-91.2474,-91.3196,-91.4009,-91.4855,-91.5618,-91.6256,-91.6800,-91.7296,-91.7785,-91.8294,-91.8841,-91.9433,-92.0074,-92.0669,-92.0984,-92.1041,-92.0972,-92.0890,-92.0865,-92.0795,-92.0508,-92.0078,-91.9637,-91.9252,-91.8736,-91.7982,-91.6515,-91.4259,-91.1762,-90.9411,-90.7379,-90.5602,-90.3923,-90.2369,-90.1012,-89.9906,-89.9076,-89.8528,-89.8252,-89.8231,-89.8445,-89.8869,-89.9481,-90.0258,-90.1179,-90.2223,-90.3374,-90.4614,-90.5927,-90.7300,-90.8721,-90.8879,-90.8468,-90.8171,-90.7649,-90.6434,-90.4677,-90.2675,-90.0661,-89.8768,-89.6444,-89.3424,-88.9625,-88.4887,-88.0041,-87.5567,-87.1651,-86.8355,-86.5683,-86.3608,-86.2089,-86.1076,-86.0512,-86.0343,-86.0517,-86.0987,-86.1713,-86.2659,-86.3793,-86.4918,-86.5848,-86.6691,-86.7548,-86.8356,-86.8939,-86.9086,-86.8756,-86.8187,-86.6732,-86.5085,-86.3705,-86.2556,-86.1189,-85.9632,-85.8121,-85.6837,-85.5768,-85.4320,-85.2581,-85.0895,-84.9474,-84.8418,-84.7760,-84.7500,-84.7518,-84.7123,-84.6317,-84.5472,-84.4802,-84.4248,-84.3740,-84.3349,-84.3156,-84.3212,-84.3538,-84.4138,-84.5004,-84.6119,-84.7463,-84.9014,-85.0753,-85.2656,-85.4664,-85.6584,-85.8185,-85.9468,-86.0549,-86.1542,-86.2333,-86.2583,-86.1937,-86.0745,-85.9397,-85.8129,-85.7070,-85.6286,-85.5804,-85.5628,-85.5747,-85.6145,-85.6799,-85.7688,-85.8757,-85.9693,-85.9963,-85.9798,-85.9435,-85.8510,-85.7033,-85.5242,-85.3501,-85.2058,-85.1027,-85.0438,-85.0273,-85.0498,-85.1070,-85.1948,-85.3094,-85.4472,-85.6051,-85.7753,-85.9266,-86.0631,-86.1977,-86.3334,-86.4565,-86.5656,-86.6688,-86.7743,-86.8860,-86.9890,-87.0744,-87.1496,-87.2241,-87.3022,-87.3424,-87.3564,-87.3538,-87.3140,-87.2294,-87.1248,-87.0281,-86.9550,-86.9125,-86.9027,-86.9247,-86.9765,-87.0552,-87.1565,-87.2683,-87.3802,-87.4902,-87.6004,-87.7135,-87.8316,-87.9561,-88.0877,-88.2266,-88.3727,-88.5189,-88.6353,-88.7258,-88.8036,-88.8789,-88.9583,-89.0456,-89.1392,-89.1890,-89.2081,-89.2254,-89.2535,-89.2975,-89.3588,-89.4369,-89.5298,-89.5911,-89.5764,-89.4779,-89.3326,-89.1798,-89.0440,-88.9372,-88.8637,-88.8238,-88.8139,-88.7911,-88.7219,-88.6363,-88.5572,-88.4953,-88.4423,-88.3847,-88.3265,-88.2759,-88.2397,-88.2216,-88.2236,-88.2461,-88.2885,-88.3497,-88.4282,-88.5226,-88.6312,-88.7524,-88.8847,-89.0268,-89.1772,-89.3348,-89.4983,-89.6667,-89.8391,-90.0145,-90.1919,-90.3692,-90.5277,-90.6551,-90.7591,-90.8278,-90.7945,-90.7379,-90.6936,-90.6720,-90.6751,-90.7016,-90.7428,-90.7560,-90.7465,-90.7348,-90.7329,-90.7467,-90.7785,-90.8279,-90.8879,-90.9237,-90.9312,-90.9285,-90.9306,-90.9454,-90.9761,-91.0230,-91.0849,-91.1603,-91.2472,-91.3438,-91.4161,-91.4027,-91.3661,-91.3403,-91.3370,-91.3578,-91.4004,-91.4617,-91.5382,-91.6270,-91.7254,-91.8312,-91.9427,-92.0582,-92.1766,-92.2966,-92.4174,-92.5381,-92.6582,-92.7769,-92.8940,-93.0088,-93.1212,-93.2308,-93.3375,-93.4410,-93.5413,-93.6382,-93.7316,-93.8216,-93.9082,-93.9913,-94.0710,-94.1473,-94.2204,-94.2902,-94.3504,-94.3799,-94.3610,-94.2611,-94.0800,-93.8573,-93.6264,-93.4079,-93.2132,-93.0471,-92.9112,-92.8045,-92.7253,-92.6710,-92.6390,-92.6267,-92.6317,-92.6517,-92.6845,-92.7283,-92.7813,-92.8422,-92.9095,-92.9820,-93.0586,-93.1385,-93.2207,-93.3045,-93.3892,-93.4743,-93.5593,-93.6437,-93.7271,-93.8093,-93.8899,-93.9687,-94.0456,-94.1203,-94.1929,-94.2631,-94.3309,-94.3963,-94.4494,-94.4612,-94.4407,-94.4031,-94.3599,-94.3181,-94.2822,-94.2542,-94.2350,-94.2247,-94.2229,-94.2287,-94.2415,-94.2604,-94.2845,-94.3131,-94.3454,-94.3809,-94.4188,-94.4586,-94.5000,-94.5424,-94.5855,-94.6290,-94.6726,-94.7160,-94.7590,-94.8015,-94.8433,-94.8842,-94.9242,-94.9633,-95.0012,-95.0380,-95.0737,-95.1082,-95.1415,-95.1736,-95.2046,-95.2344,-95.2630,-95.2905,-95.3169,-95.3396,-95.3415,-95.3161,-95.2715,-95.2176,-95.1618,-95.1090,-95.0620,-95.0222,-94.9901,-94.9657,-94.9487,-94.9187,-94.8447,-94.7507,-94.6552,-94.5678,-94.4671,-94.3325,-94.1848,-94.0439,-93.9212,-93.8218,-93.7468,-93.6949,-93.6639,-93.6513,-93.6546,-93.6714,-93.6796,-93.6509,-93.6080,-93.5665,-93.5335,-93.5124,-93.5041,-93.5084,-93.5245,-93.5513,-93.5875,-93.6319,-93.6831,-93.7401,-93.8019,-93.8673,-93.9355,-94.0059,-94.0776,-94.1501,-94.2229,-94.2955,-94.3675,-94.4385,-94.5084,-94.5768,-94.6435,-94.7085,-94.7715,-94.8326,-94.8915,-94.9482,-94.9440,-94.8733,-94.7915,-94.7193,-94.6627,-94.6224,-94.5969,-94.5845,-94.5834,-94.5918,-94.6082,-94.6312,-94.6597,-94.6926,-94.7223,-94.6929,-94.6287,-94.5614,-94.5038,-94.4597,-94.4295,-94.4124,-94.2828,-94.0955,-93.9334,-93.8089,-93.6726,-93.5273,-93.3981,-93.2944,-93.2181,-93.1681,-93.1415,-93.0718,-92.9587,-92.8497,-92.7637,-92.7064,-92.6777,-92.6751,-92.6955,-92.7352,-92.7910,-92.8601,-92.9385,-92.8870,-92.7746,-92.6461,-92.5263,-92.4282,-92.3570,-92.3137,-92.2969,-92.3043,-92.3330,-92.3802,-92.4430,-92.5189,-92.6055,-92.7009,-92.8030,-92.9104,-93.0216,-93.1354,-93.2508,-93.3668,-93.4826,-93.5976,-93.7112,-93.8228,-93.9322,-94.0389,-94.1427,-94.2434,-94.3407,-94.4347,-94.5251,-94.6119,-94.6952,-94.7749,-94.8510,-94.9029,-94.9050,-94.8768,-94.8380,-94.8003,-94.7697,-94.7484,-94.7370,-94.7350,-94.7331,-94.6976,-94.6332,-94.5240,-94.3351,-94.1055,-93.8709,-93.6532,-93.4640,-93.3082,-93.1864,-93.0971,-93.0377,-93.0050,-92.9956,-93.0067,-93.0351,-93.0784,-93.1341,-93.2001,-93.2746,-93.3559,-93.4008,-93.3849,-93.3552,-93.3207,-93.2743,-93.2217,-93.1720,-93.1322,-93.1061,-93.0954,-93.0939,-93.0558,-92.9901,-92.9223,-92.8677,-92.8329,-92.8197,-92.8272,-92.8533,-92.8958,-92.9520,-93.0197,-93.0968,-93.1816,-93.2724,-93.3677,-93.4664,-93.5673,-93.6696,-93.7723,-93.8749,-93.9767,-94.0772,-94.1760,-94.2726,-94.3669,-94.4585,-94.5473,-94.6331,-94.7158,-94.7954,-94.8718,-94.9450,-95.0150,-95.0819,-95.1457,-95.2065,-95.2642,-95.3192,-95.3713,-95.4207,-95.4676,-95.5119,-95.5539,-95.5936,-95.6311,-95.6666,-95.7001,-95.7318,-95.7617,-95.7899,-95.8165,-95.8417,-95.8655,-95.8879,-95.9091,-95.9291,-95.9481,-95.9660,-95.9829,-95.9989,-96.0141,-96.0285,-96.0421,-96.0551,-96.0674,-96.0791,-96.0902,-96.1008,-96.1109,-96.1206,-96.1298,-96.1386,-96.1470,-96.1509,-96.0309,-95.8098,-95.5751,-95.3577,-95.1688,-95.0114,-94.8846,-94.7858,-94.7119,-94.6598,-94.6266,-94.6095,-94.6062,-94.6145,-94.6326,-94.6589,-94.6920,-94.7306,-94.7737,-94.8157,-94.8368,-94.8324,-94.8115,-94.7839,-94.7567,-94.7342,-94.7059,-94.6433,-94.5576,-94.4682,-94.3879,-94.3225,-94.2741,-94.2427,-94.2269,-94.2254,-94.2364,-94.2583,-94.2896,-94.3287,-94.3744,-94.4256,-94.4811,-94.5401,-94.6017,-94.6651,-94.7297,-94.7950,-94.8604,-94.9255,-94.9900,-95.0535,-95.1158,-95.1766,-95.2358,-95.2932,-95.3488,-95.4024,-95.4540,-95.5036,-95.5511,-95.5966,-95.6401,-95.6815,-95.7210,-95.7586,-95.7944,-95.8284,-95.8606,-95.8912,-95.9202,-95.9477,-95.9737,-95.9983,-95.9865,-95.8735,-95.7004,-95.5156,-95.3423,-95.1898,-95.0609,-94.9004,-94.6855,-94.4530,-94.2308,-94.0344,-93.8701,-93.7384,-93.6379,-93.5660,-93.5197,-93.4867,-93.4448,-93.3949,-93.3463,-93.3068,-93.2808,-93.2632,-93.2218,-93.1594,-93.0943,-93.0398,-93.0027,-92.9857,-92.9887,-93.0105,-93.0492,-93.1026,-93.1685,-93.2448,-93.3297,-93.4213,-93.5183,-93.6010,-93.6370,-93.6464,-93.6474,-93.6513,-93.6639,-93.6878,-93.7234,-93.7700,-93.8264,-93.8911,-93.9626,-94.0394,-94.1203,-94.2042,-94.2899,-94.3767,-94.4638,-94.5505,-94.6363,-94.7208,-94.8036,-94.8844,-94.9629,-95.0390,-95.1126,-95.1834,-95.2515,-95.3168,-95.3793,-95.4390,-95.4960,-95.5503,-95.6019,-95.6509,-95.6975,-95.7415,-95.7748,-95.7730,-95.7384,-95.6856,-95.6275,-95.5723,-95.5246,-95.4864,-95.4581,-95.4395,-95.4297,-95.4277,-95.4315,-95.4246,-95.3972,-95.3555,-95.3082,-95.2619,-95.2209,-95.1875,-95.1630,-95.1474,-95.1404,-95.1416,-95.1500,-95.1649,-95.1853,-95.2106,-95.2400,-95.2726,-95.3080,-95.3455,-95.3847,-95.4249,-95.4660,-95.5074,-95.5489,-95.5902,-95.6311,-95.6714,-95.7109,-95.7495,-95.7871,-95.8235,-95.8588,-95.8929,-95.9258,-95.9573,-95.9876,-96.0166,-96.0443,-96.0708,-96.0961,-96.1202,-96.1431,-96.1649,-96.1857,-96.2054,-96.2241,-96.2418,-96.2586,-96.2746,-96.2898,-96.3041,-96.3178,-96.3307,-96.3429,-96.3546,-96.3596,-96.3375,-96.2894,-96.2265,-96.1585,-96.0921,-96.0312,-95.9780,-95.9335,-95.8978,-95.8704,-95.8509,-95.8384,-95.8324,-95.8319,-95.8362,-95.8044,-95.7056,-95.5955,-95.4705,-95.2877,-95.1000,-94.9330,-94.7946,-94.6860,-94.6056,-94.5507,-94.5184,-94.5055,-94.5094,-94.5274,-94.5563,-94.5370,-94.4655,-94.3565,-94.2281,-94.1004,-93.9580,-93.7201,-93.4882,-93.2990,-93.1590,-93.0656,-93.0130,-92.9952,-93.0065,-93.0419,-93.0969,-93.1552,-93.1690,-93.1605,-93.1508,-93.1511,-93.1663,-93.1979,-93.2452,-93.3069,-93.3808,-93.4650,-93.5575,-93.6565,-93.7603,-93.8675,-93.9768,-94.0872,-94.1977,-94.3076,-94.4161,-94.5228,-94.6271,-94.7288,-94.8274,-94.9228,-95.0149,-95.1034,-95.1883,-95.2696,-95.3473,-95.4214,-95.4919,-95.5589,-95.6224,-95.6827,-95.7397,-95.7936,-95.8446,-95.8926,-95.9379,-95.9806,-96.0208,-96.0586,-96.0942,-96.1276,-96.1590,-96.1885,-96.2161,-96.2421,-96.2665,-96.2894,-96.3109,-96.3311,-96.3500,-96.3678,-96.3844,-96.4001,-96.4148,-96.4286,-96.4416,-96.4539,-96.4654,-96.4762,-96.4801,-96.4626,-96.4246,-96.3734,-96.3159,-96.2578,-96.2028,-96.1531,-96.1101,-96.0743,-96.0457,-96.0075,-95.9180,-95.8010,-95.6811,-95.5723,-95.4810,-95.4091,-95.3562,-95.3206,-95.3003,-95.2932,-95.2973,-95.3107,-95.3318,-95.3593,-95.3918,-95.4283,-95.4680,-95.5099,-95.5535,-95.5982,-95.6435,-95.6889,-95.7341,-95.7788,-95.8229,-95.8659,-95.9079,-95.9487,-95.9882,-96.0263,-96.0630,-96.0982,-96.1316,-96.1415,-96.1068,-96.0439,-95.9714,-95.9012,-95.8396,-95.7893,-95.7511,-95.7245,-95.7085,-95.7019,-95.7035,-95.7120,-95.7263,-95.7455,-95.7686,-95.7948,-95.8235,-95.8540,-95.8859,-95.8391,-95.6824,-95.5325,-95.4136,-95.3278,-95.2713,-95.2392,-95.2267,-95.2300,-95.1711,-95.0334,-94.9035,-94.8025,-94.7329,-94.6921,-94.6757,-94.6796,-94.6997,-94.7329,-94.7765,-94.8280,-94.8858,-94.9480,-95.0135,-95.0812,-95.1502,-95.2197,-95.2891,-95.3579,-95.4256,-95.4920,-95.5567,-95.6195,-95.6804,-95.7391,-95.7955,-95.8497,-95.9016,-95.9511,-95.9984,-96.0434,-96.0861,-96.1267,-96.1652,-96.2016,-96.2361,-96.2686,-96.2993,-96.3283,-96.3556,-96.3814,-96.4056,-96.4284,-96.4498,-96.4700,-96.4889,-96.5067,-96.5235,-96.5392,-96.5540,-96.5675,-96.5360,-96.4510,-96.3493,-96.2499,-96.1612,-96.0866,-96.0266,-95.9806,-95.9472,-95.9251,-95.9127,-95.9088,-95.9119,-95.9209,-95.9349,-95.9529,-95.9741,-95.9979,-96.0236,-96.0508,-96.0790,-96.1079,-96.1371,-96.1663,-96.1954,-96.2242,-96.2524,-96.2800,-96.3069,-96.3330,-96.3582,-96.3813,-96.3627,-96.2927,-96.1813,-96.0389,-95.8677,-95.6829,-95.5021,-95.3366,-95.1924,-95.0715,-94.9739,-94.8985,-94.8435,-94.8070,-94.7868,-94.7811,-94.7879,-94.8056,-94.8326,-94.8669,-94.8742,-94.8403,-94.7493,-94.5670,-94.3704,-94.1953,-94.0247,-93.8556,-93.7030,-93.5773,-93.4827,-93.4192,-93.3850,-93.3574,-93.3036,-93.2444,-93.1957,-93.1647,-93.1531,-93.1293,-93.0727,-92.9851,-92.8854,-92.7922,-92.7120,-92.6200,-92.5163,-92.4181,-92.3380,-92.2825,-92.2538,-92.2515,-92.2737,-92.3180,-92.3815,-92.4615,-92.5555,-92.6610,-92.7759,-92.8981,-93.0260,-93.1579,-93.2925,-93.4287,-93.5650,-93.6719,-93.7358,-93.7806,-93.8200,-93.8608,-93.9063,-93.9580,-94.0159,-94.0775,-94.1032,-94.0711,-93.9910,-93.8888,-93.7866,-93.6979,-93.6293,-93.5833,-93.5596,-93.5566,-93.5723,-93.6043,-93.6503,-93.7080,-93.7755,-93.8509,-93.9326,-94.0192,-94.1094,-94.2022,-94.2965,-94.3915,-94.4865,-94.5809,-94.6742,-94.7659,-94.8556,-94.9430,-95.0277,-95.0788,-95.0783,-95.0524,-95.0205,-94.9929,-94.9742,-94.9660,-94.9682,-94.9800,-95.0003,-95.0279,-95.0617,-95.1005,-95.1409,-95.1541,-95.1373,-95.1070,-95.0746,-95.0463,-95.0253,-95.0132,-95.0102,-95.0092,-94.9895,-94.9524,-94.9080,-94.8647,-94.8282,-94.8014,-94.7851,-94.7718,-94.7520,-94.7257,-94.6974,-94.6717,-94.6521,-94.6398,-94.6273,-94.6051,-94.5744,-94.5408,-94.5097,-94.4851,-94.4693,-94.4597,-94.4365,-94.3931,-94.3397,-94.2872,-94.2430,-94.2111,-94.1849,-94.1341,-94.0690,-94.0050,-93.9508,-93.9109,-93.8870,-93.8793,-93.8869,-93.9087,-93.9431,-93.9885,-94.0433,-94.1061,-94.1754,-94.2499,-94.3284,-94.4100,-94.4685,-94.4688,-94.4437,-94.4189,-94.4051,-94.4052,-94.4189,-94.4448,-94.4813,-94.5265,-94.5788,-94.6368,-94.6992,-94.7649,-94.8329,-94.9024,-94.9727,-95.0432,-95.1135,-95.1830,-95.2514,-95.3184,-95.3839,-95.4474,-95.5091,-95.5686,-95.6260,-95.6811,-95.7340,-95.7846,-95.8330,-95.8792,-95.9231,-95.9650,-96.0047,-96.0424,-96.0781,-96.1120,-96.1440,-96.1743,-96.1841,-96.1458,-96.0784,-96.0022,-95.9295,-95.8659,-95.8139,-95.7737,-95.7447,-95.7258,-95.7159,-95.7139,-95.7185,-95.7289,-95.7405,-95.7320,-95.6963,-95.6436,-95.5851,-95.5291,-95.4802,-95.4408,-95.4098,-95.3336,-95.2196,-95.1058,-95.0078,-94.9301,-94.8730,-94.8349,-94.8138,-94.8072,-94.7408,-94.6140,-94.4866,-94.3828,-94.3089,-94.2637,-94.2439,-94.2455,-94.2648,-94.2985,-94.3438,-94.3984,-94.4602,-94.5277,-94.5993,-94.6738,-94.7503,-94.8279,-94.9058,-94.9834,-95.0602,-95.1359,-95.2100,-95.2822,-95.3524,-95.4204,-95.4860,-95.5492,-95.6098,-95.6680,-95.7235,-95.7766,-95.8272,-95.8753,-95.9210,-95.9644,-96.0055,-96.0445,-96.0775,-96.0615,-96.0032,-95.9282,-95.8360,-95.7203,-95.5920,-95.4641,-95.3460,-95.2430,-95.1576,-95.0901,-95.0399,-95.0058,-94.9863,-94.9798,-94.9846,-94.9991,-95.0221,-95.0517,-95.0520,-94.9714,-94.7972,-94.5812,-94.3626,-94.1615,-93.9877,-93.8451,-93.7294,-93.6059,-93.4722,-93.3479,-93.2455,-93.1699,-93.1218,-93.0997,-93.1010,-93.1230,-93.1630,-93.2183,-93.2865,-93.3654,-93.4531,-93.5478,-93.6478,-93.7519,-93.8588,-93.9674,-94.0760,-94.1512,-94.1795,-94.1845,-94.1839,-94.1871,-94.1987,-94.2202,-94.2516,-94.2920,-94.3404,-94.3957,-94.4564,-94.5217,-94.5903,-94.6615,-94.7343,-94.8081,-94.8822,-94.9561,-95.0293,-95.1015,-95.1723,-95.2415,-95.3088,-95.3741,-95.4373,-95.4982,-95.5568,-95.6130,-95.6669,-95.7184,-95.7676,-95.8144,-95.8591,-95.9015,-95.9417,-95.9799,-96.0161,-96.0503,-96.0827,-96.1134,-96.1424,-96.1697,-96.1955,-96.2199,-96.2429,-96.2646,-96.2851,-96.3044,-96.3226,-96.3398,-96.3561,-96.3714,-96.3858,-96.3995,-96.4124,-96.4246,-96.3975,-96.3013,-96.1873,-96.0785,-95.9834,-95.9044,-95.8415,-95.7936,-95.7592,-95.7365,-95.7191,-95.6914,-95.6503,-95.6019,-95.5528,-95.5081,-95.4706,-95.4416,-95.4215,-95.4102,-95.4070,-95.4113,-95.4221,-95.4387,-95.4603,-95.4861,-95.5154,-95.5476,-95.5822,-95.6185,-95.6549,-95.6640,-95.6400,-95.6008,-95.5579,-95.5165,-95.4640,-95.3905,-95.2580,-95.0023,-94.7041,-94.4155,-94.1597,-93.9232,-93.6710,-93.4329,-93.2274,-93.0621,-92.9385,-92.8548,-92.8075,-92.7924,-92.8053,-92.8420,-92.8988,-92.9722,-93.0594,-93.1575,-93.2643,-93.3778,-93.4963,-93.6181,-93.7419,-93.8667,-93.9914,-94.1153,-94.2375,-94.3575,-94.4748,-94.5891,-94.6999,-94.8071,-94.9104,-95.0097,-95.1050,-95.1962,-95.2832,-95.3662,-95.4451,-95.5201,-95.5912,-95.6586,-95.7223,-95.7825,-95.8393,-95.8929,-95.9434,-95.9883,-95.9897,-95.9524,-95.9003,-95.8459,-95.7957,-95.7529,-95.7187,-95.6936,-95.6642,-95.5998,-95.5102,-95.4144,-95.3250,-95.2488,-95.1885,-95.1446,-95.1165,-95.1025,-95.1012,-95.1108,-95.1296,-95.1181,-95.0185,-94.9088,-94.8162,-94.7474,-94.7025,-94.6792,-94.6747,-94.6859,-94.7103,-94.7453,-94.7890,-94.8395,-94.8954,-94.9552,-95.0180,-95.0826,-95.1445,-95.1463,-95.1013,-95.0063,-94.8364,-94.6293,-94.4212,-94.2280,-93.9934,-93.6740,-93.3202,-92.9871,-92.6984,-92.4613,-92.2758,-92.1388,-92.0457,-91.9917,-91.9013,-91.7725,-91.6656,-91.5956,-91.5640,-91.5677,-91.6023,-91.6633,-91.7465,-91.8481,-91.9648,-92.0935,-92.2318,-92.3774,-92.5284,-92.6830,-92.8399,-92.9978,-93.1554,-93.3119,-93.4665,-93.6185,-93.7672,-93.9122,-94.0464,-94.1335,-94.1803,-94.2081,-94.2315,-94.2582,-94.2914,-94.3322,-94.3802,-94.4346,-94.4012,-94.2914,-94.1908,-94.1189,-94.0777,-94.0642,-94.0740,-94.1027,-94.1466,-94.2024,-94.2674,-94.3394,-94.4165,-94.4971,-94.5802,-94.6645,-94.7492,-94.8337,-94.9173,-94.9996,-95.0801,-95.1587,-95.2349,-95.3087,-95.3795,-95.4401,-95.4813,-95.5030,-95.5108,-95.5107,-95.5073,-95.5040,-95.5026,-95.5043,-95.5096,-95.5186,-95.5313,-95.5474,-95.5667,-95.5886,-95.6130,-95.6395,-95.6677,-95.6973,-95.7280,-95.7595,-95.7917,-95.8243,-95.8570,-95.8897,-95.9223,-95.9545,-95.9864,-95.9670,-95.8839,-95.7857,-95.6921,-95.6117,-95.5474,-95.4996,-95.4673,-95.4488,-95.4424,-95.4461,-95.4583,-95.4502,-95.4001,-95.3331,-95.2658,-95.2068,-95.1600,-95.1268,-95.1069,-95.0994,-95.1030,-95.1164,-95.1382,-95.1669,-95.2015,-95.2407,-95.2820,-95.2909,-95.2563,-95.2005,-95.1419,-95.0915,-95.0542,-95.0313,-95.0223,-95.0260,-95.0405,-95.0641,-95.0954,-95.1327,-95.1750,-95.2210,-95.2699,-95.3208,-95.3731,-95.4262,-95.4795,-95.5328,-95.5855,-95.6375,-95.6884,-95.7382,-95.7865,-95.8334,-95.8787,-95.9224,-95.9643,-96.0046,-96.0431,-96.0799,-96.1151,-96.1484,-96.1724,-96.1728,-96.1503,-96.1135,-96.0704,-96.0270,-95.9870,-95.9525,-95.9246,-95.9036,-95.8893,-95.8812,-95.8788,-95.8816,-95.8888,-95.9000,-95.9145,-95.9319,-95.9517,-95.9734,-95.9966,-96.0210,-96.0464,-96.0723,-96.0986,-96.1250,-96.1515,-96.1777,-96.2036,-96.2290,-96.2539,-96.2782,-96.3018,-96.3247,-96.3468,-96.3681,-96.3886,-96.4083,-96.4272,-96.4408,-96.4316,-96.3610,-96.2363,-96.0884,-95.9395,-95.8020,-95.6818,-95.5808,-95.4993,-95.4360,-95.3894,-95.3578,-95.3121,-95.1974,-95.0507,-94.8979,-94.7542,-94.6282,-94.5242,-94.4435,-94.3802,-94.3199,-94.2599,-94.2045,-94.1582,-94.1242,-94.1040,-94.0979,-94.1055,-94.1250,-94.1441,-94.1532,-94.1549,-94.1325,-94.0430,-93.9346,-93.8341,-93.7528,-93.6945,-93.6596,-93.6462,-93.5814,-93.4182,-93.2310,-93.0612,-92.9262,-92.8305,-92.7729,-92.7495,-92.7560,-92.7879,-92.8412,-92.9123,-92.9979,-93.0954,-93.2023,-93.3165,-93.4360,-93.5546,-93.6620,-93.7549,-93.8360,-93.9097,-93.9798,-94.0493,-94.1198,-94.1923,-94.2671,-94.3442,-94.4233,-94.5041,-94.5861,-94.6687,-94.7361,-94.7021,-94.5566,-94.3730,-94.2025,-94.0632,-93.9594,-93.8896,-93.8505,-93.8379,-93.8479,-93.8768,-93.9212,-93.9784,-94.0459,-94.1214,-94.2031,-94.2894,-94.3791,-94.4708,-94.5636,-94.6568,-94.7495,-94.8411,-94.9313,-95.0195,-95.1055,-95.1890,-95.2698,-95.3477,-95.4227,-95.4947,-95.5636,-95.6294,-95.6922,-95.7520,-95.8088,-95.8628,-95.9139,-95.9623,-96.0080,-96.0236,-95.9930,-95.9420,-95.8861,-95.8332,-95.7848,-95.6503,-95.4750,-95.2969,-95.1172,-94.9457,-94.7888,-94.6220,-94.4475,-94.2820,-94.1363,-94.0164,-93.9241,-93.8591,-93.8173,-93.7685,-93.7080,-93.6502,-93.6042,-93.5744,-93.5623,-93.5676,-93.5895,-93.6263,-93.6763,-93.7377,-93.8087,-93.8876,-93.9729,-94.0633,-94.1573,-94.2539,-94.3522,-94.4512,-94.5502,-94.6486,-94.7457,-94.8412,-94.9346,-95.0256,-95.1140,-95.1996,-95.2821,-95.3615,-95.4377,-95.5108,-95.5805,-95.6471,-95.7105,-95.7707,-95.8279,-95.8822,-95.9335,-95.9821,-96.0279,-96.0713,-96.1121,-96.1482,-96.1559,-96.1274,-96.0782,-96.0223,-95.9684,-95.9209,-95.8817,-95.8511,-95.8291,-95.8149,-95.8053,-95.7571,-95.6740,-95.5851,-95.5044,-95.4372,-95.3845,-95.3462,-95.3211,-95.3080,-95.3054,-95.3120,-95.3266,-95.3480,-95.3751,-95.4070,-95.4427,-95.4815,-95.5227,-95.5657,-95.6099,-95.6548,-95.7001,-95.7454,-95.7904,-95.8348,-95.8785,-95.9212,-95.9628,-96.0032,-96.0423,-96.0801,-96.1164,-96.1514,-96.1849,-96.2169,-96.2475,-96.2767,-96.3045,-96.3310,-96.3561,-96.3800,-96.4026,-96.4241,-96.4444,-96.4636,-96.4818,-96.4990,-96.5153,-96.5306,-96.5452,-96.5589,-96.5718,-96.5841,-96.5957,-96.6066,-96.6170,-96.6268,-96.6361,-96.6448,-96.6532,-96.6610,-96.6685,-96.6756,-96.6824,-96.6878,-96.6668,-96.6103,-96.5361,-96.4571,-96.3808,-96.3114,-96.2509,-96.2002,-96.1592,-96.1275,-96.1040,-96.0816,-96.0511,-96.0112,-95.9655,-95.9186,-95.8743,-95.8353,-95.8030,-95.7782,-95.7496,-95.6880,-95.6075,-95.5239,-95.4466,-95.3805,-95.3277,-95.2889,-95.2636,-95.2507,-95.2155,-95.1386,-95.0479,-94.9627,-94.8817,-94.7972,-94.7128,-94.6352,-94.5699,-94.5198,-94.4861,-94.4685,-94.4661,-94.4776,-94.5015,-94.5360,-94.5797,-94.6311,-94.6889,-94.7518,-94.8187,-94.8886,-94.9607,-95.0342,-95.1084,-95.1741,-95.2012,-95.1980,-95.1803,-95.1593,-95.1421,-95.1321,-95.1310,-95.1391,-95.1559,-95.1805,-95.2119,-95.2491,-95.2911,-95.3369,-95.3858,-95.4368,-95.4893,-95.5429,-95.5968,-95.6508,-95.7044,-95.7574,-95.8093,-95.8602,-95.9096,-95.9577,-96.0041,-96.0489,-96.0919,-96.1332,-96.1728,-96.2105,-96.2466,-96.2809,-96.3128,-96.2440,-96.0546,-95.8296,-95.6146,-95.4276,-95.2739,-95.1533,-95.0632,-95.0002,-94.9605,-94.9407,-94.9377,-94.9487,-94.9714,-95.0035,-95.0434,-95.0893,-95.1401,-95.1945,-95.2515,-95.3104,-95.3703,-95.4307,-95.4901,-95.5286,-95.5318,-95.5101,-95.4776,-95.4446,-95.4173,-95.3984,-95.3891,-95.3891,-95.3977,-95.4140,-95.4263,-95.3595,-95.2410,-95.0945,-94.9442,-94.8063,-94.6893,-94.5967,-94.5289,-94.4843,-94.4609,-94.4562,-94.4676,-94.4928,-94.5296,-94.5760,-94.6302,-94.6908,-94.7562,-94.8255,-94.8974,-94.9712,-95.0460,-95.1212,-95.1961,-95.2704,-95.3435,-95.4152,-95.4852,-95.5532,-95.6191,-95.6827,-95.7440,-95.8029,-95.8593,-95.9132,-95.9647,-96.0137,-96.0604,-96.1047,-96.1467,-96.1865,-96.2242,-96.2598,-96.2934,-96.3251,-96.3550,-96.3832,-96.3996,-96.3863,-96.3483,-96.2801,-96.1317,-95.9492,-95.6257,-95.2854,-94.9927,-94.7584,-94.5794,-94.4489,-94.3596,-94.2660,-94.1286,-93.9986,-93.8946,-93.8211,-93.7772,-93.7601,-93.7666,-93.7932,-93.8368,-93.8944,-93.9635,-94.0417,-94.1271,-94.2178,-94.3124,-94.3875,-94.4164,-94.4178,-94.4109,-94.4071,-94.4119,-94.4276,-94.4543,-94.4914,-94.5376,-94.5916,-94.6519,-94.7173,-94.7865,-94.8585,-94.9325,-95.0074,-95.0828,-95.1580,-95.2324,-95.3057,-95.3775,-95.4476,-95.5157,-95.5817,-95.6454,-95.7067,-95.7656,-95.8220,-95.8759,-95.9274,-95.9764,-96.0214,-96.0229,-95.9812,-95.9240,-95.8657,-95.8129,-95.7690,-95.7350,-95.7110,-95.6966,-95.6909,-95.6930,-95.7019,-95.7167,-95.7364,-95.7602,-95.7873,-95.8170,-95.8429,-95.8441,-95.8215,-95.7853,-95.7448,-95.7062,-95.6732,-95.6475,-95.6122,-95.5429,-95.4512,-95.3560,-95.2701,-95.1999,-95.1474,-95.1123,-95.0931,-95.0880,-95.0950,-95.1123,-95.1383,-95.1714,-95.2104,-95.2540,-95.3014,-95.3515,-95.4036,-95.4572,-95.5115,-95.5662,-95.6207,-95.6748,-95.7281,-95.7803,-95.8314,-95.8810,-95.9291,-95.9756,-96.0204,-96.0635,-96.1047,-96.1439,-96.1635,-96.1451,-96.1008,-96.0458,-95.9909,-95.9420,-95.9017,-95.8710,-95.8498,-95.8374,-95.8329,-95.8354,-95.8440,-95.8576,-95.8756,-95.8971,-95.9216,-95.9484,-95.9769,-96.0068,-96.0377,-96.0691,-96.1008,-96.1325,-96.1641,-96.1952,-96.2258,-96.2558,-96.2850,-96.3133,-96.3407,-96.3672,-96.3927,-96.4172,-96.4406,-96.4631,-96.4845,-96.5050,-96.5244,-96.5430,-96.5606,-96.5671,-96.5167,-96.4274,-96.3260,-96.2284,-96.1427,-96.0574,-95.9427,-95.8041,-95.6191,-95.4179,-95.2284,-95.0625,-94.9245,-94.8149,-94.7267,-94.5841,-94.4050,-94.2252,-94.0624,-93.9249,-93.8159,-93.7359,-93.6834,-93.6563,-93.6520,-93.6677,-93.7009,-93.7490,-93.8095,-93.8805,-93.9600,-94.0463,-94.1378,-94.2333,-94.3315,-94.4314,-94.5141,-94.5116,-94.4685,-94.4270,-94.4029,-94.3992,-94.4143,-94.4455,-94.4897,-94.5327,-94.5483,-94.5425,-94.5292,-94.5185,-94.5161,-94.5242,-94.5433,-94.5729,-94.6119,-94.6589,-94.7126,-94.7535,-94.7592,-94.7461,-94.7283,-94.7137,-94.7066,-94.7090,-94.7214,-94.7435,-94.7745,-94.8134,-94.8591,-94.9105,-94.9666,-95.0263,-95.0889,-95.1534,-95.2192,-95.2856,-95.3521,-95.4182,-95.4836,-95.5479,-95.6108,-95.6722,-95.7317,-95.7893,-95.8449,-95.8984,-95.9497,-95.9989,-96.0458,-96.0906,-96.1333,-96.1739,-96.2124,-96.2489,-96.2835,-96.3162,-96.3472,-96.3764,-96.4040,-96.4300,-96.4545,-96.4776,-96.4993,-96.5198,-96.5390,-96.5571,-96.5742,-96.5902,-96.6053,-96.6195,-96.6328,-96.6454,-96.6572,-96.6683,-96.6788,-96.6886,-96.6979,-96.7067,-96.7150,-96.7228,-96.7302,-96.7372,-96.7438,-96.7501,-96.7561,-96.6974,-96.5314,-96.3628,-96.2194,-96.1061,-96.0208,-95.9597,-95.9187,-95.8941,-95.8830,-95.8827,-95.8909,-95.9061,-95.9267,-95.9515,-95.9796,-96.0100,-96.0422,-96.0752,-96.1020,-96.1128,-96.1070,-96.0880,-96.0319,-95.9396,-95.8334,-95.7276,-95.6305,-95.5463,-95.4770,-95.4230,-95.3837,-95.3582,-95.3452,-95.3434,-95.3514,-95.3679,-95.3917,-95.4216,-95.4567,-95.4959,-95.5372,-95.5627,-95.5596,-95.5360,-95.5038,-95.4720,-95.4459,-95.4280,-95.3993,-95.3298,-95.2436,-95.1590,-95.0856,-95.0276,-94.9863,-94.9614,-94.9517,-94.9556,-94.9714,-94.9975,-95.0322,-95.0533,-95.0343,-94.9938,-94.9502,-94.9142,-94.8906,-94.8805,-94.8837,-94.8990,-94.9248,-94.9596,-95.0019,-95.0503,-95.1037,-95.1608,-95.2208,-95.2828,-95.3460,-95.4098,-95.4738,-95.5373,-95.6001,-95.6618,-95.7221,-95.7808,-95.8378,-95.8929,-95.9448,-95.9617,-95.9303,-95.8732,-95.8099,-95.7522,-95.7057,-95.6722,-95.6516,-95.6428,-95.6442,-95.6544,-95.6718,-95.6952,-95.7234,-95.7554,-95.7903,-95.8274,-95.8660,-95.9057,-95.9459,-95.9864,-96.0266,-96.0665,-96.1057,-96.1442,-96.1816,-96.2180,-96.2532,-96.2871,-96.3198,-96.3511,-96.3812,-96.4099,-96.4373,-96.4634,-96.4882,-96.5117,-96.5341,-96.5553,-96.5754,-96.5944,-96.6124,-96.6294,-96.6454,-96.6606,-96.6749,-96.6884,-96.7011,-96.7131,-96.7244,-96.7351,-96.7452,-96.7547,-96.7636,-96.7721,-96.7801,-96.7876,-96.7948,-96.8015,-96.8071,-96.7704,-96.6705,-96.5481,-96.4250,-96.2697,-96.0976,-95.9319,-95.7846,-95.6605,-95.5605,-95.4836,-95.4277,-95.3905,-95.3696,-95.3627,-95.3677,-95.3828,-95.4062,-95.4366,-95.4725,-95.5128,-95.5566,-95.6031,-95.6513,-95.7008,-95.7509,-95.8012,-95.8513,-95.9009,-95.9496,-95.9973,-96.0430,-96.0611,-96.0336,-95.9810,-95.9224,-95.8681,-95.8229,-95.7883,-95.7645,-95.7508,-95.7463,-95.7498,-95.7603,-95.7706,-95.6153,-95.3471,-95.0764,-94.8453,-94.6640,-94.5306,-94.4392,-94.3831,-94.3564,-94.3538,-94.3662,-94.3597,-94.3371,-94.3126,-94.2941,-94.2857,-94.2889,-94.3040,-94.3304,-94.3673,-94.4133,-94.4672,-94.5278,-94.5939,-94.6643,-94.7381,-94.8142,-94.8920,-94.9706,-95.0494,-95.1279,-95.2057,-95.2822,-95.3573,-95.4305,-95.5017,-95.5708,-95.6375,-95.7018,-95.7635,-95.8227,-95.8572,-95.8438,-95.8076,-95.7649,-95.7240,-95.6891,-95.6449,-95.5486,-95.4308,-95.3144,-95.2116,-95.1280,-95.0651,-95.0224,-94.9798,-94.8973,-94.7956,-94.6645,-94.5216,-94.3872,-94.2723,-94.1815,-94.1159,-94.0748,-94.0563,-94.0579,-94.0772,-94.1117,-94.1591,-94.2171,-94.2839,-94.3578,-94.4370,-94.5204,-94.6068,-94.6950,-94.7842,-94.8737,-94.9628,-95.0508,-95.1374,-95.2222,-95.3049,-95.3851,-95.4627,-95.5376,-95.6096,-95.6661,-95.6602,-95.6224,-95.5771,-95.5351,-95.5013,-95.4775,-95.4641,-95.4604,-95.4655,-95.4785,-95.4983,-95.5238,-95.5541,-95.5883,-95.6255,-95.6651,-95.7065,-95.7491,-95.7924,-95.8360,-95.8796,-95.9229,-95.9656,-96.0075,-96.0485,-96.0884,-96.1270,-96.1644,-96.2005,-96.2351,-96.2684,-96.3002,-96.3307,-96.3597,-96.3873,-96.4136,-96.4386,-96.4624,-96.4849,-96.5062,-96.5263,-96.5454,-96.5635,-96.5805,-96.5966,-96.6118,-96.6261,-96.6397,-96.6525,-96.6645,-96.6759,-96.6867,-96.6968,-96.7064,-96.7059,-96.6498,-96.5554,-96.4500,-96.3497,-96.2620,-96.1896,-96.1324,-96.0893,-96.0577,-96.0131,-95.8838,-95.6798,-95.4684,-95.2769,-95.1150,-94.9849,-94.8852,-94.8133,-94.7662,-94.7405,-94.7334,-94.7421,-94.7641,-94.7973,-94.8396,-94.8894,-94.9452,-95.0056,-95.0696,-95.1360,-95.2042,-95.2733,-95.3427,-95.4118,-95.4803,-95.5476,-95.6136,-95.6779,-95.7404,-95.8008,-95.8592,-95.9153,-95.9691,-96.0207,-96.0699,-96.1169,-96.1616,-96.2024,-96.2296,-96.2372,-96.2281,-96.2085,-96.1840,-96.1588,-96.1356,-96.1160,-96.1006,-96.0899,-96.0838,-96.0821,-96.0844,-96.0905,-96.0998,-96.1121,-96.1269,-96.1428,-96.1505,-96.1430,-96.1214,-96.0763,-96.0004,-95.9035,-95.7573,-95.5667,-95.3705,-95.1896,-95.0332,-94.9046,-94.8035,-94.7284,-94.6767,-94.6458,-94.6332,-94.6364,-94.6532,-94.6816,-94.7197,-94.7661,-94.8192,-94.8777,-94.9406,-94.9699,-94.9212,-94.8475,-94.7818,-94.7366,-94.7139,-94.7119,-94.7275,-94.7575,-94.7992,-94.8500,-94.9079,-94.9712,-95.0384,-95.1084,-95.1800,-95.2524,-95.3250,-95.3972,-95.4685,-95.5384,-95.6067,-95.6732,-95.7375,-95.7997,-95.8596,-95.9170,-95.9690,-96.0036,-96.0164,-96.0123,-95.9980,-95.9792,-95.9600,-95.9432,-95.9301,-95.9217,-95.9181,-95.9193,-95.8853,-95.7788,-95.6475,-95.4912,-95.3274,-95.1733,-95.0392,-94.9291,-94.8437,-94.7819,-94.7415,-94.7203,-94.7157,-94.7256,-94.7478,-94.7805,-94.8218,-94.8703,-94.9246,-94.9836,-95.0460,-95.1111,-95.1780,-95.2460,-95.3145,-95.3829,-95.4507,-95.5177,-95.5834,-95.6476,-95.7101,-95.7708,-95.8293,-95.8858,-95.9401,-95.9921,-96.0311,-96.0176,-95.9681,-95.9057,-95.8440,-95.7904,-95.7482,-95.7182,-95.7000,-95.6926,-95.6947,-95.7050,-95.7220,-95.7447,-95.7720,-95.8028,-95.8364,-95.8721,-95.9092,-95.9402,-95.9135,-95.8132,-95.6284,-95.3921,-95.1505,-94.9284,-94.7377,-94.5825,-94.4627,-94.3758,-94.3185,-94.2871,-94.2782,-94.2884,-94.3147,-94.3543,-94.4051,-94.4648,-94.5318,-94.6044,-94.6812,-94.7611,-94.8431,-94.9262,-95.0098,-95.0932,-95.1757,-95.2570,-95.3368,-95.4145,-95.4901,-95.5620,-95.6155,-95.6432,-95.6522,-95.6509,-95.6453,-95.6395,-95.6360,-95.6361,-95.6405,-95.6493,-95.6626,-95.6799,-95.7010,-95.7254,-95.7526,-95.7823,-95.8139,-95.8471,-95.8584,-95.8249,-95.7671,-95.7040,-95.6466,-95.5999,-95.5657,-95.5439,-95.5335,-95.5334,-95.5422,-95.5586,-95.5814,-95.6080,-95.6254,-95.6245,-95.6092,-95.5807,-95.5029,-95.3907,-95.2691,-95.1543,-95.0551,-94.9743,-94.8816,-94.7610,-94.5939,-94.4043,-94.2229,-94.0647,-93.9356,-93.8372,-93.7683,-93.7267,-93.7096,-93.7142,-93.7375,-93.7518,-93.6948,-93.6066,-93.5086,-93.4068,-93.3089,-93.1988,-93.0554,-92.9078,-92.7767,-92.6720,-92.5973,-92.5524,-92.5353,-92.5433,-92.5732,-92.6221,-92.6872,-92.7658,-92.8558,-92.9315,-92.9010,-92.8419,-92.8023,-92.7933,-92.8137,-92.8593,-92.9254,-93.0079,-93.1032,-93.2085
2,-86.0000,-87.0028,-87.4926,-87.8620,-88.1449,-88.2890,-88.3601,-88.4096,-88.4594,-88.5168,-88.5830,-88.6571,-88.7373,-88.8219,-88.9094,-88.9984,-89.0879,-89.1771,-89.2651,-89.3515,-89.4359,-89.5179,-89.5974,-89.6741,-89.7479,-89.8188,-89.8868,-89.9517,-90.0049,-90.0272,-90.0256,-90.0113,-89.9920,-89.9724,-89.9555,-89.9428,-89.9351,-89.9327,-89.9354,-89.9429,-89.9548,-89.9706,-89.9897,-90.0116,-90.0360,-90.0622,-90.0900,-90.1190,-90.1488,-90.1545,-90.0914,-89.9964,-89.8986,-89.8123,-89.7427,-89.6909,-89.6559,-89.6359,-89.6288,-89.6326,-89.6455,-89.6656,-89.6917,-89.7225,-89.7569,-89.7941,-89.8333,-89.8739,-89.8905,-89.8438,-89.7677,-89.6864,-89.6125,-89.5520,-89.5067,-89.4766,-89.4603,-89.4563,-89.4628,-89.4780,-89.5005,-89.5288,-89.5618,-89.5984,-89.6378,-89.6792,-89.7220,-89.7657,-89.8098,-89.8247,-89.7447,-89.6346,-89.5296,-89.4432,-89.3791,-89.3367,-89.3138,-89.3075,-89.3147,-89.3330,-89.3601,-89.3940,-89.4333,-89.4765,-89.5227,-89.5708,-89.6203,-89.6704,-89.7208,-89.7709,-89.8205,-89.8694,-89.9172,-89.9638,-90.0092,-90.0468,-90.0220,-89.9453,-89.8521,-89.7636,-89.6897,-89.6335,-89.5948,-89.5717,-89.5623,-89.5642,-89.5753,-89.5940,-89.6161,-89.6300,-89.6306,-89.6202,-89.6036,-89.5852,-89.5683,-89.5551,-89.5469,-89.5441,-89.5470,-89.5552,-89.5683,-89.5859,-89.6073,-89.6322,-89.6598,-89.6898,-89.7217,-89.7551,-89.7896,-89.8246,-89.8481,-89.8476,-89.8275,-89.7966,-89.7624,-89.7300,-89.6948,-89.6306,-89.5494,-89.4651,-89.3862,-89.3172,-89.2605,-89.2166,-89.1855,-89.1663,-89.1582,-89.1598,-89.1103,-88.9787,-88.8378,-88.7174,-88.5633,-88.3302,-88.1157,-87.9451,-87.8216,-87.7409,-87.6971,-87.6838,-87.6955,-87.7273,-87.7752,-87.8356,-87.9060,-87.9839,-88.0675,-88.1552,-88.2458,-88.3380,-88.4303,-88.5101,-88.5697,-88.6120,-88.6428,-88.6672,-88.6896,-88.7127,-88.7384,-88.7676,-88.8008,-88.8380,-88.8788,-88.8983,-88.8567,-88.7872,-88.7139,-88.6495,-88.5996,-88.5663,-88.5493,-88.5453,-88.5397,-88.5243,-88.4717,-88.3524,-88.2094,-88.0729,-87.9571,-87.8671,-87.8035,-87.7646,-87.7478,-87.7504,-87.7694,-87.8022,-87.8466,-87.9005,-87.9621,-88.0299,-88.1024,-88.1787,-88.2576,-88.3384,-88.4203,-88.5027,-88.5851,-88.6670,-88.7481,-88.8279,-88.9064,-88.9831,-89.0580,-89.1308,-89.2016,-89.2700,-89.3362,-89.4001,-89.4616,-89.5207,-89.5775,-89.6319,-89.6840,-89.7338,-89.7813,-89.8267,-89.8699,-89.9111,-89.9503,-89.9875,-90.0229,-90.0565,-90.0884,-90.1186,-90.1472,-90.1392,-90.0618,-89.8658,-89.6221,-89.3849,-89.1753,-89.0003,-88.8605,-88.7535,-88.6757,-88.6232,-88.5922,-88.5794,-88.5816,-88.5962,-88.6166,-88.6315,-88.6374,-88.6371,-88.6349,-88.6342,-88.6373,-88.6456,-88.6595,-88.6791,-88.7041,-88.7340,-88.7682,-88.8062,-88.8474,-88.8913,-88.9372,-88.9848,-89.0336,-89.0832,-89.1333,-89.1836,-89.2339,-89.2839,-89.3334,-89.3823,-89.4303,-89.4774,-89.5235,-89.5685,-89.6123,-89.6549,-89.6962,-89.7361,-89.7748,-89.8120,-89.8480,-89.8826,-89.9158,-89.9477,-89.9784,-90.0077,-90.0358,-90.0627,-90.0884,-90.1129,-90.1364,-90.1587,-90.1801,-90.2004,-90.2198,-90.2382,-90.2558,-90.2725,-90.2884,-90.3036,-90.3180,-90.3317,-90.3448,-90.3572,-90.3690,-90.3803,-90.3911,-90.4013,-90.4061,-90.3841,-90.3382,-90.2800,-90.2178,-90.1567,-90.1000,-90.0494,-90.0057,-89.9693,-89.9399,-89.9172,-89.9007,-89.8899,-89.8841,-89.8829,-89.8844,-89.8795,-89.8614,-89.8322,-89.7969,-89.7602,-89.7251,-89.6925,-89.6343,-89.5395,-89.4292,-89.3203,-89.2220,-89.1389,-89.0724,-89.0223,-88.9874,-88.9663,-88.9573,-88.9587,-88.9691,-88.9872,-89.0116,-89.0413,-89.0754,-89.0980,-89.0790,-89.0383,-88.9934,-88.9530,-88.9207,-88.8980,-88.8851,-88.8815,-88.8866,-88.8991,-88.9108,-88.9124,-88.9036,-88.8883,-88.8708,-88.8545,-88.8418,-88.8342,-88.8322,-88.8362,-88.8461,-88.8340,-88.7618,-88.6659,-88.5697,-88.4854,-88.4184,-88.3701,-88.3400,-88.3267,-88.3282,-88.3423,-88.3672,-88.4009,-88.4419,-88.4888,-88.5404,-88.5956,-88.6536,-88.7136,-88.7620,-88.7622,-88.7277,-88.6792,-88.6310,-88.5912,-88.5636,-88.5492,-88.5476,-88.5576,-88.5777,-88.6063,-88.6420,-88.6834,-88.7293,-88.7788,-88.8310,-88.8850,-88.9403,-88.9964,-89.0527,-89.1090,-89.1648,-89.2200,-89.2743,-89.3275,-89.3788,-89.4176,-89.4335,-89.4303,-89.4161,-89.3979,-89.3803,-89.3659,-89.3561,-89.3514,-89.3520,-89.3575,-89.3677,-89.3819,-89.3997,-89.4207,-89.4443,-89.4701,-89.4978,-89.5268,-89.5570,-89.5880,-89.6196,-89.6516,-89.6837,-89.7032,-89.6511,-89.5648,-89.4732,-89.3893,-89.3188,-89.2635,-89.2234,-89.1975,-89.1841,-89.1816,-89.1883,-89.2028,-89.2237,-89.2497,-89.2799,-89.3133,-89.3492,-89.3870,-89.4261,-89.4660,-89.5063,-89.5468,-89.5872,-89.6272,-89.6666,-89.7053,-89.7432,-89.7754,-89.6870,-89.5479,-89.4131,-89.1747,-88.9120,-88.6834,-88.5018,-88.3661,-88.2694,-88.1851,-88.1031,-88.0290,-87.9675,-87.9206,-87.8888,-87.8716,-87.8683,-87.8776,-87.8981,-87.9286,-87.9677,-88.0140,-88.0666,-88.1242,-88.1859,-88.2509,-88.3184,-88.3876,-88.4581,-88.5292,-88.6005,-88.6716,-88.7422,-88.8120,-88.8808,-88.9483,-89.0143,-89.0788,-89.1416,-89.2026,-89.2618,-89.3190,-89.3744,-89.4277,-89.4791,-89.5286,-89.5761,-89.6217,-89.6654,-89.7073,-89.7473,-89.7856,-89.8221,-89.8570,-89.8903,-89.9220,-89.9522,-89.9810,-90.0084,-90.0344,-90.0591,-90.0781,-90.0820,-90.0690,-90.0432,-90.0100,-89.9741,-89.9387,-89.9060,-89.8770,-89.8525,-89.8327,-89.8175,-89.8067,-89.8001,-89.7972,-89.7978,-89.8014,-89.8077,-89.8164,-89.8272,-89.8398,-89.8539,-89.8693,-89.8858,-89.9032,-89.9212,-89.9399,-89.9589,-89.9782,-89.9976,-90.0171,-90.0365,-90.0559,-90.0750,-90.0940,-90.1126,-90.1309,-90.1488,-90.1663,-90.1833,-90.1999,-90.2161,-90.2317,-90.2464,-90.2317,-90.1364,-89.9068,-89.5736,-89.2143,-88.8786,-88.5868,-88.3445,-88.1505,-88.0005,-87.8893,-87.8116,-87.7624,-87.7373,-87.7324,-87.7418,-87.7433,-87.7315,-87.7137,-87.6965,-87.6848,-87.6812,-87.6871,-87.7029,-87.7282,-87.7623,-87.8044,-87.8535,-87.9085,-87.9686,-88.0327,-88.1001,-88.1700,-88.2416,-88.3144,-88.3879,-88.4616,-88.5351,-88.5964,-88.5772,-88.5114,-88.4384,-88.3765,-88.3324,-88.3074,-88.3002,-88.3084,-88.3297,-88.3616,-88.4019,-88.4489,-88.5011,-88.5571,-88.6159,-88.6765,-88.7384,-88.8008,-88.8633,-88.9255,-88.9869,-89.0475,-89.1068,-89.1648,-89.2214,-89.2763,-89.3295,-89.3811,-89.4308,-89.4787,-89.5249,-89.5692,-89.6118,-89.6525,-89.6916,-89.7290,-89.7647,-89.7988,-89.8314,-89.8625,-89.8921,-89.9203,-89.9471,-89.9727,-89.9970,-90.0150,-90.0161,-89.9986,-89.9669,-89.9269,-89.8834,-89.8401,-89.7993,-89.7625,-89.7302,-89.6890,-89.6272,-89.5534,-89.4765,-89.4023,-89.3344,-89.2746,-89.2241,-89.1828,-89.1508,-89.1274,-89.1121,-89.1042,-89.1029,-89.1075,-89.1173,-89.1316,-89.1500,-89.1717,-89.1962,-89.2233,-89.2523,-89.2829,-89.3149,-89.3478,-89.3815,-89.4157,-89.4501,-89.4847,-89.5192,-89.5535,-89.5689,-89.5060,-89.4053,-89.3020,-89.2113,-89.1385,-89.0844,-89.0477,-89.0261,-89.0175,-89.0198,-89.0311,-89.0496,-89.0741,-89.1032,-89.1361,-89.1719,-89.2098,-89.2493,-89.2899,-89.3311,-89.3726,-89.4141,-89.4554,-89.4962,-89.5364,-89.5758,-89.6144,-89.6519,-89.6885,-89.7240,-89.7583,-89.7915,-89.8235,-89.8544,-89.8841,-89.9126,-89.9400,-89.9663,-89.9915,-90.0156,-90.0386,-90.0607,-90.0818,-90.1019,-90.1211,-90.1395,-90.1570,-90.1738,-90.1897,-90.2049,-90.2195,-90.2333,-90.2466,-90.2592,-90.2713,-90.2828,-90.2938,-90.3043,-90.3144,-90.3240,-90.3332,-90.3420,-90.3504,-90.3585,-90.3663,-90.3738,-90.3809,-90.3878,-90.3944,-90.4008,-90.4070,-90.4129,-90.4186,-90.4241,-90.4295,-90.4347,-90.4397,-90.4445,-90.4493,-90.4538,-90.4583,-90.4626,-90.4669,-90.4710,-90.4750,-90.4789,-90.4828,-90.4865,-90.4902,-90.4938,-90.4973,-90.5007,-90.5041,-90.5075,-90.5107,-90.5140,-90.5171,-90.5203,-90.5233,-90.5264,-90.5293,-90.5323,-90.5352,-90.5381,-90.5396,-90.4077,-90.2191,-90.0428,-89.8957,-89.7798,-89.6924,-89.6294,-89.5865,-89.5602,-89.5472,-89.5451,-89.5515,-89.5649,-89.5836,-89.6067,-89.6330,-89.6618,-89.6925,-89.7245,-89.7567,-89.7403,-89.6695,-89.5800,-89.4916,-89.4143,-89.3521,-89.3061,-89.2756,-89.2590,-89.2545,-89.2603,-89.2747,-89.2960,-89.3230,-89.3544,-89.3893,-89.4269,-89.4663,-89.5072,-89.5488,-89.5909,-89.6331,-89.6751,-89.7166,-89.7575,-89.7976,-89.8368,-89.8749,-89.9119,-89.9478,-89.9825,-90.0159,-90.0481,-90.0790,-90.1087,-90.1372,-90.1644,-90.1905,-90.2154,-90.2391,-90.2618,-90.2833,-90.3039,-90.3234,-90.3420,-90.3523,-90.3104,-90.2271,-90.1272,-90.0271,-89.9362,-89.8588,-89.7961,-89.7479,-89.7130,-89.6898,-89.6768,-89.6724,-89.6752,-89.6840,-89.6978,-89.7156,-89.7366,-89.7601,-89.7857,-89.8127,-89.8408,-89.8697,-89.8990,-89.8832,-89.7641,-89.6251,-89.5011,-89.4014,-89.2932,-89.1615,-89.0283,-88.9071,-88.8050,-88.7245,-88.6656,-88.5787,-88.3893,-88.2034,-88.0533,-87.9440,-87.8727,-87.8340,-87.8226,-87.8335,-87.8623,-87.9055,-87.9600,-88.0233,-88.0934,-88.1687,-88.2476,-88.3291,-88.4122,-88.4960,-88.5800,-88.6635,-88.7462,-88.8276,-88.9074,-88.9854,-89.0614,-89.1352,-89.2067,-89.2758,-89.3425,-89.4067,-89.4684,-89.5276,-89.5844,-89.6387,-89.6906,-89.7401,-89.7874,-89.8323,-89.8752,-89.9159,-89.9546,-89.9913,-90.0262,-90.0592,-90.0906,-90.1203,-90.1484,-90.1750,-90.2002,-90.2240,-90.2466,-90.2679,-90.2880,-90.3071,-90.3251,-90.3421,-90.3583,-90.3735,-90.3879,-90.4016,-90.4145,-90.4267,-90.4382,-90.4492,-90.4596,-90.4694,-90.4788,-90.4876,-90.4961,-90.5041,-90.4964,-90.3455,-90.1605,-89.9930,-89.8556,-89.7488,-89.6695,-89.6134,-89.5767,-89.5556,-89.5472,-89.5490,-89.5589,-89.5753,-89.5967,-89.6221,-89.6506,-89.6812,-89.7136,-89.7470,-89.7811,-89.8156,-89.8501,-89.8844,-89.9183,-89.9517,-89.9843,-90.0162,-90.0398,-89.9957,-89.9107,-89.8196,-89.7371,-89.6682,-89.6139,-89.5735,-89.5459,-89.5293,-89.5224,-89.5237,-89.5319,-89.5460,-89.5649,-89.5877,-89.6137,-89.6422,-89.6727,-89.7046,-89.7375,-89.7711,-89.8050,-89.8391,-89.8730,-89.9067,-89.9398,-89.9724,-90.0043,-90.0354,-90.0656,-90.0950,-90.1234,-90.1508,-90.1773,-90.2027,-90.2272,-90.2507,-90.2732,-90.2948,-90.3154,-90.3351,-90.3540,-90.3719,-90.3890,-90.4054,-90.4209,-90.4357,-90.4498,-90.4632,-90.4759,-90.4880,-90.4996,-90.5105,-90.5209,-90.5308,-90.5402,-90.5492,-90.5577,-90.5658,-90.5735,-90.5809,-90.5879,-90.5945,-90.6009,-90.6069,-90.6127,-90.6182,-90.6235,-90.6286,-90.6334,-90.6379,-90.6294,-90.5925,-90.5363,-90.4713,-90.4049,-90.3416,-90.2839,-90.2332,-90.1902,-90.1547,-90.1265,-90.1051,-90.0899,-90.0803,-90.0757,-90.0754,-90.0788,-90.0856,-90.0951,-90.1070,-90.1208,-90.1363,-90.1530,-90.1708,-90.1894,-90.2083,-90.2111,-90.1774,-90.1155,-90.0411,-89.9665,-89.8990,-89.8424,-89.7977,-89.7648,-89.7427,-89.7304,-89.7264,-89.7296,-89.7388,-89.7530,-89.7712,-89.7929,-89.8172,-89.8436,-89.8716,-89.9008,-89.9308,-89.9614,-89.9922,-90.0230,-90.0537,-90.0840,-90.1139,-90.1433,-90.1720,-90.1999,-90.2271,-90.2534,-90.2789,-90.3034,-90.3271,-90.3499,-90.3717,-90.3927,-90.4127,-90.4319,-90.4502,-90.4677,-90.4843,-90.5002,-90.5153,-90.5297,-90.5434,-90.5564,-90.5687,-90.5805,-90.5911,-90.5703,-90.5024,-90.4094,-90.3100,-90.2162,-90.1339,-90.0657,-90.0118,-89.9713,-89.9051,-89.7471,-89.5717,-89.4155,-89.2898,-89.1957,-89.1301,-89.0890,-89.0682,-89.0641,-89.0736,-89.0939,-89.1229,-89.1588,-89.2000,-89.2454,-89.2937,-89.3443,-89.3963,-89.4492,-89.5024,-89.5555,-89.6083,-89.6604,-89.7115,-89.7615,-89.8103,-89.8577,-89.9036,-89.9479,-89.9907,-90.0319,-90.0714,-90.1070,-90.0664,-89.9483,-89.7696,-89.5684,-89.3755,-89.2063,-89.0669,-88.9580,-88.8779,-88.8235,-88.7914,-88.7782,-88.7809,-88.7967,-88.8234,-88.8587,-88.9010,-88.9489,-89.0010,-89.0562,-89.1028,-89.1026,-88.9952,-88.8099,-88.6144,-88.4416,-88.3028,-88.1997,-88.1293,-88.0877,-88.0706,-88.0738,-88.0940,-88.1280,-88.1731,-88.2273,-88.2885,-88.3553,-88.4263,-88.5003,-88.5765,-88.6539,-88.7321,-88.8102,-88.8880,-88.9649,-89.0407,-89.1150,-89.1877,-89.2584,-89.3272,-89.3939,-89.4583,-89.4377,-89.3124,-89.1847,-89.0804,-89.0034,-88.9164,-88.7990,-88.6753,-88.5658,-88.4799,-88.4197,-88.3837,-88.3691,-88.3726,-88.3910,-88.4218,-88.4624,-88.5108,-88.5655,-88.6248,-88.6877,-88.7532,-88.8203,-88.8884,-88.9570,-89.0254,-89.0934,-89.1605,-89.2265,-89.2911,-89.3542,-89.4156,-89.4751,-89.5328,-89.5885,-89.6422,-89.6938,-89.7434,-89.7910,-89.8366,-89.8801,-89.9218,-89.9615,-89.9993,-90.0353,-90.0696,-90.1022,-90.1332,-90.1625,-90.1904,-90.2169,-90.2419,-90.2656,-90.2881,-90.3094,-90.3295,-90.3486,-90.3666,-90.3837,-90.3956,-90.3721,-90.3160,-90.2444,-90.1691,-90.0976,-90.0337,-89.9794,-89.9352,-89.9010,-89.8759,-89.8593,-89.8500,-89.8471,-89.8498,-89.8555,-89.8416,-89.7965,-89.7308,-89.6577,-89.5863,-89.5125,-89.4303,-89.3438,-89.2593,-89.1816,-89.1140,-89.0583,-89.0149,-88.9836,-88.9637,-88.9545,-88.9546,-88.9632,-88.9792,-89.0014,-89.0291,-89.0613,-89.0973,-89.1363,-89.1779,-89.2213,-89.2662,-89.3121,-89.3586,-89.4054,-89.4522,-89.4988,-89.5450,-89.5906,-89.6353,-89.6792,-89.7114,-89.6179,-89.4830,-89.3484,-89.2112,-89.0669,-88.9173,-88.7701,-88.5965,-88.3140,-88.0305,-87.7846,-87.5535,-87.3044,-87.0764,-86.8877,-86.7420,-86.6368,-86.5680,-86.5306,-86.5201,-86.5323,-86.5634,-86.6104,-86.6703,-86.7409,-86.8200,-86.9059,-86.9971,-87.0923,-87.1904,-87.2903,-87.3914,-87.4928,-87.5940,-87.6944,-87.7937,-87.8914,-87.9871,-88.0808,-88.1720,-88.2607,-88.3466,-88.4298,-88.5100,-88.5873,-88.6616,-88.7328,-88.8011,-88.8663,-88.9286,-88.9869,-89.0033,-88.9726,-88.9189,-88.8584,-88.8007,-88.7511,-88.7118,-88.6835,-88.6658,-88.6579,-88.6585,-88.6666,-88.6808,-88.7003,-88.7239,-88.7509,-88.7805,-88.8120,-88.8451,-88.8790,-88.9136,-88.9484,-88.9832,-89.0177,-89.0517,-89.0852,-89.1178,-89.1496,-89.1805,-89.2104,-89.2391,-89.2668,-89.2934,-89.3188,-89.3430,-89.3661,-89.3881,-89.4090,-89.4287,-89.4474,-89.4650,-89.4816,-89.4972,-89.5102,-89.5061,-89.4664,-89.3930,-89.2972,-89.1901,-89.0806,-88.9749,-88.8770,-88.7891,-88.7123,-88.6468,-88.5922,-88.5481,-88.5135,-88.4877,-88.4698,-88.4588,-88.4541,-88.4548,-88.4603,-88.4700,-88.4832,-88.4995,-88.5184,-88.5391,-88.5241,-88.4569,-88.3667,-88.2737,-88.1890,-88.1180,-88.0625,-88.0223,-87.9961,-87.9825,-87.9796,-87.9860,-87.9999,-88.0202,-88.0456,-88.0751,-88.1079,-88.1432,-88.1805,-88.2191,-88.2586,-88.2986,-88.3389,-88.3790,-88.4189,-88.4582,-88.4969,-88.5347,-88.5716,-88.6075,-88.6424,-88.6761,-88.7086,-88.7399,-88.7700,-88.7989,-88.8266,-88.8497,-88.8506,-88.8244,-88.7789,-88.7236,-88.6661,-88.6115,-88.5627,-88.5212,-88.4874,-88.4612,-88.4422,-88.4296,-88.4229,-88.4213,-88.4240,-88.4306,-88.4404,-88.4530,-88.4677,-88.4844,-88.5025,-88.5218,-88.5420,-88.5629,-88.5842,-88.6058,-88.6276,-88.6493,-88.6709,-88.6922,-88.7133,-88.7339,-88.7540,-88.7737,-88.7927,-88.8112,-88.8291,-88.8464,-88.8629,-88.8789,-88.8942,-88.9088,-88.9228,-88.9361,-88.9488,-88.9608,-88.9723,-88.9831,-88.9934,-89.0031,-89.0123,-89.0209,-89.0291,-89.0367,-89.0439,-89.0506,-89.0569,-89.0628,-89.0683,-89.0734,-89.0782,-89.0826,-89.0867,-89.0905,-89.0940,-89.0972,-89.1002,-89.1029,-89.1054,-89.1076,-89.1097,-89.1115,-89.1131,-89.1146,-89.1159,-89.1171,-89.1181,-89.1189,-89.1197,-89.1203,-89.1207,-89.1211,-89.1214,-89.1216,-89.1217,-89.1217,-89.1216,-89.1215,-89.1212,-89.1210,-89.1206,-89.1202,-89.1198,-89.1193,-89.0885,-88.9252,-88.7371,-88.5676,-88.4272,-88.3154,-88.2047,-88.0822,-87.9607,-87.8484,-87.7496,-87.6662,-87.5985,-87.5328,-87.4319,-87.2942,-87.1283,-86.9343,-86.7292,-86.5292,-86.3453,-86.1837,-86.0474,-85.9369,-85.8515,-85.7896,-85.7490,-85.7275,-85.7229,-85.7330,-85.7559,-85.7896,-85.8327,-85.8836,-85.9410,-86.0038,-86.0711,-86.1418,-86.2153,-86.2877,-86.3059,-86.2771,-86.2315,-86.1866,-86.1514,-86.1298,-86.1226,-86.1294,-86.1489,-86.1792,-86.2189,-86.2663,-86.3199,-86.3785,-86.4410,-86.5064,-86.5738,-86.6427,-86.7123,-86.7823,-86.8306,-86.7853,-86.7080,-86.6310,-86.5672,-86.5209,-86.4925,-86.4808,-86.4838,-86.4994,-86.5255,-86.5601,-86.6016,-86.6485,-86.6997,-86.7540,-86.8107,-86.8689,-86.9281,-86.9835,-86.9900,-86.9447,-86.8781,-86.8124,-86.7585,-86.7206,-86.6988,-86.6918,-86.6977,-86.7143,-86.7398,-86.7724,-86.8108,-86.8537,-86.9000,-86.9489,-86.9997,-87.0518,-87.1047,-87.1579,-87.2111,-87.2640,-87.3163,-87.3679,-87.4186,-87.4683,-87.5167,-87.5639,-87.6098,-87.6544,-87.6975,-87.7392,-87.7794,-87.8182,-87.8555,-87.8915,-87.9259,-87.9590,-87.9908,-88.0212,-88.0503,-88.0781,-88.1047,-88.1301,-88.1543,-88.1775,-88.1995,-88.2206,-88.2406,-88.2597,-88.2711,-88.2524,-88.2021,-88.1327,-88.0562,-87.9533,-87.7905,-87.6069,-87.4279,-87.2662,-87.1274,-87.0047,-86.8680,-86.7244,-86.5872,-86.4647,-86.3609,-86.2774,-86.2140,-86.1694,-86.1421,-86.1300,-86.1267,-86.0876,-86.0152,-85.9320,-85.8536,-85.7889,-85.7416,-85.7125,-85.7009,-85.7051,-85.7230,-85.7527,-85.7923,-85.8400,-85.8943,-85.9539,-86.0177,-86.0847,-86.1540,-86.2250,-86.2968,-86.3587,-86.3082,-86.1807,-86.0369,-85.9039,-85.7923,-85.7047,-85.6405,-85.5978,-85.5741,-85.5669,-85.5740,-85.5932,-85.6227,-85.6608,-85.7060,-85.7572,-85.8133,-85.8732,-85.9362,-86.0015,-86.0686,-86.1369,-86.2060,-86.2754,-86.3448,-86.4139,-86.4824,-86.5502,-86.6170,-86.6827,-86.7472,-86.8103,-86.8719,-86.9320,-86.9905,-87.0474,-87.1026,-87.1561,-87.2080,-87.2581,-87.3065,-87.3532,-87.3983,-87.4417,-87.4835,-87.5238,-87.5624,-87.5996,-87.6352,-87.6694,-87.7023,-87.7337,-87.7639,-87.7927,-87.8204,-87.8469,-87.8722,-87.8965,-87.9197,-87.9418,-87.9631,-87.9834,-88.0028,-88.0214,-88.0391,-88.0561,-88.0723,-88.0879,-88.1028,-88.1170,-88.1307,-88.1437,-88.1562,-88.1682,-88.1797,-88.1907,-88.2013,-88.2115,-88.2212,-88.2306,-88.2396,-88.2483,-88.2566,-88.2647,-88.2724,-88.2799,-88.2871,-88.2941,-88.3008,-88.3073,-88.3137,-88.3198,-88.3257,-88.3314,-88.3370,-88.3424,-88.3477,-88.3528,-88.3578,-88.3627,-88.3674,-88.3721,-88.3766,-88.3810,-88.3854,-88.3896,-88.3938,-88.3979,-88.4018,-88.4058,-88.4088,-88.3921,-88.3293,-88.2230,-88.0910,-87.9499,-87.8115,-87.6829,-87.5681,-87.4686,-87.3846,-87.3158,-87.2607,-87.2096,-87.1510,-87.0856,-87.0181,-86.9532,-86.8944,-86.8438,-86.8026,-86.7712,-86.7496,-86.7372,-86.7334,-86.7374,-86.7484,-86.7657,-86.7884,-86.7966,-86.7034,-86.5724,-86.4485,-86.3478,-86.2740,-86.2257,-86.1997,-86.1925,-86.2009,-86.2220,-86.2534,-86.2931,-86.3393,-86.3907,-86.4460,-86.5043,-86.5649,-86.6254,-86.6239,-86.5665,-86.4981,-86.4357,-86.3736,-86.3089,-86.2449,-86.1844,-86.0724,-85.8973,-85.7151,-85.5554,-85.4274,-85.3316,-85.2651,-85.2245,-85.2060,-85.2064,-85.2227,-85.2522,-85.2877,-85.3132,-85.3243,-85.2915,-85.1992,-85.0618,-84.9049,-84.7514,-84.6158,-84.5052,-84.4218,-84.3642,-84.3132,-84.2558,-84.1680,-84.0346,-83.8849,-83.7421,-83.6201,-83.5257,-83.4607,-83.4244,-83.4122,-83.4028,-83.3896,-83.3633,-83.2701,-83.1484,-83.0346,-82.9451,-82.8855,-82.8560,-82.8546,-82.8782,-82.9235,-82.9855,-83.0290,-83.0179,-82.9517,-82.8585,-82.7578,-82.6195,-82.4534,-82.2609,-82.0263,-81.7847,-81.5627,-81.3746,-81.2263,-81.1187,-81.0500,-81.0167,-81.0151,-81.0409,-81.0597,-81.0516,-81.0417,-81.0441,-81.0640,-81.1025,-81.1589,-81.1973,-81.1643,-81.1116,-81.0727,-81.0606,-81.0774,-81.1191,-81.1595,-81.1889,-81.2147,-81.2443,-81.2733,-81.2937,-81.3091,-81.3268,-81.3530,-81.3910,-81.4425,-81.5075,-81.5844,-81.6636,-81.7373,-81.8054,-81.8712,-81.9381,-81.9514,-81.8988,-81.8373,-81.7887,-81.7617,-81.7586,-81.7787,-81.8201,-81.8802,-81.9564,-82.0463,-82.1428,-82.2314,-82.3087,-82.3776,-82.4425,-82.5072,-82.5742,-82.6454,-82.7215,-82.8032,-82.8902,-82.9823,-83.0791,-83.1490,-83.1480,-83.0772,-82.9704,-82.8567,-82.7036,-82.5196,-82.3364,-82.1553,-81.9019,-81.6390,-81.4046,-81.2124,-81.0656,-80.9625,-80.8995,-80.8719,-80.8752,-80.9051,-80.9576,-81.0286,-81.0739,-81.0786,-81.0794,-81.0786,-81.0480,-80.9922,-80.9261,-80.8620,-80.8090,-80.7723,-80.7546,-80.7571,-80.7793,-80.8201,-80.8782,-80.9517,-81.0388,-81.1377,-81.2468,-81.3645,-81.4845,-81.5780,-81.6479,-81.7036,-81.7331,-81.7420,-81.7427,-81.7443,-81.7527,-81.7710,-81.8009,-81.8427,-81.8875,-81.9105,-81.9198,-81.9270,-81.9219,-81.8514,-81.7540,-81.6636,-81.5951,-81.5535,-81.5391,-81.5499,-81.5831,-81.6357,-81.7048,-81.7877,-81.8798,-81.9420,-81.9686,-81.9822,-81.9980,-82.0241,-82.0636,-82.0826,-82.0280,-81.9479,-81.8582,-81.7727,-81.7000,-81.6149,-81.4874,-81.3377,-81.1882,-80.9760,-80.6668,-80.3432,-80.0527,-79.8121,-79.5807,-79.3500,-79.1478,-78.9875,-78.8732,-78.8041,-78.7766,-78.7861,-78.8277,-78.8966,-78.9883,-79.0991,-79.2255,-79.3646,-79.5139,-79.6714,-79.8354,-80.0043,-80.1770,-80.3524,-80.5296,-80.7079,-80.8867,-81.0654,-81.2436,-81.4197,-81.5597,-81.6524,-81.7215,-81.7839,-81.8289,-81.8010,-81.7070,-81.5860,-81.4714,-81.3801,-81.3184,-81.2752,-81.2248,-81.1585,-81.0722,-80.9845,-80.8763,-80.6966,-80.5049,-80.3398,-80.2152,-80.1329,-80.0751,-80.0091,-79.9438,-79.8875,-79.7694,-79.5578,-79.3255,-79.1182,-78.9548,-78.8343,-78.7416,-78.6604,-78.5728,-78.4589,-78.2940,-78.0864,-77.8516,-77.6207,-77.4141,-77.2431,-77.0979,-76.9443,-76.7966,-76.6719,-76.5764,-76.4885,-76.3860,-76.2718,-76.1614,-76.0687,-76.0014,-75.9394,-75.8717,-75.8086,-75.7499,-75.6672,-75.5578,-75.4401,-75.3150,-75.1518,-74.9248,-74.7019,-74.5123,-74.3567,-74.2062,-74.0442,-73.8795,-73.7084,-73.5392,-73.3916,-73.2779,-73.2030,-73.1624,-73.1424,-73.1375,-73.1345,-73.1232,-73.1092,-73.1006,-73.0940,-73.0567,-73.0028,-72.9081,-72.7543,-72.5990,-72.4757,-72.3969,-72.3642,-72.3678,-72.3940,-72.4383,-72.5005,-72.5807,-72.6784,-72.7927,-72.9222,-73.0655,-73.2207,-73.3797,-73.5329,-73.6670,-73.7453,-73.7806,-73.7722,-73.6645,-73.4639,-73.0808,-72.5965,-72.1057,-71.6578,-71.2761,-70.9687,-70.6947,-70.4162,-70.1388,-69.8754,-69.6191,-69.3587,-69.1152,-68.8793,-68.6085,-68.3506,-68.1393,-67.9875,-67.8963,-67.8617,-67.8775,-67.9367,-68.0330,-68.1602,-68.2858,-68.3576,-68.4199,-68.4927,-68.5841,-68.6970,-68.8311,-68.9828,-69.0916,-69.1414,-69.1690,-69.1976,-69.2395,-69.2814,-69.2976,-69.3020,-69.3099,-69.3318,-69.3740,-69.4392,-69.5211,-69.5941,-69.6516,-69.7008,-69.7514,-69.8113,-69.8695,-69.9050,-69.9028,-69.8561,-69.7901,-69.7266,-69.6798,-69.6577,-69.6638,-69.6920,-69.7335,-69.7852,-69.8420,-69.8875,-69.9190,-69.9454,-69.9772,-70.0218,-70.0839,-70.1652,-70.2661,-70.3746,-70.4496,-70.4892,-70.5017,-70.5035,-70.5076,-70.5227,-70.5538,-70.6036,-70.6729,-70.7615,-70.8667,-70.9703,-71.0615,-71.1316,-71.1712,-71.1889,-71.1841,-71.1588,-71.1253,-71.0948,-71.0750,-71.0705,-71.0835,-71.0444,-70.9056,-70.7446,-70.5963,-70.4757,-70.3879,-70.3338,-70.3120,-70.3201,-70.3555,-70.4152,-70.4968,-70.5956,-70.6899,-70.7033,-70.6379,-70.5461,-70.4588,-70.3905,-70.3465,-70.3278,-70.3332,-70.3606,-70.3860,-70.3516,-70.2926,-70.2301,-70.1707,-70.1218,-70.0884,-70.0734,-70.0778,-70.1018,-70.1449,-70.2061,-70.2843,-70.3782,-70.4865,-70.5924,-70.6407,-70.6609,-70.6830,-70.7208,-70.7756,-70.8307,-70.8844,-70.9414,-71.0065,-71.0719,-71.1230,-71.1626,-71.1954,-71.2119,-71.2045,-71.1811,-71.1543,-71.1346,-71.1292,-71.1424,-71.1757,-71.2294,-71.2711,-71.2474,-71.2034,-71.1716,-71.1640,-71.1069,-71.0260,-70.9610,-70.9260,-70.9248,-70.9568,-71.0194,-71.1092,-71.2133,-71.2602,-71.2704,-71.2817,-71.3124,-71.3689,-71.4458,-71.5020,-71.4960,-71.4409,-71.3678,-71.2941,-71.1671,-70.9846,-70.7800,-70.5703,-70.3638,-70.1609,-69.9439,-69.7173,-69.4800,-69.2390,-69.0083,-68.7995,-68.6202,-68.4722,-68.3422,-68.2247,-68.1217,-68.0280,-67.9087,-67.7706,-67.6134,-67.4328,-67.2412,-67.0551,-66.8868,-66.7400,-66.6037,-66.4795,-66.3730,-66.2881,-66.2264,-66.1876,-66.1701,-66.1721,-66.1904,-66.1808,-66.1360,-66.0391,-65.8976,-65.7531,-65.6276,-65.5310,-65.4665,-65.4342,-65.4320,-65.4576,-65.5077,-65.5530,-65.5450,-65.4760,-65.2711,-65.0170,-64.7707,-64.5556,-64.3820,-64.2537,-64.1706,-64.1305,-64.1298,-64.1648,-64.2313,-64.3257,-64.4443,-64.5843,-64.7382,-64.8209,-64.8083,-64.7366,-64.6356,-64.5301,-64.4385,-64.3710,-64.3202,-64.2799,-64.2513,-64.2370,-64.2354,-64.1792,-64.0649,-63.9107,-63.7447,-63.5878,-63.4487,-63.2599,-63.0175,-62.7647,-62.5302,-62.3293,-62.1693,-62.0314,-61.8907,-61.7557,-61.6378,-61.5451,-61.4826,-61.4411,-61.4083,-61.3748,-61.3142,-61.2269,-61.1235,-61.0160,-60.9142,-60.8253,-60.7540,-60.7030,-60.6737,-60.6644,-60.6597,-60.6541,-60.6502,-60.6520,-60.6634,-60.6876,-60.7271,-60.7838,-60.8589,-60.9528,-61.0641,-61.1421,-61.1591,-61.1372,-61.0955,-61.0505,-61.0146,-60.9968,-61.0033,-61.0382,-61.1038,-61.2011,-61.3299,-61.4893,-61.6677,-61.7989,-61.8670,-61.8900,-61.8769,-61.7831,-61.5019,-61.1235,-60.7144,-60.3077,-59.9115,-59.5308,-59.1731,-58.8234,-58.4340,-58.0177,-57.5433,-56.9932,-56.3531,-55.6371,-54.8627,-54.0304,-53.1261,-52.1180,-50.9445,-49.4806,-47.4369,-43.8953,-31.7686,30.1743,-23.0421,-50.5515,-62.7633,-72.0262,-75.8651,-76.6416,-76.4659,-76.0321,-75.5676,-75.1505,-74.8029,-74.5260,-74.3141,-74.1595,-74.0554,-73.9956,-73.9604,-73.9235,-73.8777,-73.8145,-73.7415,-73.6738,-73.6182,-73.5439,-73.4545,-73.3573,-73.2600,-73.1671,-73.0823,-73.0009,-72.9246,-72.8614,-72.8164,-72.7840,-72.7629,-72.7566,-72.7651,-72.7378,-72.6871,-72.6470,-72.6310,-72.6426,-72.6797,-72.7295,-72.7839,-72.8435,-72.9072,-72.9399,-72.9322,-72.9031,-72.8703,-72.8466,-72.8398,-72.8539,-72.8907,-72.9501,-73.0309,-73.1315,-73.2500,-73.3845,-73.5331,-73.6940,-73.8558,-73.9304,-73.9225,-73.8784,-73.7583,-73.5292,-73.2552,-73.0076,-72.7931,-72.5691,-72.3428,-72.1145,-71.9124,-71.7522,-71.6401,-71.5763,-71.5582,-71.5813,-71.6393,-71.6998,-71.7352,-71.7395,-71.6754,-71.5428,-71.3795,-71.2172,-71.0759,-70.9665,-70.8935,-70.8546,-70.8282,-70.7734,-70.6712,-70.5439,-70.4124,-70.2884,-70.1660,-70.0241,-69.8642,-69.6933,-69.4563,-69.1908,-68.9415,-68.7304,-68.5656,-68.4474,-68.3648,-68.2996,-68.2507,-68.2141,-68.1230,-68.0000,-67.8881,-67.7999,-67.7262,-67.6597,-67.5853,-67.4976,-67.3865,-67.2505,-67.1030,-66.9567,-66.8208,-66.7018,-66.6028,-66.5146,-66.4347,-66.3678,-66.3174,-66.2849,-66.2699,-66.2706,-66.2498,-66.1942,-66.1235,-66.0523,-65.9702,-65.8716,-65.7698,-65.6778,-65.6013,-65.5207,-65.4186,-65.2660,-65.0261,-64.7553,-64.4931,-64.2568,-64.0039,-63.7322,-63.4754,-63.2518,-63.0462,-62.8315,-62.6227,-62.4333,-62.2723,-62.1446,-62.0521,-61.9950,-61.9142,-61.7831,-61.6629,-61.5728,-61.5193,-61.4944,-61.4836,-61.4788,-61.4803,-61.4816,-61.4709,-61.4436,-61.4037,-61.3582,-61.3135,-61.2745,-61.2449,-61.2272,-61.2230,-61.2330,-61.2577,-61.2970,-61.3507,-61.4183,-61.4992,-61.5885,-61.6696,-61.7398,-61.7906,-61.7945,-61.7585,-61.6999,-61.6346,-61.5750,-61.5296,-61.5032,-61.4927,-61.4918,-61.4838,-61.4463,-61.3488,-61.1647,-60.8977,-60.5731,-60.1975,-59.7907,-59.3731,-58.9613,-58.5655,-58.1823,-57.7687,-57.2910,-56.7342,-56.0891,-55.3597,-54.5478,-53.6424,-52.5806,-51.2765,-49.5679,-47.0109,-41.7160,19.8640,13.9041,-42.6230,-56.4609,-68.3495,-75.8185,-77.8045,-77.7488,-77.1032,-76.3263,-75.5752,-74.9002,-74.3139,-73.8140,-73.3932,-73.0433,-72.7542,-72.4888,-72.1803,-71.8340,-71.4993,-71.2008,-70.9388,-70.7102,-70.5172,-70.3617,-70.2441,-70.1631,-70.1168,-70.1026,-70.1177,-70.1587,-70.2139,-70.2726,-70.3338,-70.4002,-70.4745,-70.5562,-70.6211,-70.6520,-70.6446,-70.6142,-70.5785,-70.5509,-70.5400,-70.5505,-70.5845,-70.6419,-70.7217,-70.8221,-70.9390,-71.0530,-71.1543,-71.2455,-71.3314,-71.4159,-71.5021,-71.5926,-71.6892,-71.7934,-71.8960,-71.9844,-72.0631,-72.1397,-72.2201,-72.3085,-72.4076,-72.5189,-72.6428,-72.7795,-72.9287,-73.0898,-73.2606,-73.4128,-73.5344,-73.6401,-73.7432,-73.8530,-73.9746,-74.1106,-74.2617,-74.4275,-74.6068,-74.7983,-75.0004,-75.2116,-75.4304,-75.6555,-75.8857,-76.1199,-76.3572,-76.5968,-76.8379,-77.0801,-77.3228,-77.5604,-77.7746,-77.9651,-78.1398,-78.3063,-78.4701,-78.6347,-78.8020,-78.9732,-79.1484,-79.3277,-79.5106,-79.6968,-79.8856,-80.0766,-80.2693,-80.4631,-80.6576,-80.8524,-81.0471,-81.2413,-81.4347,-81.6270,-81.8180,-82.0073,-82.1949,-82.3804,-82.5636,-82.7445,-82.9229,-83.0985,-83.2713,-83.4411,-83.6079,-83.7715,-83.9319,-84.0889,-84.2425,-84.3927,-84.5394,-84.6825,-84.8220,-84.9580,-85.0904,-85.2191,-85.3442,-85.4657,-85.5837,-85.6980,-85.8089,-85.9162,-86.0201,-86.1206,-86.2178,-86.3116,-86.4022,-86.4896,-86.5739,-86.6552,-86.7335,-86.8089,-86.8815,-86.9513,-87.0184,-87.0830,-87.1450,-87.2046,-87.2618,-87.3168,-87.3695,-87.4200,-87.4686,-87.5151,-87.5597,-87.6024,-87.6434,-87.6827,-87.7203,-87.7563,-87.7909,-87.8240,-87.8551,-87.8548,-87.8060,-87.7299,-87.6450,-87.5524,-87.4061,-87.2345,-87.0651,-86.9117,-86.7805,-86.6733,-86.5893,-86.5268,-86.4718,-86.3830,-86.2763,-86.1339,-85.9272,-85.7091,-85.5108,-85.3447,-85.2142,-85.1178,-85.0522,-85.0137,-84.9983,-85.0025,-85.0231,-85.0574,-85.1031,-85.1582,-85.2208,-85.2897,-85.3636,-85.4414,-85.5222,-85.6053,-85.6900,-85.7757,-85.8620,-85.9485,-86.0347,-86.1204,-86.2053,-86.2892,-86.3718,-86.4531,-86.4974,-86.4647,-86.4014,-86.3368,-86.2836,-86.2465,-86.2256,-86.2082,-86.1738,-86.1222,-86.0625,-86.0041,-85.9532,-85.9135,-85.8865,-85.8726,-85.8712,-85.8813,-85.9016,-85.9310,-85.9681,-86.0118,-86.0610,-86.0977,-86.0935,-86.0688,-86.0406,-86.0168,-86.0012,-85.9949,-85.9983,-86.0108,-86.0247,-86.0188,-85.9954,-85.9642,-85.9332,-85.9075,-85.8900,-85.8822,-85.8842,-85.8960,-85.9168,-85.9459,-85.9822,-86.0250,-86.0733,-86.1262,-86.1831,-86.2432,-86.3059,-86.3706,-86.4369,-86.5042,-86.5723,-86.6407,-86.7091,-86.7774,-86.8452,-86.8978,-86.8950,-86.8618,-86.8210,-86.7832,-86.7530,-86.7319,-86.7204,-86.7179,-86.7238,-86.7373,-86.7575,-86.7835,-86.8146,-86.8500,-86.8890,-86.9310,-86.9754,-87.0218,-87.0697,-87.0990,-87.0438,-86.9453,-86.8472,-86.7668,-86.7082,-86.6703,-86.6505,-86.6393,-86.5923,-86.5194,-86.4401,-86.3665,-86.3050,-86.2588,-86.2285,-86.2136,-86.2128,-86.2246,-86.2473,-86.2794,-86.3193,-86.3658,-86.4176,-86.4738,-86.5333,-86.5956,-86.6598,-86.7254,-86.7919,-86.8590,-86.9261,-86.9931,-87.0597,-87.1256,-87.1907,-87.2548,-87.3177,-87.3794,-87.4398,-87.4988,-87.5563,-87.6123,-87.6667,-87.7043,-87.6074,-87.4719,-87.3481,-87.2495,-87.1779,-87.1307,-87.1044,-87.0954,-87.1004,-87.1166,-87.1420,-87.1741,-87.1946,-87.1787,-87.0905,-86.9577,-86.8147,-86.6795,-86.5607,-86.4619,-86.3837,-86.3257,-86.2864,-86.2641,-86.2570,-86.2632,-86.2810,-86.3088,-86.3452,-86.3887,-86.4383,-86.4929,-86.5515,-86.6135,-86.6778,-86.7372,-86.7813,-86.7810,-86.6759,-86.5335,-86.3924,-86.2696,-86.1712,-86.0981,-86.0491,-86.0216,-86.0129,-86.0204,-86.0415,-86.0742,-86.1165,-86.1668,-86.2236,-86.2858,-86.3522,-86.4220,-86.4944,-86.5688,-86.6445,-86.7211,-86.7981,-86.8751,-86.9520,-87.0283,-87.1038,-87.1784,-87.2518,-87.3240,-87.3947,-87.4639,-87.5316,-87.5975,-87.6618,-87.7243,-87.7851,-87.8440,-87.9011,-87.9565,-88.0100,-88.0618,-88.1118,-88.1601,-88.2061,-88.2326,-88.2298,-88.2074,-88.1754,-88.1405,-88.1068,-88.0769,-88.0523,-88.0324,-87.9836,-87.8955,-87.7899,-87.6841,-87.5886,-87.5084,-87.4454,-87.3994,-87.3693,-87.3536,-87.3503,-87.3579,-87.3746,-87.3990,-87.4299,-87.4660,-87.5065,-87.5504,-87.5971,-87.6460,-87.6964,-87.7479,-87.8002,-87.8529,-87.9057,-87.9584,-88.0106,-88.0623,-88.1133,-88.1635,-88.2127,-88.2609,-88.3080,-88.3539,-88.3985,-88.4420,-88.4841,-88.5250,-88.5291,-88.4378,-88.3194,-88.2060,-88.1101,-88.0352,-87.9809,-87.9454,-87.9259,-87.9200,-87.9252,-87.9396,-87.9613,-87.9889,-88.0211,-88.0569,-88.0955,-88.1362,-88.1784,-88.2216,-88.2653,-88.2762,-88.2320,-88.1626,-88.0888,-88.0219,-87.9673,-87.9269,-87.9006,-87.8873,-87.8855,-87.8937,-87.9102,-87.9336,-87.9628,-87.9965,-88.0338,-88.0651,-88.0790,-88.0770,-88.0645,-88.0472,-88.0296,-88.0146,-88.0044,-87.9997,-88.0012,-88.0086,-88.0216,-88.0399,-88.0628,-88.0897,-88.1202,-88.1536,-88.1894,-88.2272,-88.2665,-88.3071,-88.3485,-88.3904,-88.4327,-88.4750,-88.5172,-88.5592,-88.6007,-88.6416,-88.6819,-88.7214,-88.7602,-88.7980,-88.8349,-88.8708,-88.9057,-88.9396,-88.9725,-89.0043,-89.0351,-89.0649,-89.0936,-89.1213,-89.1481,-89.1739,-89.1987,-89.2226,-89.2456,-89.2424,-89.1525,-89.0001,-88.8209,-88.6406,-88.4737,-88.3271,-88.2033,-88.1022,-88.0228,-87.9629,-87.9206,-87.8938,-87.8803,-87.8784,-87.8862,-87.8954,-87.8948,-87.8755,-87.7187,-87.5132,-87.3204,-87.1582,-87.0304,-86.9354,-86.8698,-86.8296,-86.8111,-86.8110,-86.8262,-86.8543,-86.8930,-86.9267,-86.8738,-86.7847,-86.6995,-86.6338,-86.5924,-86.5737,-86.5023,-86.3775,-86.2550,-86.1594,-86.0970,-86.0663,-86.0633,-86.0835,-86.1227,-86.1772,-86.2439,-86.3202,-86.4031,-86.4551,-86.4629,-86.4497,-86.4334,-86.4245,-86.4279,-86.4453,-86.4764,-86.5201,-86.5746,-86.6381,-86.7091,-86.7859,-86.8672,-86.9519,-87.0389,-87.1274,-87.2167,-87.3062,-87.3953,-87.4837,-87.5710,-87.6568,-87.7410,-87.8234,-87.9038,-87.9821,-88.0581,-88.1319,-88.2033,-88.2723,-88.3238,-88.2406,-88.1182,-88.0059,-87.8798,-87.7212,-87.5620,-87.4201,-87.3018,-87.1903,-87.0737,-86.9595,-86.8575,-86.7742,-86.7121,-86.6715,-86.6511,-86.6488,-86.6625,-86.6899,-86.7288,-86.7774,-86.8339,-86.8968,-86.9649,-87.0371,-87.1124,-87.1899,-87.2690,-87.3491,-87.4296,-87.5102,-87.5893,-87.6493,-87.6765,-87.6787,-87.6683,-87.6547,-87.6441,-87.6397,-87.6430,-87.6541,-87.6728,-87.6984,-87.7300,-87.7668,-87.8079,-87.8525,-87.9000,-87.9496,-88.0010,-88.0536,-88.1069,-88.1607,-88.2147,-88.2684,-88.3218,-88.3747,-88.4268,-88.4780,-88.5283,-88.5774,-88.6254,-88.6722,-88.7177,-88.7619,-88.8047,-88.8462,-88.8863,-88.9250,-88.9624,-88.9984,-89.0332,-89.0666,-89.0987,-89.1296,-89.1593,-89.1878,-89.2152,-89.2415,-89.2667,-89.2908,-89.3140,-89.3363,-89.3576,-89.3780,-89.3976,-89.4164,-89.4345,-89.4518,-89.4684,-89.4844,-89.4997,-89.5056,-89.4801,-89.4253,-89.3545,-89.2797,-89.2090,-89.1467,-89.0946,-89.0530,-89.0216,-88.9993,-88.9852,-88.9781,-88.9772,-88.9816,-88.9903,-89.0028,-89.0183,-89.0365,-89.0567,-89.0787,-89.1020,-89.1263,-89.1514,-89.1771,-89.2031,-89.2294,-89.2556,-89.2818,-89.3077,-89.3334,-89.3586,-89.3835,-89.4078,-89.4316,-89.4548,-89.4774,-89.4993,-89.5206,-89.5413,-89.5613,-89.5807,-89.5994,-89.6175,-89.6349,-89.6517,-89.6680,-89.6836,-89.6986,-89.7131,-89.7271,-89.7406,-89.7535,-89.7660,-89.7780,-89.7895,-89.8007,-89.8114,-89.8217,-89.8317,-89.8413,-89.8506,-89.8595,-89.8682,-89.8766,-89.8846,-89.8925,-89.8233,-89.5997,-89.3184,-89.0385,-88.7899,-88.5833,-88.4194,-88.2948,-88.2043,-88.1428,-88.1053,-88.0878,-88.0865,-88.0986,-88.1215,-88.1531,-88.1891,-88.2176,-88.2332,-88.2392,-88.2404,-88.2409,-88.2434,-88.2497,-88.2607,-88.2767,-88.2976,-88.3232,-88.3531,-88.3867,-88.4237,-88.4634,-88.5054,-88.5493,-88.5947,-88.6411,-88.6882,-88.7358,-88.7836,-88.8313,-88.8788,-88.9258,-88.9722,-89.0179,-89.0628,-89.1067,-89.1497,-89.1916,-89.2323,-89.2719,-89.3103,-89.3475,-89.3835,-89.4182,-89.4517,-89.4840,-89.5151,-89.5450,-89.5738,-89.6013,-89.6278,-89.6532,-89.6775,-89.7008,-89.7231,-89.7444,-89.7648,-89.7843,-89.8030,-89.8208,-89.8379,-89.8542,-89.8697,-89.8846,-89.8988,-89.9124,-89.9254,-89.9378,-89.9497,-89.9611,-89.9720,-89.9824,-89.9924,-90.0020,-90.0112,-90.0200,-90.0285,-90.0367,-90.0445,-90.0520,-90.0593,-90.0663,-90.0730,-90.0795,-90.0858,-90.0919,-90.0978,-90.1035,-90.1091,-90.1144,-90.1196,-90.1247,-90.1296,-90.1344,-90.1391,-90.1437,-90.1481,-90.1525,-90.1567,-90.1609,-90.1650,-90.1690,-90.1729,-90.1740,-90.1509,-90.1026,-90.0406,-89.9735,-89.9070,-89.8443,-89.7428,-89.5768,-89.3959,-89.2270,-89.0793,-88.9444,-88.8173,-88.6998,-88.5947,-88.5041,-88.4291,-88.3695,-88.3250,-88.2945,-88.2768,-88.2706,-88.2612,-88.1954,-88.0948,-87.9902,-87.8991,-87.8289,-87.7812,-87.7549,-87.7476,-87.7567,-87.7795,-87.8137,-87.8571,-87.9081,-87.9649,-88.0264,-88.0915,-88.1592,-88.2287,-88.2993,-88.3706,-88.4419,-88.5130,-88.5834,-88.6528,-88.7211,-88.7880,-88.8533,-88.9170,-88.9788,-89.0388,-89.0969,-89.1530,-89.2070,-89.2591,-89.3092,-89.3573,-89.4034,-89.4475,-89.4898,-89.5302,-89.5688,-89.6057,-89.6408,-89.6743,-89.7062,-89.7366,-89.7655,-89.7929,-89.8191,-89.8439,-89.8675,-89.8899,-89.9112,-89.9315,-89.9507,-89.9689,-89.9862,-90.0027,-90.0183,-90.0332,-90.0473,-90.0608,-90.0735,-90.0857,-90.0972,-90.1082,-90.1187,-90.1287,-90.1383,-90.1474,-90.1561,-90.1644,-90.1723,-90.1798,-90.1802,-90.1617,-90.1251,-90.0764,-90.0217,-89.9658,-89.9120,-89.8624,-89.8184,-89.7804,-89.7487,-89.7232,-89.7033,-89.6889,-89.6794,-89.6743,-89.6731,-89.6754,-89.6807,-89.6887,-89.6990,-89.7111,-89.7250,-89.7401,-89.7564,-89.7736,-89.7824,-89.6949,-89.5615,-89.4273,-89.3097,-89.2145,-89.1420,-89.0906,-89.0574,-89.0397,-89.0349,-89.0406,-89.0548,-89.0759,-89.1024,-89.1332,-89.1673,-89.2038,-89.2421,-89.2817,-89.3220,-89.3626,-89.4033,-89.4438,-89.4839,-89.5233,-89.5620,-89.4970,-89.3500,-89.2071,-89.0895,-89.0008,-88.9390,-88.9001,-88.8803,-88.8760,-88.8841,-88.9021,-88.9280,-88.9599,-88.9964,-89.0365,-89.0792,-89.1237,-89.1693,-89.2156,-89.2622,-89.3085,-89.3545,-89.3998,-89.4443,-89.4878,-89.5283,-89.5555,-89.5645,-89.5577,-89.5390,-89.4900,-89.4079,-89.3079,-89.2035,-89.1041,-89.0152,-88.9398,-88.8789,-88.8323,-88.7993,-88.7787,-88.7692,-88.7695,-88.7782,-88.7943,-88.8166,-88.8440,-88.8758,-88.9112,-88.9494,-88.9899,-89.0321,-89.0755,-89.1199,-89.1647,-89.2098,-89.2548,-89.2995,-89.3438,-89.3874,-89.4302,-89.4721,-89.5130,-89.5528,-89.5915,-89.6290,-89.6653,-89.7004,-89.7342,-89.7667,-89.7980,-89.8280,-89.8568,-89.8845,-89.9109,-89.9362,-89.9603,-89.9834,-90.0054,-90.0264,-90.0464,-90.0655,-90.0836,-90.0867,-89.9986,-89.8626,-89.6432,-89.3406,-89.0620,-88.8323,-88.6439,-88.3765,-88.0425,-87.7360,-87.4799,-87.2772,-87.1243,-87.0155,-86.9445,-86.9057,-86.8939,-86.9047,-86.9343,-86.9793,-87.0370,-87.1049,-87.1812,-87.2639,-87.3517,-87.4433,-87.5376,-87.6337,-87.7308,-87.8283,-87.9255,-88.0220,-88.1173,-88.2112,-88.3033,-88.3934,-88.4813,-88.5668,-88.6499,-88.7303,-88.8081,-88.8833,-88.9548,-88.9861,-88.9656,-88.9186,-88.8644,-88.8147,-88.7751,-88.7478,-88.7332,-88.7302,-88.7376,-88.7539,-88.7776,-88.8074,-88.8421,-88.8806,-88.9220,-88.9657,-89.0109,-89.0572,-89.1040,-89.1509,-89.1978,-89.2313,-89.2233,-89.1908,-89.1504,-89.1109,-89.0767,-89.0494,-89.0144,-88.9599,-88.8955,-88.8302,-88.7697,-88.7171,-88.6741,-88.6414,-88.6190,-88.6064,-88.6029,-88.6077,-88.6200,-88.6388,-88.6632,-88.6926,-88.7260,-88.7629,-88.8026,-88.8445,-88.8882,-88.9332,-88.9792,-89.0257,-89.0725,-89.1193,-89.1659,-89.2121,-89.2578,-89.3027,-89.3468,-89.3899,-89.4320,-89.4731,-89.5129,-89.5516,-89.5890,-89.6252,-89.6602,-89.6939,-89.7263,-89.7575,-89.7875,-89.8162,-89.8438,-89.8702,-89.8955,-89.9196,-89.9427,-89.9648,-89.9859,-90.0060,-90.0252,-90.0435,-90.0610,-90.0777,-90.0935,-90.1087,-90.1231,-90.1369,-90.1500,-90.1625,-90.1744,-90.1857,-90.1966,-90.2069,-90.2075,-90.1409,-90.0293,-89.9076,-89.7939,-89.6958,-89.6156,-89.5528,-89.5059,-89.4730,-89.4522,-89.4415,-89.4392,-89.4441,-89.4547,-89.4700,-89.4890,-89.5111,-89.5356,-89.5619,-89.5895,-89.6180,-89.6472,-89.6767,-89.7063,-89.7358,-89.7650,-89.7938,-89.8222,-89.8499,-89.8770,-89.9033,-89.9288,-89.9536,-89.9775,-90.0006,-90.0229,-90.0443,-90.0649,-90.0847,-90.1036,-90.1218,-90.1392,-90.1558,-90.1718,-90.1870,-90.2015,-90.2154,-90.2286,-90.2413,-90.2533,-90.2649,-90.2758,-90.2863,-90.2964,-90.3059,-90.3150,-90.3238,-90.3321,-90.3400,-90.3477,-90.3549,-90.3619,-90.3686,-90.3750,-90.3811,-90.3870,-90.3926,-90.3981,-90.4033,-90.4083,-90.4131,-90.4178,-90.4223,-90.4266,-90.4308,-90.4349,-90.4388,-90.4426,-90.4463,-90.4499,-90.4534,-90.4568,-90.4601,-90.4633,-90.4664,-90.4695,-90.4725,-90.4754,-90.4783,-90.4811,-90.4838,-90.4865,-90.4892,-90.4918,-90.4944,-90.4969,-90.4993,-90.5018,-90.5042,-90.5066,-90.5089,-90.5112,-90.5135,-90.5157,-90.5179,-90.5201,-90.5223,-90.5245,-90.5266,-90.5287,-90.5308,-90.5329,-90.5349,-90.5370,-90.5390,-90.5410,-90.5430,-90.5450,-90.5469,-90.5489,-90.4472,-90.2643,-90.0870,-89.9369,-89.8174,-89.7231,-89.6361,-89.5485,-89.4635,-89.3862,-89.3197,-89.2657,-89.2243,-89.1952,-89.1773,-89.1695,-89.1706,-89.1796,-89.1952,-89.2164,-89.2425,-89.2725,-89.3057,-89.3415,-89.3793,-89.4187,-89.4591,-89.4946,-89.4655,-89.3942,-89.3163,-89.2469,-89.1891,-89.0228,-88.8137,-88.6256,-88.4745,-88.3620,-88.2846,-88.2374,-88.2156,-88.2145,-88.2304,-88.2543,-88.2514,-88.2286,-88.2024,-88.1814,-88.1688,-88.1187,-88.0263,-87.9242,-87.8312,-87.7253,-87.5058,-87.2865,-87.1067,-86.9742,-86.8865,-86.8358,-86.7958,-86.7580,-86.7282,-86.7106,-86.7070,-86.7180,-86.7431,-86.7813,-86.8313,-86.8917,-86.9611,-87.0382,-87.1215,-87.1812,-87.1935,-87.1813,-87.1602,-87.1018,-87.0047,-86.9001,-86.8104,-86.7456,-86.7084,-86.6975,-86.7097,-86.7419,-86.7781,-86.7701,-86.7287,-86.6638,-86.5900,-86.5212,-86.4667,-86.4310,-86.4156,-86.4199,-86.4423,-86.4810,-86.5337,-86.5983,-86.6729,-86.7558,-86.8438,-86.8743,-86.8532,-86.8246,-86.8069,-86.8060,-86.8225,-86.8551,-86.9016,-86.9599,-87.0282,-87.1044,-87.1869,-87.2744,-87.3656,-87.4594,-87.5539,-87.6260,-87.6618,-87.6654,-87.5618,-87.3654,-87.1444,-86.9355,-86.7555,-86.6104,-86.5007,-86.4245,-86.3785,-86.3593,-86.3631,-86.3865,-86.4266,-86.4805,-86.5458,-86.6205,-86.7028,-86.7910,-86.8839,-86.9804,-87.0793,-87.1799,-87.2814,-87.3832,-87.4847,-87.5855,-87.6852,-87.7834,-87.8799,-87.9744,-88.0667,-88.1566,-88.2441,-88.3290,-88.4113,-88.4908,-88.5676,-88.6416,-88.7129,-88.7814,-88.8473,-88.9104,-88.9710,-89.0289,-89.0844,-89.1374,-89.1880,-89.2363,-89.2824,-89.3264,-89.3682,-89.4081,-89.4461,-89.4823,-89.5166,-89.5494,-89.5805,-89.6101,-89.6382,-89.6650,-89.6905,-89.7147,-89.7377,-89.7596,-89.6860,-89.5234,-89.3630,-89.2277,-89.1217,-89.0430,-88.9878,-88.9523,-88.9329,-88.9266,-88.9308,-88.9434,-88.9627,-88.9563,-88.8876,-88.7905,-88.6925,-88.6082,-88.5429,-88.4975,-88.4706,-88.4598,-88.4627,-88.4769,-88.4881,-88.4359,-88.3556,-88.2745,-88.2044,-88.1186,-87.9753,-87.8200,-87.6754,-87.5417,-87.4199,-87.3133,-87.2248,-87.1556,-87.1059,-87.0748,-87.0610,-87.0629,-87.0786,-87.1064,-87.1447,-87.1920,-87.2469,-87.3080,-87.3743,-87.4448,-87.5186,-87.5948,-87.6729,-87.7522,-87.8322,-87.9124,-87.9924,-88.0719,-88.1506,-88.2282,-88.3045,-88.3793,-88.4525,-88.5240,-88.5936,-88.6612,-88.7269,-88.7905,-88.8520,-88.9114,-88.9688,-89.0240,-89.0772,-89.1283,-89.1774,-89.2245,-89.2697,-89.3130,-89.3545,-89.3941,-89.4320,-89.4683,-89.5029,-89.5359,-89.5675,-89.5976,-89.6263,-89.6537,-89.6798,-89.7048,-89.7285,-89.7511,-89.7727,-89.7933,-89.8130,-89.8317,-89.8496,-89.8665,-89.8115,-89.6842,-89.5439,-89.4153,-89.3076,-89.2227,-89.1574,-89.0690,-88.9503,-88.8239,-88.7060,-88.6051,-88.5247,-88.4652,-88.4251,-88.4026,-88.3952,-88.4008,-88.4058,-88.3549,-88.2664,-88.1718,-88.0892,-88.0263,-87.9849,-87.9640,-87.9611,-87.9737,-87.9991,-88.0350,-88.0794,-88.1304,-88.1867,-88.2470,-88.3101,-88.3754,-88.4419,-88.5092,-88.5767,-88.6439,-88.7106,-88.7763,-88.8409,-88.9042,-88.9660,-89.0262,-89.0846,-89.1412,-89.1960,-89.2489,-89.2803,-89.2554,-89.2032,-89.1454,-89.0922,-89.0475,-89.0127,-88.9879,-88.9726,-88.9659,-88.9668,-88.9746,-88.9882,-89.0068,-89.0296,-89.0559,-89.0851,-89.1166,-89.1499,-89.1846,-89.2202,-89.2566,-89.2933,-89.3302,-89.3670,-89.4035,-89.4396,-89.4752,-89.5101,-89.5443,-89.5777,-89.6102,-89.6418,-89.6725,-89.7022,-89.7309,-89.7586,-89.7853,-89.8111,-89.8359,-89.8597,-89.8826,-89.9046,-89.9257,-89.9317,-89.8467,-89.7139,-89.5794,-89.4628,-89.3695,-89.2989,-89.2485,-89.2151,-89.1960,-89.1886,-89.1906,-89.2005,-89.2165,-89.2375,-89.2625,-89.2906,-89.3211,-89.3533,-89.3868,-89.4160,-89.4151,-89.3801,-89.3257,-89.2661,-89.2106,-89.1638,-89.1276,-89.1023,-89.0873,-89.0815,-89.0837,-89.0929,-89.1080,-89.1279,-89.1519,-89.1793,-89.2092,-89.2413,-89.2750,-89.3100,-89.3299,-89.2830,-89.2012,-89.1117,-89.0288,-88.9558,-88.8843,-88.8114,-88.7404,-88.6755,-88.6194,-88.5738,-88.5393,-88.5156,-88.5024,-88.4988,-88.5038,-88.5165,-88.5359,-88.5612,-88.5915,-88.6261,-88.6642,-88.7051,-88.7484,-88.7936,-88.8401,-88.8875,-88.9356,-88.9840,-89.0325,-89.0808,-89.1287,-89.1761,-89.2227,-89.2685,-89.3134,-89.3573,-89.4000,-89.4416,-89.4820,-89.5212,-89.5591,-89.5957,-89.6311,-89.6652,-89.6980,-89.7296,-89.7600,-89.7891,-89.8171,-89.8438,-89.8695,-89.8941,-89.9176,-89.9401,-89.9616,-89.9821,-90.0017,-90.0205,-90.0384,-90.0555,-90.0718,-90.0834,-90.0460,-89.9180,-89.6525,-89.3404,-89.0357,-88.7622,-88.5290,-88.3378,-88.1864,-88.0712,-87.9878,-87.8686,-87.6637,-87.4697,-87.3128,-87.1976,-87.1213,-87.0788,-87.0650,-87.0748,-87.1039,-87.1486,-87.2058,-87.2729,-87.3479,-87.4288,-87.5106,-87.5826,-87.6406,-87.6875,-87.7277,-87.7655,-87.8035,-87.8436,-87.8867,-87.9332,-87.9832,-88.0362,-88.0921,-88.1504,-88.2106,-88.2723,-88.3351,-88.3986,-88.4625,-88.5265,-88.5902,-88.6535,-88.7161,-88.7778,-88.8379,-88.8775,-88.8649,-88.7656,-88.6185,-88.4604,-88.3129,-88.1866,-88.0856,-88.0103,-87.9589,-87.9290,-87.9177,-87.9224,-87.9406,-87.9698,-88.0082,-88.0541,-88.1059,-88.1625,-88.2215,-88.2624,-88.2744,-88.2676,-88.2533,-88.2396,-88.2312,-88.2303,-88.2297,-88.1451,-88.0202,-87.8997,-87.8012,-87.7300,-87.6857,-87.6657,-87.6667,-87.6853,-87.7183,-87.7628,-87.8166,-87.8777,-87.9443,-88.0152,-88.0890,-88.1650,-88.2422,-88.3200,-88.3978,-88.4752,-88.5518,-88.6272,-88.7012,-88.7737,-88.8443,-88.9130,-88.9796,-89.0441,-89.1065,-89.1667,-89.2246,-89.2803,-89.3339,-89.3852,-89.4283,-89.4505,-89.4520,-89.4387,-89.4169,-89.3917,-89.3671,-89.3453,-89.3279,-89.3156,-89.3085,-89.3066,-89.3096,-89.3170,-89.3285,-89.3434,-89.3613,-89.3817,-89.4043,-89.4287,-89.4545,-89.4814,-89.5091,-89.5375,-89.5662,-89.5951,-89.6240,-89.6528,-89.6813,-89.7095,-89.7373,-89.7645,-89.7912,-89.8173,-89.8427,-89.8674,-89.8913,-89.9146,-89.9371,-89.9588,-89.9798,-90.0000,-90.0194,-90.0382,-90.0562,-90.0735,-90.0902,-90.1061,-90.1215,-90.1361,-90.1502,-90.1637,-90.1767,-90.1891,-90.2010,-90.2124,-90.2233,-90.2337,-90.2438,-90.2534,-90.2626,-90.2715,-90.2800,-90.2882,-90.2960,-90.3033,-90.2925,-90.2478,-90.1799,-90.0932,-89.9856,-89.8648,-89.7401,-89.6193,-89.5077,-89.4087,-89.3237,-89.2531,-89.1966,-89.1535,-89.1186,-89.0282,-88.8919,-88.7527,-88.6303,-88.5318,-88.4582,-88.4078,-88.3781,-88.3662,-88.3683,-88.3500,-88.2960,-88.2259,-88.1562,-88.0971,-88.0535,-88.0269,-88.0169,-88.0220,-88.0403,-88.0701,-88.1093,-88.1563,-88.2096,-88.2678,-88.3298,-88.3947,-88.4616,-88.5299,-88.5988,-88.6679,-88.7368,-88.8052,-88.8726,-88.9389,-89.0038,-89.0672,-89.1290,-89.1890,-89.2471,-89.3034,-89.3576,-89.4100,-89.4603,-89.5087,-89.5551,-89.5996,-89.6422,-89.6830,-89.7219,-89.7446,-89.7207,-89.6651,-89.5976,-89.5308,-89.4712,-89.4219,-89.3839,-89.3569,-89.3399,-89.3207,-89.1757,-88.9959,-88.8337,-88.7028,-88.6044,-88.5358,-88.4926,-88.4707,-88.4663,-88.4761,-88.4974,-88.5277,-88.5654,-88.6086,-88.6563,-88.7072,-88.7605,-88.8154,-88.8713,-88.9277,-88.9842,-89.0405,-89.0961,-89.1509,-89.2046,-89.2572,-89.3084,-89.3582,-89.4026,-89.4189,-89.4016,-89.3629,-89.3153,-89.2681,-89.2265,-89.1931,-89.1689,-89.1537,-89.1389,-89.1040,-89.0481,-88.9823,-88.9174,-88.8601,-88.8140,-88.7804,-88.7588,-88.7486,-88.7484,-88.7569,-88.7730,-88.7954,-88.8232,-88.8553,-88.8911,-88.9297,-88.9706,-89.0132,-89.0571,-89.1019,-89.1472,-89.1927,-89.2382,-89.2834,-89.3281,-89.3722,-89.4156,-89.4580,-89.4995,-89.5399,-89.5792,-89.6173,-89.6542,-89.6899,-89.7243,-89.7575,-89.7894,-89.8201,-89.8496,-89.8779,-89.9050,-89.9309,-89.9557,-89.9795,-90.0022,-90.0238,-90.0445,-90.0642,-90.0831,-90.1010,-90.1181,-90.1345,-90.1500,-90.1649,-90.1791,-90.1926,-90.2054,-90.2177,-90.2294,-90.2406,-90.2513,-90.2615,-90.2713,-90.2806,-90.2896,-90.2981,-90.3063,-90.3142,-90.3217,-90.3290,-90.3359,-90.3426,-90.3490,-90.3553,-90.3612,-90.3670,-90.3726,-90.3780,-90.3832,-90.3882,-90.3931,-90.3979,-90.4025,-90.4069,-90.3997,-90.3509,-90.2705,-90.1756,-90.0786,-89.9876,-89.9066,-89.8377,-89.7810,-89.7362,-89.7023,-89.6781,-89.6625,-89.6542,-89.6523,-89.5892,-89.4155,-89.2401,-89.0921,-88.9772,-88.8935,-88.8371,-88.8035,-88.7887,-88.7890,-88.8016,-88.8239,-88.8539,-88.8900,-88.9308,-88.9752,-89.0221,-89.0709,-89.1209,-89.1716,-89.2225,-89.2733,-89.3236,-89.3733,-89.4220,-89.4614,-89.4498,-89.4020,-89.3393,-89.2752,-89.2173,-89.1695,-89.1333,-89.1090,-89.0957,-89.0925,-89.0981,-89.1112,-89.1307,-89.1554,-89.1844,-89.2168,-89.2519,-89.2891,-89.3277,-89.3674,-89.4077,-89.4483,-89.4889,-89.5292,-89.5691,-89.6084,-89.6470,-89.6847,-89.7215,-89.7572,-89.7919,-89.8255,-89.8579,-89.8892,-89.9194,-89.9484,-89.9762,-90.0011,-89.9694,-89.8754,-89.6856,-89.4587,-89.2391,-89.0458,-88.8858,-88.7596,-88.6649,-88.5983,-88.5559,-88.5340,-88.5292,-88.5387,-88.5598,-88.5903,-88.6284,-88.6615,-88.5678,-88.4370,-88.3210,-88.2335,-88.1758,-88.1451,-88.1375,-88.1488,-88.1754,-88.2142,-88.2625,-88.3181,-88.3793,-88.4447,-88.5129,-88.5830,-88.6542,-88.7259,-88.7974,-88.8683,-88.9383,-89.0071,-89.0744,-89.1400,-89.2038,-89.2627,-89.2949,-89.2934,-89.2696,-89.2366,-89.2038,-89.1766,-89.1576,-89.1474,-89.1460,-89.1525,-89.1658,-89.1851,-89.2094,-89.2376,-89.2692,-89.3033,-89.3086,-89.1939,-89.0048,-88.7968,-88.6003,-88.4300,-88.2912,-88.1846,-88.1081,-88.0585,-88.0323,-88.0260,-88.0364,-88.0606,-88.0962,-88.1410,-88.1931,-88.2511,-88.3135,-88.3793,-88.4476,-88.5175,-88.5884,-88.6597,-88.7308,-88.8015,-88.8713,-88.9401,-89.0074,-89.0732,-89.1373,-89.1996,-89.2600,-89.3184,-89.3748,-89.4292,-89.4814,-89.5316,-89.5798,-89.6259,-89.6700,-89.7122,-89.7525,-89.7909,-89.8276,-89.8625,-89.8957,-89.9222,-89.9094,-89.8592,-89.7886,-89.7116,-89.6376,-89.5716,-89.5161,-89.4721,-89.4391,-89.4164,-89.4031,-89.3978,-89.3996,-89.4074,-89.4202,-89.4371,-89.4575,-89.4807,-89.5061,-89.5332,-89.5616,-89.5910,-89.6210,-89.6514,-89.6820,-89.7125,-89.7428,-89.7728,-89.8023,-89.8312,-89.8595,-89.8871,-89.9140,-89.9401,-89.9653,-89.9898,-90.0134,-90.0362,-90.0581,-90.0792,-90.0994,-90.1189,-90.1375,-90.1554,-90.1725,-90.1889,-90.2046,-90.2196,-90.2340,-90.2477,-90.2608,-90.2733,-90.2853,-90.2968,-90.3077,-90.3182,-90.3282,-90.3378,-90.3469,-90.3557,-90.3641,-90.3719,-90.3641,-90.3207,-90.2485,-90.1613,-90.0709,-89.9847,-89.9070,-89.8400,-89.7841,-89.7391,-89.7043,-89.6784,-89.6358,-89.5620,-89.4770,-89.3941,-89.3198,-89.2569,-89.2062,-89.1677,-89.1406,-89.1240,-89.1168,-89.1098,-89.0810,-89.0303,-88.9688,-88.9066,-88.8506,-88.8047,-88.7706,-88.7485,-88.7379,-88.7377,-88.7470,-88.7644,-88.7888,-88.8191,-88.8542,-88.8934,-88.9359,-88.9809,-89.0279,-89.0762,-89.1256,-89.1755,-89.2257,-89.2758,-89.3257,-89.3749,-89.4235,-89.4712,-89.4613,-89.3354,-89.1971,-89.0782,-88.9866,-88.9220,-88.8812,-88.8606,-88.8534,-88.8354,-88.8032,-88.7657,-88.7299,-88.7000,-88.6782,-88.6001,-88.4181,-88.2397,-88.0934,-87.9843,-87.9103,-87.8670,-87.8493,-87.8529,-87.8738,-87.9087,-87.9548,-88.0097,-88.0715,-88.1387,-88.2098,-88.2839,-88.3599,-88.4371,-88.5147,-88.5924,-88.6696,-88.7459,-88.8210,-88.8947,-88.9668,-89.0370,-89.1053,-89.1716,-89.2357,-89.2976,-89.3572,-89.4147,-89.4699,-89.5229,-89.5737,-89.6223,-89.6687,-89.7131,-89.7555,-89.7959,-89.8344,-89.8711,-89.9059,-89.9391,-89.9706,-90.0005,-90.0289,-90.0558,-90.0814,-90.1057,-90.1287,-90.1505,-90.1712,-90.1908,-90.2093,-90.2270,-90.2437,-90.2595,-90.2745,-90.2887,-90.3023,-90.3151,-90.3273,-90.3388,-90.3498,-90.3603,-90.3702,-90.3797,-90.3887,-90.3973,-90.4054,-90.4119,-90.2847,-90.1004,-89.9279,-89.7843,-89.6717,-89.5872,-89.5269,-89.4865,-89.4625,-89.4518,-89.4516,-89.4600,-89.4751,-89.4956,-89.5203,-89.5482,-89.5785,-89.6106,-89.6439,-89.6780,-89.7126,-89.7420,-89.7528,-89.7447,-89.7233,-89.6948,-89.6642,-89.6351,-89.6100,-89.5901,-89.5759,-89.5677,-89.5651,-89.5678,-89.5753,-89.5869,-89.6023,-89.6070,-89.5549,-89.4624,-89.3597,-89.2652,-89.1872,-89.1282,-89.0874,-89.0629,-89.0527,-89.0543,-89.0658,-89.0854,-89.1116,-89.1431,-89.1788,-89.2177,-89.2591,-89.3023,-89.3467,-89.3919,-89.4375,-89.4830,-89.5284,-89.5732,-89.6173,-89.6606,-89.7029,-89.7442,-89.7842,-89.8230,-89.8606,-89.8968,-89.9317,-89.9653,-89.9976,-90.0285,-90.0581,-90.0864,-90.1135,-90.1394,-90.1641,-90.1876,-90.2100,-90.2313,-90.2516,-90.2709,-90.2893,-90.3067,-90.3233,-90.3391,-90.3540,-90.3683,-90.3818,-90.3946,-90.4065,-90.3950,-90.3352,-90.2468,-90.1505,-90.0585,-89.9770,-89.9082,-89.8525,-89.8092,-89.7772,-89.7552,-89.7418,-89.7359,-89.7362,-89.7418,-89.7519,-89.7657,-89.7824,-89.8016,-89.8228,-89.8455,-89.8693,-89.8940,-89.9192,-89.9448,-89.9705,-89.9962,-90.0217,-90.0469,-90.0717,-90.0960,-90.1198,-90.1430,-90.1655,-90.1057,-89.9569,-89.8073,-89.6797,-89.5788,-89.5033,-89.4501,-89.4157,-89.3967,-89.3906,-89.3947,-89.4071,-89.4262,-89.4506,-89.4791,-89.5073,-89.5048,-89.4715,-89.4239,-89.3735,-89.3274,-89.2894,-89.2611,-89.2429,-89.2345,-89.2350,-89.2434,-89.2588,-89.2800,-89.3061,-89.3363,-89.3698,-89.4058,-89.4437,-89.4831,-89.5235,-89.5645,-89.6058,-89.6470,-89.6880,-89.7286,-89.7617,-89.6544,-89.4966,-89.3105,-89.1194,-88.9474,-88.8034,-88.6891,-88.6025,-88.5411,-88.5015,-88.4808,-88.4763,-88.4854,-88.5059,-88.5318,-88.5295,-88.4972,-88.4491,-88.3889,-88.3190,-88.2466,-88.1793,-88.1221,-88.0776,-88.0098,-87.8951,-87.7703,-87.6566,-87.5616,-87.4786,-87.4035,-87.3379,-87.2845,-87.2453,-87.2210,-87.2118,-87.2167,-87.2347,-87.2645,-87.3047,-87.3539,-87.4109,-87.4744,-87.5433,-87.6166,-87.6934,-87.7729,-87.8545,-87.9375,-88.0213,-88.1055,-88.1897,-88.2734,-88.3560,-88.4304,-88.4873,-88.5267,-88.5372,-88.4797,-88.3766,-88.2608,-88.1525,-88.0614,-87.9907,-87.9406,-87.9095,-87.8953,-87.8957,-87.9088,-87.9326,-87.9654,-88.0057,-88.0522,-88.1037,-88.1594,-88.2005,-88.1666,-88.0962,-88.0240,-87.9651,-87.9250,-87.9043,-87.9015,-87.8961,-87.8644,-87.8231,-87.7853,-87.7569,-87.7403,-87.7361,-87.7437,-87.7623,-87.7907,-87.8277,-87.8722,-87.9229,-87.9789,-88.0392,-88.1030,-88.1693,-88.2377,-88.3074,-88.3779,-88.4487,-88.5195,-88.5900,-88.6597,-88.7285,-88.7961,-88.8623,-88.9271,-88.9902,-89.0516,-89.1113,-89.1683,-89.2041,-89.2025,-89.1726,-89.1281,-89.0798,-89.0348,-88.9969,-88.9461,-88.8513,-88.7421,-88.6384,-88.5486,-88.4757,-88.4197,-88.3798,-88.3546,-88.3426,-88.3421,-88.3516,-88.3697,-88.3953,-88.4270,-88.4640,-88.5052,-88.5498,-88.5973,-88.6104,-88.4991,-88.3683,-88.2557,-88.1709,-88.1143,-88.0828,-88.0727,-88.0800,-88.1016,-88.1344,-88.1762,-88.2249,-88.2789,-88.3369,-88.3977,-88.4605,-88.5246,-88.5892,-88.6539,-88.7183,-88.7806,-88.7864,-88.7363,-88.6748,-88.6208,-88.5802,-88.5539,-88.5410,-88.5400,-88.5493,-88.5193,-88.4004,-88.2663,-88.1500,-88.0617,-88.0020,-87.9682,-87.9563,-87.9627,-87.9839,-88.0170,-88.0199,-87.9561,-87.8725,-87.7967,-87.7395,-87.7041,-87.6898,-87.6943,-87.7149,-87.7489,-87.7937,-87.8472,-87.9076,-87.9732,-88.0427,-88.1150,-88.1472,-88.1072,-88.0431,-87.9824,-87.9366,-87.9096,-87.9013,-87.9098,-87.9328,-87.9677,-88.0124,-88.0647,-88.1229,-88.1858,-88.2519,-88.3203,-88.3903,-88.4610,-88.5319,-88.6026,-88.6727,-88.7417,-88.8096,-88.8760,-88.9407,-89.0038,-89.0650,-89.1242,-89.1815,-89.2368,-89.2901,-89.3413,-89.3905,-89.4378,-89.4830,-89.5264,-89.5678,-89.6075,-89.6453,-89.6815,-89.7159,-89.7488,-89.7801,-89.8099,-89.8383,-89.8653,-89.8911,-89.9156,-89.9388,-89.9610,-89.9821,-90.0021,-90.0161,-89.9935,-89.9391,-89.8697,-89.7969,-89.7279,-89.6664,-89.6145,-89.5725,-89.5403
6,-86.0000,-85.5189,-85.6703,-85.9593,-86.2814,-86.6056,-86.9205,-87.2222,-87.5092,-87.7812,-88.0385,-88.2816,-88.5110,-88.7272,-88.9308,-89.1224,-89.3025,-89.4716,-89.6303,-89.7790,-89.9183,-90.0486,-90.1703,-90.2841,-90.3902,-90.4891,-90.5813,-90.6672,-90.7471,-90.8213,-90.8904,-90.9545,-91.0140,-91.0693,-91.1205,-91.1681,-91.2121,-91.2529,-91.2907,-91.3257,-91.3581,-91.3881,-91.4104,-91.2820,-91.0664,-90.8446,-90.6449,-90.4757,-90.3177,-90.1515,-89.9833,-89.8226,-89.6762,-89.5479,-89.4394,-89.3509,-89.2819,-89.2312,-89.1974,-89.1789,-89.1741,-89.1815,-89.1997,-89.2273,-89.2630,-89.3057,-89.3543,-89.4078,-89.4654,-89.5257,-89.4819,-89.3411,-89.1839,-89.0417,-88.9259,-88.8387,-88.7792,-88.7447,-88.7320,-88.7381,-88.7600,-88.7951,-88.8412,-88.8963,-88.9586,-89.0266,-89.0990,-89.1748,-89.2530,-89.3327,-89.4134,-89.4943,-89.5750,-89.6551,-89.7342,-89.8119,-89.8881,-89.9625,-90.0350,-90.1054,-90.1735,-90.2395,-90.3031,-90.3643,-90.4232,-90.4797,-90.5338,-90.5857,-90.6352,-90.6825,-90.7276,-90.7705,-90.8114,-90.8501,-90.8513,-90.7635,-90.6272,-90.4809,-90.3067,-90.0606,-89.7393,-89.2524,-88.7292,-88.2342,-87.7934,-87.4158,-87.1021,-86.8490,-86.6514,-86.5035,-86.3994,-86.3336,-86.3012,-86.2977,-86.3189,-86.3615,-86.4223,-86.4986,-86.5880,-86.6884,-86.7980,-86.9152,-87.0386,-87.1668,-87.2987,-87.4333,-87.5698,-87.7074,-87.8352,-87.8834,-87.8676,-87.8283,-87.7884,-87.7590,-87.7451,-87.7481,-87.7675,-87.8022,-87.8504,-87.9104,-87.9802,-88.0583,-88.1431,-88.2332,-88.3276,-88.4250,-88.5245,-88.6255,-88.7270,-88.8287,-88.9298,-89.0300,-89.1288,-89.2260,-89.3212,-89.4143,-89.5049,-89.5930,-89.6784,-89.7611,-89.8409,-89.9178,-89.9919,-90.0630,-90.1313,-90.1966,-90.2592,-90.3190,-90.3760,-90.4304,-90.4822,-90.5316,-90.5785,-90.6230,-90.6653,-90.7054,-90.7435,-90.7795,-90.8137,-90.8460,-90.8766,-90.9055,-90.9329,-90.9587,-90.9831,-91.0062,-91.0280,-91.0486,-91.0680,-91.0864,-91.1037,-91.1200,-91.1355,-91.1501,-91.1638,-91.1768,-91.1891,-91.2007,-91.2117,-91.2221,-91.2319,-91.2412,-91.2499,-91.2583,-91.2661,-91.2736,-91.2807,-91.2874,-91.2938,-91.2999,-91.3057,-91.3112,-91.3164,-91.3214,-91.3262,-91.3307,-91.3351,-91.3392,-91.3432,-91.3471,-91.3507,-91.3543,-91.3577,-91.3609,-91.3641,-91.3671,-91.3700,-91.3729,-91.3756,-91.3783,-91.3809,-91.3834,-91.3858,-91.3882,-91.3905,-91.3928,-91.3950,-91.3971,-91.3992,-91.4012,-91.4033,-91.4052,-91.4072,-91.4091,-91.4109,-91.4128,-91.4146,-91.4163,-91.4181,-91.4198,-91.4215,-91.4232,-91.4248,-91.4265,-91.4281,-91.4297,-91.4313,-91.4328,-91.4344,-91.4359,-91.4374,-91.4389,-91.4404,-91.4419,-91.4433,-91.4448,-91.4462,-91.4477,-91.4491,-91.4505,-91.4519,-91.4533,-91.4546,-91.4560,-91.4574,-91.4587,-91.4542,-91.3676,-91.2141,-91.0218,-90.7037,-90.3311,-89.9692,-89.6467,-89.3734,-89.1497,-88.9722,-88.8358,-88.7354,-88.6659,-88.6228,-88.6023,-88.6009,-88.6157,-88.6439,-88.6835,-88.7325,-88.7893,-88.8523,-88.9205,-88.9925,-89.0638,-89.0655,-88.9925,-88.8894,-88.7865,-88.6987,-88.6316,-88.5862,-88.5613,-88.5548,-88.5644,-88.5879,-88.6232,-88.6684,-88.7219,-88.7821,-88.8477,-88.9178,-88.9912,-89.0671,-89.1448,-89.2236,-89.3029,-89.3822,-89.4612,-89.5394,-89.6166,-89.6924,-89.7270,-89.6026,-89.4289,-89.2609,-89.1178,-89.0049,-88.9217,-88.8656,-88.8329,-88.8203,-88.8246,-88.8428,-88.8726,-88.9119,-88.9588,-89.0120,-89.0700,-89.1318,-89.1964,-89.2631,-89.3312,-89.4000,-89.4691,-89.5381,-89.6067,-89.6744,-89.7410,-89.8064,-89.8703,-89.9327,-89.9933,-90.0522,-90.1092,-90.1643,-90.2174,-90.2687,-90.3179,-90.3652,-90.4107,-90.4542,-90.4958,-90.5356,-90.5737,-90.6100,-90.6447,-90.6777,-90.7091,-90.7391,-90.7675,-90.7946,-90.8204,-90.8448,-90.8681,-90.8901,-90.9111,-90.9310,-90.9498,-90.9640,-90.9602,-90.9310,-90.8798,-90.8140,-90.7406,-90.6655,-90.5925,-90.5243,-90.4625,-90.4078,-90.3607,-90.3212,-90.2890,-90.2638,-90.2452,-90.2328,-90.2261,-90.2245,-90.2276,-90.2349,-90.2460,-90.2605,-90.2779,-90.2978,-90.3200,-90.3247,-90.2572,-90.1386,-89.9981,-89.8558,-89.7240,-89.6092,-89.5140,-89.4388,-89.3827,-89.3442,-89.3213,-89.3122,-89.3150,-89.3281,-89.3500,-89.3791,-89.4145,-89.4549,-89.4993,-89.5471,-89.5975,-89.6497,-89.7033,-89.7578,-89.8128,-89.8678,-89.9226,-89.9770,-90.0307,-90.0834,-90.1351,-90.1856,-90.2349,-90.2827,-90.3291,-90.3740,-90.4173,-90.4592,-90.4994,-90.5382,-90.5753,-90.6110,-90.6452,-90.6778,-90.7091,-90.7390,-90.7675,-90.7946,-90.8206,-90.8452,-90.8688,-90.8911,-90.9054,-90.8663,-90.7800,-90.6713,-90.5564,-90.4451,-90.3424,-90.2511,-90.1724,-90.1064,-90.0529,-90.0111,-89.9801,-89.9591,-89.9471,-89.9431,-89.9463,-89.9558,-89.9658,-89.8602,-89.6712,-89.4309,-89.1485,-88.8580,-88.5855,-88.3451,-88.1428,-87.9795,-87.8533,-87.7612,-87.6996,-87.6646,-87.6530,-87.6614,-87.6870,-87.7272,-87.7797,-87.8426,-87.9140,-87.9000,-87.7607,-87.6067,-87.4733,-87.3664,-87.1700,-86.9241,-86.6947,-86.5049,-86.3605,-86.2601,-86.1996,-86.1740,-86.1786,-86.2086,-86.2602,-86.3250,-86.3420,-86.2612,-86.1137,-85.9416,-85.7743,-85.6280,-85.5107,-85.4250,-85.3703,-85.3450,-85.3462,-85.3712,-85.4170,-85.4809,-85.5606,-85.6536,-85.7580,-85.8720,-85.9939,-86.1225,-86.2563,-86.3943,-86.5354,-86.6788,-86.8236,-86.9690,-87.1145,-87.2595,-87.4033,-87.5456,-87.6860,-87.8240,-87.9593,-88.0917,-88.2210,-88.3469,-88.4692,-88.5879,-88.7029,-88.8140,-88.9197,-88.9924,-89.0087,-88.9824,-88.9337,-88.8777,-88.8236,-88.7764,-88.7386,-88.7112,-88.6943,-88.6875,-88.6900,-88.7011,-88.7199,-88.7456,-88.7773,-88.8142,-88.8557,-88.9011,-88.9498,-89.0012,-89.0548,-89.1102,-89.1670,-89.2247,-89.2830,-89.3416,-89.4002,-89.4586,-89.5165,-89.5738,-89.6302,-89.6857,-89.7400,-89.7931,-89.8449,-89.8953,-89.9442,-89.9917,-90.0376,-90.0819,-90.1247,-90.1493,-90.1104,-90.0163,-89.8942,-89.7653,-89.6428,-89.5332,-89.4396,-89.3624,-89.3012,-89.2547,-89.2216,-89.2005,-89.1900,-89.1888,-89.1958,-89.2098,-89.2299,-89.2553,-89.2852,-89.3188,-89.3556,-89.3951,-89.4366,-89.4799,-89.5243,-89.5698,-89.6158,-89.6621,-89.7084,-89.7546,-89.7978,-89.7692,-89.6618,-89.5261,-89.3908,-89.2691,-89.1660,-89.0832,-89.0200,-88.9752,-88.9468,-88.9329,-88.9317,-88.9414,-88.9604,-88.9873,-89.0209,-89.0600,-89.1037,-89.1512,-89.2015,-89.2542,-89.3081,-89.3532,-89.3747,-89.3706,-89.3477,-89.3142,-89.2737,-89.1714,-88.9964,-88.7968,-88.6043,-88.4335,-88.2897,-88.1736,-88.0841,-88.0191,-87.9761,-87.9527,-87.9466,-87.9555,-87.9776,-88.0110,-88.0543,-88.1059,-88.1645,-88.2292,-88.2987,-88.3724,-88.4492,-88.5285,-88.6096,-88.6920,-88.7751,-88.8584,-88.9416,-89.0242,-89.1060,-89.1867,-89.2659,-89.3436,-89.4066,-89.4185,-89.3812,-89.3153,-89.2389,-89.1643,-89.0983,-89.0445,-89.0039,-88.9766,-88.9619,-88.9588,-88.9659,-88.9822,-89.0063,-89.0373,-89.0678,-88.9945,-88.8517,-88.6963,-88.5544,-88.4367,-88.3459,-88.2813,-88.2408,-88.2214,-88.2204,-88.2350,-88.2629,-88.3019,-88.3502,-88.4062,-88.4684,-88.5356,-88.6067,-88.6809,-88.7573,-88.8353,-88.9141,-88.9934,-89.0725,-89.1512,-89.2292,-89.3060,-89.3815,-89.4555,-89.5278,-89.5983,-89.6668,-89.7333,-89.7977,-89.8599,-89.9200,-89.9780,-90.0337,-90.0873,-90.1387,-90.1881,-90.2353,-90.2806,-90.3239,-90.3652,-90.4047,-90.4423,-90.4782,-90.5125,-90.5451,-90.5761,-90.6057,-90.6338,-90.6605,-90.6860,-90.7101,-90.7331,-90.7550,-90.7757,-90.7954,-90.8142,-90.8320,-90.8490,-90.8651,-90.8741,-90.8301,-90.7264,-90.5891,-90.4413,-90.2978,-90.1666,-90.0515,-89.9539,-89.8735,-89.8096,-89.7607,-89.7253,-89.7019,-89.6891,-89.6856,-89.6901,-89.7016,-89.7190,-89.7414,-89.7681,-89.7983,-89.8315,-89.8669,-89.9042,-89.9430,-89.9827,-89.9932,-89.8756,-89.6607,-89.4085,-89.1550,-88.9191,-88.7102,-88.5318,-88.3347,-88.0096,-87.6768,-87.3816,-87.1371,-86.9445,-86.8004,-86.6997,-86.6368,-86.6065,-86.6039,-86.6250,-86.6660,-86.7238,-86.7955,-86.8788,-86.9717,-87.0724,-87.1792,-87.2910,-87.4060,-87.5004,-87.5433,-87.5456,-87.5272,-87.5039,-87.4854,-87.4769,-87.4807,-87.4973,-87.5263,-87.5666,-87.6169,-87.6761,-87.7427,-87.8158,-87.8941,-87.9767,-88.0627,-88.1514,-88.2421,-88.3341,-88.4269,-88.5201,-88.6131,-88.7057,-88.7974,-88.8880,-88.9772,-89.0647,-89.1505,-89.2343,-89.3159,-89.3953,-89.4381,-89.3991,-89.3199,-89.2301,-89.1448,-89.0709,-89.0114,-88.9668,-88.9368,-88.9203,-88.9160,-88.9226,-88.9389,-88.9634,-88.9952,-89.0330,-89.0760,-89.1233,-89.1741,-89.2277,-89.2829,-89.3053,-89.2739,-89.2137,-89.1436,-89.0744,-89.0061,-88.9146,-88.7975,-88.6690,-88.5418,-88.4240,-88.3203,-88.2329,-88.1140,-87.9331,-87.7352,-87.5471,-87.3820,-87.2454,-87.1388,-87.0614,-87.0112,-86.9857,-86.9821,-86.9979,-87.0305,-87.0776,-87.1373,-87.2076,-87.2869,-87.3737,-87.4667,-87.5647,-87.6666,-87.7716,-87.8787,-87.9807,-88.0325,-88.0107,-87.9322,-87.8233,-87.7054,-87.5925,-87.4926,-87.4100,-87.3461,-87.3012,-87.2743,-87.2644,-87.2698,-87.2893,-87.3212,-87.3642,-87.4169,-87.4782,-87.5469,-87.6221,-87.7026,-87.7878,-87.8768,-87.9688,-88.0633,-88.1595,-88.2570,-88.3552,-88.4537,-88.5519,-88.6496,-88.7464,-88.8420,-88.9360,-89.0284,-89.1187,-89.2070,-89.2929,-89.3765,-89.4575,-89.4925,-89.3902,-89.2390,-89.0878,-88.9555,-88.8482,-88.7666,-88.7091,-88.6732,-88.6560,-88.6549,-88.6673,-88.6912,-88.7246,-88.7657,-88.7633,-88.6650,-88.5314,-88.3956,-88.2740,-88.1741,-88.0983,-88.0462,-88.0161,-88.0059,-88.0129,-88.0348,-88.0694,-88.1146,-88.1686,-88.2298,-88.2969,-88.3686,-88.4439,-88.5220,-88.6019,-88.6831,-88.7650,-88.8471,-88.9288,-89.0100,-89.0901,-89.1690,-89.2465,-89.3223,-89.3963,-89.4683,-89.5384,-89.6063,-89.6721,-89.7356,-89.6860,-89.5002,-89.3020,-89.1286,-88.9890,-88.8831,-88.8075,-88.7580,-88.7308,-88.7220,-88.7287,-88.7480,-88.7777,-88.8159,-88.8610,-88.9115,-88.9664,-89.0246,-89.0853,-89.1478,-89.2115,-89.2758,-89.3403,-89.3654,-89.3153,-89.1771,-88.9601,-88.7072,-88.4530,-88.2179,-88.0123,-87.8401,-87.7018,-87.5955,-87.5187,-87.4681,-87.4409,-87.4341,-87.4449,-87.4711,-87.5103,-87.5607,-87.6206,-87.6884,-87.7629,-87.8428,-87.9271,-88.0149,-88.1053,-88.1976,-88.2911,-88.3853,-88.4796,-88.5737,-88.6670,-88.7593,-88.8502,-88.9396,-89.0271,-89.1126,-89.1959,-89.2770,-89.3556,-89.4319,-89.5055,-89.5412,-89.5008,-89.4125,-89.3030,-89.1908,-89.0869,-88.9973,-88.9245,-88.8690,-88.8302,-88.8067,-88.7969,-88.7994,-88.8123,-88.8344,-88.8642,-88.9005,-88.9422,-88.9830,-88.9848,-88.9349,-88.8540,-88.7639,-88.6789,-88.6063,-88.5490,-88.5076,-88.4815,-88.4694,-88.4697,-88.4810,-88.5019,-88.5311,-88.5675,-88.6099,-88.6574,-88.7093,-88.7647,-88.8231,-88.8837,-88.9462,-89.0099,-89.0746,-89.1397,-89.2051,-89.2515,-89.2039,-89.0929,-88.9627,-88.8382,-88.7308,-88.6445,-88.5798,-88.5355,-88.5097,-88.5002,-88.5049,-88.5217,-88.5489,-88.5847,-88.6278,-88.6770,-88.7310,-88.7890,-88.8500,-88.9134,-88.9785,-89.0447,-89.1116,-89.1787,-89.2457,-89.3123,-89.3781,-89.4430,-89.5068,-89.5693,-89.6303,-89.6898,-89.7477,-89.8038,-89.8582,-89.9109,-89.9617,-90.0108,-90.0580,-90.1035,-90.1472,-90.1891,-90.2293,-90.2679,-90.2949,-90.2728,-90.1994,-90.0952,-89.9795,-89.8653,-89.7603,-89.6685,-89.5914,-89.5292,-89.4812,-89.4463,-89.4233,-89.4109,-89.4080,-89.4134,-89.4259,-89.4446,-89.4687,-89.4832,-89.4418,-89.3504,-89.2343,-89.1135,-88.9871,-88.7511,-88.4604,-88.1761,-87.9256,-87.7181,-87.5543,-87.4008,-87.1933,-86.9673,-86.7595,-86.5870,-86.4544,-86.3602,-86.3009,-86.2722,-86.2700,-86.2905,-86.3303,-86.3864,-86.4564,-86.5380,-86.6294,-86.7287,-86.8345,-86.9456,-87.0608,-87.1791,-87.2996,-87.4215,-87.5441,-87.6668,-87.7891,-87.9105,-88.0305,-88.1488,-88.2651,-88.3791,-88.4906,-88.5994,-88.7052,-88.8081,-88.9078,-89.0044,-89.0977,-89.1878,-89.2745,-89.3581,-89.4383,-89.5154,-89.5893,-89.6600,-89.7242,-89.7104,-89.6124,-89.4799,-89.3448,-89.2227,-89.1199,-89.0381,-88.9767,-88.9342,-88.9084,-88.8973,-88.8989,-88.9114,-88.9332,-88.9628,-88.9988,-89.0402,-89.0860,-89.1354,-89.1875,-89.2417,-89.2975,-89.3543,-89.4118,-89.4695,-89.5271,-89.5844,-89.6410,-89.6965,-89.7362,-89.7331,-89.6894,-89.6223,-89.5472,-89.4741,-89.4087,-89.3537,-89.3099,-89.2773,-89.2343,-89.1157,-88.9486,-88.7739,-88.6132,-88.4756,-88.3639,-88.2775,-88.2149,-88.1737,-88.1516,-88.1464,-88.1558,-88.1683,-88.1241,-88.0304,-87.9149,-87.7981,-87.6925,-87.6050,-87.5387,-87.4939,-87.4698,-87.4648,-87.4769,-87.5040,-87.5441,-87.5954,-87.6562,-87.7249,-87.8001,-87.8807,-87.9656,-88.0538,-88.1444,-88.2367,-88.3301,-88.4240,-88.5179,-88.6114,-88.7040,-88.7954,-88.8854,-88.9736,-89.0600,-89.1443,-89.2264,-89.3062,-89.3836,-89.4585,-89.5309,-89.6008,-89.6682,-89.7330,-89.7953,-89.8550,-89.9124,-89.9673,-90.0199,-90.0702,-90.1183,-90.1642,-90.2080,-90.2498,-90.2897,-90.3276,-90.3638,-90.2688,-90.0668,-89.8551,-89.6642,-89.5034,-89.3734,-89.2723,-89.1969,-89.1438,-89.1098,-89.0920,-89.0879,-89.0952,-89.1121,-89.1370,-89.1684,-89.2052,-89.2460,-89.2690,-89.2414,-89.1729,-89.0837,-88.9900,-88.9021,-88.8254,-88.7627,-88.7147,-88.6810,-88.6062,-88.4097,-88.1905,-87.9922,-87.8275,-87.6986,-87.6034,-87.5384,-87.4999,-87.4843,-87.4853,-87.3888,-87.2156,-87.0376,-86.8829,-86.7608,-86.6726,-86.6162,-86.4970,-86.2732,-86.0519,-85.8654,-85.7225,-85.6229,-85.5629,-85.5378,-85.5427,-85.5729,-85.6245,-85.6938,-85.7777,-85.8737,-85.9795,-86.0931,-86.2129,-86.3375,-86.4656,-86.5962,-86.7283,-86.8612,-86.9942,-87.1267,-87.2582,-87.3882,-87.5163,-87.6238,-87.6575,-87.6444,-87.6129,-87.5784,-87.5489,-87.5283,-87.5181,-87.5188,-87.5302,-87.5516,-87.5822,-87.6210,-87.6670,-87.7194,-87.7772,-87.8396,-87.9058,-87.9752,-88.0471,-88.1208,-88.1960,-88.2721,-88.3487,-88.4254,-88.5018,-88.5777,-88.6529,-88.7270,-88.7999,-88.8715,-88.9415,-89.0098,-89.0765,-89.1413,-89.2042,-89.2634,-89.2796,-89.1219,-88.8249,-88.4919,-88.1718,-87.8816,-87.5927,-87.2943,-87.0025,-86.7330,-86.4957,-86.2949,-86.1312,-86.0034,-85.9086,-85.8440,-85.8063,-85.7925,-85.7995,-85.8247,-85.8657,-85.9198,-85.9361,-85.8909,-85.8238,-85.7587,-85.7070,-85.6735,-85.6595,-85.6645,-85.6874,-85.7264,-85.7797,-85.8457,-85.9225,-86.0087,-86.1029,-86.2036,-86.3098,-86.4204,-86.5344,-86.6510,-86.7694,-86.8890,-87.0091,-87.1293,-87.2489,-87.3677,-87.3816,-87.2783,-87.1568,-87.0499,-86.9687,-86.9151,-86.8876,-86.8832,-86.8987,-86.9309,-86.9761,-86.9723,-86.8916,-86.7801,-86.6703,-86.5779,-86.5089,-86.4646,-86.4437,-86.4441,-86.4633,-86.4986,-86.5479,-86.6089,-86.6796,-86.7585,-86.8439,-86.9347,-87.0296,-87.1278,-87.2283,-87.3303,-87.4333,-87.5367,-87.6399,-87.7425,-87.8391,-87.8601,-87.8056,-87.7198,-87.6317,-87.5561,-87.4986,-87.4603,-87.4404,-87.4372,-87.4487,-87.4728,-87.5078,-87.5520,-87.6040,-87.6624,-87.7260,-87.7939,-87.8652,-87.9392,-88.0150,-88.0922,-88.1703,-88.2487,-88.3271,-88.4051,-88.4824,-88.5588,-88.6340,-88.7079,-88.7802,-88.8509,-88.9199,-88.9870,-89.0523,-89.1155,-89.1768,-89.2360,-89.2933,-89.3485,-89.4017,-89.4529,-89.5022,-89.5496,-89.5950,-89.6386,-89.6804,-89.7205,-89.7589,-89.7956,-89.8307,-89.8643,-89.8965,-89.9272,-89.9565,-89.9845,-90.0113,-90.0368,-90.0612,-90.0846,-90.1068,-90.1281,-90.1484,-90.1678,-90.1863,-90.2040,-90.2209,-90.2371,-90.2526,-90.2674,-90.2815,-90.2951,-90.3081,-90.3205,-90.3325,-90.3440,-90.3550,-90.3655,-90.3757,-90.3855,-90.3949,-90.4039,-90.4127,-90.4211,-90.4292,-90.4371,-90.4447,-90.4520,-90.4592,-90.4661,-90.4728,-90.4793,-90.4856,-90.4917,-90.4977,-90.5035,-90.5092,-90.5147,-90.5201,-90.5254,-90.5306,-90.5356,-90.5405,-90.5454,-90.5501,-90.5548,-90.5594,-90.5639,-90.5683,-90.5726,-90.5769,-90.5811,-90.5853,-90.5893,-90.5934,-90.5955,-90.5381,-90.3940,-90.2142,-90.0357,-89.8751,-89.7373,-89.6225,-89.5291,-89.4548,-89.3974,-89.3547,-89.3248,-89.3061,-89.2970,-89.2963,-89.3028,-89.3155,-89.3335,-89.3559,-89.3821,-89.4115,-89.4435,-89.4776,-89.5134,-89.5504,-89.5884,-89.6270,-89.6660,-89.7050,-89.7440,-89.7828,-89.8211,-89.8588,-89.8959,-89.9323,-89.9678,-90.0009,-89.9960,-89.9391,-89.8527,-89.7545,-89.6559,-89.5632,-89.4802,-89.4085,-89.3488,-89.3010,-89.2646,-89.2387,-89.2226,-89.2153,-89.2160,-89.2236,-89.2375,-89.2568,-89.2746,-89.2440,-89.1564,-89.0364,-88.9073,-88.7842,-88.6750,-88.5833,-88.4993,-88.3009,-88.0476,-87.8017,-87.5866,-87.4092,-87.2696,-87.1653,-87.0926,-87.0478,-87.0270,-87.0270,-87.0447,-87.0774,-87.1229,-87.1790,-87.2440,-87.3164,-87.3948,-87.4781,-87.5651,-87.6551,-87.7472,-87.8407,-87.9350,-88.0296,-88.1240,-88.2178,-88.3107,-88.4023,-88.4924,-88.5808,-88.6673,-88.7517,-88.8339,-88.9138,-88.9913,-89.0664,-89.1390,-89.2091,-89.2767,-89.3418,-89.4044,-89.4646,-89.5224,-89.5778,-89.6309,-89.6817,-89.7303,-89.7768,-89.8212,-89.8636,-89.9040,-89.9426,-89.9794,-90.0144,-90.0476,-90.0596,-90.0184,-89.9171,-89.6317,-89.2749,-88.9264,-88.6142,-88.3470,-88.1249,-87.9450,-87.8030,-87.6943,-87.6149,-87.5608,-87.5285,-87.5151,-87.5179,-87.5345,-87.5631,-87.6018,-87.6491,-87.7037,-87.7644,-87.8300,-87.8998,-87.9728,-88.0484,-88.1259,-88.2045,-88.2636,-88.2709,-88.2346,-88.1752,-88.1094,-88.0480,-87.9968,-87.9586,-87.9342,-87.9232,-87.9249,-87.9379,-87.9610,-87.9930,-88.0326,-88.0787,-88.1304,-88.1867,-88.2467,-88.3098,-88.3753,-88.4426,-88.5112,-88.5807,-88.6506,-88.7205,-88.7902,-88.8593,-88.9276,-88.9950,-89.0612,-89.1260,-89.1894,-89.2513,-89.3115,-89.3699,-89.4065,-89.3605,-89.2663,-89.1573,-89.0509,-88.9501,-88.8215,-88.6566,-88.4748,-88.2948,-88.1290,-87.9842,-87.8633,-87.7666,-87.6932,-87.6413,-87.6089,-87.5939,-87.5943,-87.6082,-87.6182,-87.5523,-87.4329,-87.3002,-87.1781,-87.0777,-87.0024,-86.9519,-86.9244,-86.9176,-86.9289,-86.9559,-86.9964,-87.0483,-87.1049,-87.0954,-87.0152,-86.9092,-86.8080,-86.7265,-86.6699,-86.6386,-86.6307,-86.6434,-86.6740,-86.7171,-86.7374,-86.7157,-86.6665,-86.6075,-86.5518,-86.5071,-86.4774,-86.4641,-86.4672,-86.4857,-86.5168,-86.4956,-86.4018,-86.2819,-86.1675,-86.0735,-86.0054,-85.9640,-85.9479,-85.9546,-85.9815,-86.0259,-86.0853,-86.1574,-86.2402,-86.3319,-86.4309,-86.5358,-86.6454,-86.7586,-86.8745,-86.9922,-87.1110,-87.2303,-87.3495,-87.4680,-87.5856,-87.7017,-87.8131,-87.8753,-87.8603,-87.7580,-87.6022,-87.4275,-87.2556,-87.0987,-86.9631,-86.8513,-86.7639,-86.7000,-86.6580,-86.6362,-86.6326,-86.6452,-86.6722,-86.7118,-86.7624,-86.8224,-86.8906,-86.9658,-87.0467,-87.1325,-87.2222,-87.3151,-87.4103,-87.5072,-87.6042,-87.6409,-87.5957,-87.5182,-87.4376,-87.3677,-87.3141,-87.2788,-87.2614,-87.2608,-87.2754,-87.3034,-87.3430,-87.3925,-87.4503,-87.5152,-87.5859,-87.6612,-87.7402,-87.8220,-87.9060,-87.9914,-88.0777,-88.1644,-88.2510,-88.3372,-88.4226,-88.5070,-88.5900,-88.6716,-88.7514,-88.8194,-88.7575,-88.6184,-88.4677,-88.3315,-88.2187,-88.0882,-87.8963,-87.6828,-87.4807,-87.2673,-87.0173,-86.7620,-86.5247,-86.3179,-86.1466,-85.9998,-85.7412,-85.4517,-85.1926,-84.9812,-84.8145,-84.6422,-84.4627,-84.2960,-84.1545,-84.0437,-83.9653,-83.9186,-83.9012,-83.9105,-83.9435,-83.9973,-84.0693,-84.1569,-84.2579,-84.3703,-84.4923,-84.6224,-84.7592,-84.9014,-85.0480,-85.1979,-85.3504,-85.5046,-85.6599,-85.8155,-85.9710,-86.1259,-86.2796,-86.4318,-86.5820,-86.7301,-86.8756,-87.0183,-87.1578,-87.2550,-87.2609,-87.1613,-86.8803,-86.5692,-86.2901,-86.0601,-85.8811,-85.7493,-85.6592,-85.5675,-85.4289,-85.2722,-85.1244,-84.9992,-84.9020,-84.8336,-84.7931,-84.7781,-84.7863,-84.8150,-84.8618,-84.9243,-84.9854,-84.9018,-84.7660,-84.6405,-84.5445,-84.4823,-84.4530,-84.4534,-84.4700,-84.4568,-84.4213,-84.3828,-84.3526,-84.3360,-84.3355,-84.3517,-84.3844,-84.4325,-84.4948,-84.5700,-84.6565,-84.7529,-84.8579,-84.9703,-85.0888,-85.2125,-85.3403,-85.4715,-85.6051,-85.7406,-85.8773,-86.0146,-86.1519,-86.2890,-86.4252,-86.5602,-86.6938,-86.8256,-86.9553,-87.0826,-87.2075,-87.3297,-87.4326,-87.4139,-87.3297,-87.2293,-87.1362,-87.0607,-87.0065,-86.9738,-86.9611,-86.9664,-86.9874,-87.0217,-87.0673,-87.1222,-87.1826,-87.1266,-86.8735,-86.5456,-86.2177,-85.9243,-85.6101,-85.2286,-84.8638,-84.5501,-84.2965,-84.1020,-83.9616,-83.8691,-83.8183,-83.8032,-83.8185,-83.8597,-83.9226,-84.0039,-84.1005,-84.2098,-84.3297,-84.4581,-84.5837,-84.6845,-84.7590,-84.8150,-84.8611,-84.9043,-84.9495,-84.9997,-85.0567,-85.1213,-85.1935,-85.2732,-85.3598,-85.4526,-85.5510,-85.6541,-85.7613,-85.8720,-85.9854,-86.1009,-86.2181,-86.3364,-86.4554,-86.5747,-86.6938,-86.8124,-86.9302,-87.0469,-87.1622,-87.2760,-87.3879,-87.4979,-87.6056,-87.7110,-87.8140,-87.9144,-88.0121,-88.1072,-88.1994,-88.2888,-88.3754,-88.4591,-88.5400,-88.6180,-88.6931,-88.7647,-88.8102,-88.8116,-88.7799,-88.7297,-88.6721,-88.6142,-88.5603,-88.5132,-88.4741,-88.4436,-88.4154,-88.3522,-88.2462,-88.1168,-87.9388,-87.6148,-87.2665,-86.9480,-86.6762,-86.4541,-86.2792,-86.1469,-86.0522,-85.9901,-85.9562,-85.9466,-85.9576,-85.9864,-86.0303,-86.0849,-86.0994,-86.0590,-85.9933,-85.9238,-85.8633,-85.8185,-85.7919,-85.7820,-85.7314,-85.6163,-85.4727,-85.2648,-85.0131,-84.7637,-84.5415,-84.3325,-84.0105,-83.6763,-83.3852,-83.1525,-82.9792,-82.8606,-82.7905,-82.7624,-82.7704,-82.8091,-82.8737,-82.9185,-82.8835,-82.8223,-82.7647,-82.7257,-82.7115,-82.7240,-82.7624,-82.8247,-82.8858,-82.8819,-82.8352,-82.7809,-82.7390,-82.7186,-82.7225,-82.7506,-82.8013,-82.8726,-82.9507,-83.0081,-83.0449,-83.0724,-83.1000,-83.1337,-83.1770,-83.2316,-83.2979,-83.3760,-83.4652,-83.5648,-83.6739,-83.7915,-83.9166,-84.0482,-84.1854,-84.3274,-84.4732,-84.6223,-84.7738,-84.9271,-85.0816,-85.2368,-85.3922,-85.5472,-85.7015,-85.8547,-86.0064,-86.1521,-86.2284,-86.2200,-86.1703,-86.1106,-86.0577,-86.0191,-85.9975,-85.9935,-86.0059,-86.0335,-86.0745,-86.1272,-86.1899,-86.2612,-86.3396,-86.4240,-86.5132,-86.6062,-86.7023,-86.8006,-86.9005,-87.0015,-87.1029,-87.2043,-87.3054,-87.4057,-87.5050,-87.6030,-87.6996,-87.7943,-87.8347,-87.6829,-87.4075,-87.0913,-86.7820,-86.5028,-86.2629,-86.0648,-85.9072,-85.7872,-85.7012,-85.6454,-85.6161,-85.6099,-85.6236,-85.6546,-85.7003,-85.7586,-85.8277,-85.9057,-85.9913,-86.0831,-86.1801,-86.2813,-86.3856,-86.4871,-86.5326,-86.4104,-86.1084,-85.6796,-85.2139,-84.7612,-84.3465,-83.9810,-83.6685,-83.4083,-83.1977,-83.0327,-82.9009,-82.7546,-82.5982,-82.4510,-82.3239,-82.2216,-82.1459,-82.0968,-82.0731,-82.0733,-82.0956,-82.1378,-82.1980,-82.2743,-82.3650,-82.4684,-82.5830,-82.7074,-82.8404,-82.9808,-83.1276,-83.2799,-83.4369,-83.5976,-83.7615,-83.8331,-83.7714,-83.6950,-83.6410,-83.6183,-83.6270,-83.6640,-83.7252,-83.8070,-83.9058,-84.0186,-84.1428,-84.2760,-84.4164,-84.5624,-84.7126,-84.8658,-85.0210,-85.1774,-85.3342,-85.4907,-85.6464,-85.8008,-85.9535,-86.1041,-86.2524,-86.3980,-86.5407,-86.6804,-86.8168,-86.9498,-87.0793,-87.2053,-87.3276,-87.4463,-87.5613,-87.6725,-87.7801,-87.8496,-87.8354,-87.7775,-87.7051,-87.6332,-87.5695,-87.5171,-87.4774,-87.4502,-87.4352,-87.4314,-87.4377,-87.4533,-87.4770,-87.5078,-87.5450,-87.5876,-87.6349,-87.6861,-87.7407,-87.7980,-87.8575,-87.9189,-87.9815,-88.0451,-88.1093,-88.1738,-88.2383,-88.3026,-88.3665,-88.4297,-88.4922,-88.5537,-88.6142,-88.6735,-88.7316,-88.7883,-88.8398,-88.8707,-88.8724,-88.8486,-88.8071,-88.7556,-88.6471,-88.4069,-88.0785,-87.7164,-87.3582,-87.0259,-86.7303,-86.4758,-86.2627,-86.0892,-85.9521,-85.8483,-85.7742,-85.7264,-85.7020,-85.6980,-85.7121,-85.7378,-85.5985,-85.3874,-85.1203,-84.8161,-84.5224,-84.2546,-83.9790,-83.7098,-83.4677,-83.2627,-83.0977,-82.9726,-82.8849,-82.8318,-82.8099,-82.8159,-82.8467,-82.8985,-82.9449,-82.9537,-82.9344,-82.9077,-82.8798,-82.8164,-82.7201,-82.6147,-82.5185,-82.4422,-82.3906,-82.3654,-82.3659,-82.3908,-82.4377,-82.5045,-82.5890,-82.6888,-82.8020,-82.9269,-83.0617,-83.2050,-83.3555,-83.5119,-83.6733,-83.8386,-84.0070,-84.1777,-84.3501,-84.5235,-84.6972,-84.8708,-85.0438,-85.2156,-85.3861,-85.5546,-85.6912,-85.7226,-85.6634,-85.5555,-85.4297,-85.3054,-85.1937,-85.1006,-85.0286,-84.9784,-84.9492,-84.9399,-84.9343,-84.7919,-84.6009,-84.4252,-84.2845,-84.1830,-84.1193,-84.0895,-84.0505,-83.9224,-83.7605,-83.5764,-83.3217,-83.0157,-82.7056,-82.4063,-82.0357,-81.6466,-81.2868,-80.9768,-80.7238,-80.5278,-80.3854,-80.2919,-80.2420,-80.2304,-80.2522,-80.3031,-80.3791,-80.4767,-80.5754,-80.6217,-80.6382,-80.6496,-80.6686,-80.7014,-80.7505,-80.8165,-80.8991,-80.9972,-81.1096,-81.2351,-81.3722,-81.5197,-81.6762,-81.8405,-82.0116,-82.1885,-82.3701,-82.5557,-82.7445,-82.9357,-83.1287,-83.3229,-83.5177,-83.7125,-83.9070,-84.1007,-84.2931,-84.4839,-84.6727,-84.8589,-85.0329,-85.1776,-85.2899,-85.3756,-85.4429,-85.4989,-85.5491,-85.5975,-85.6414,-85.6475,-85.6067,-85.5374,-85.4583,-85.3822,-85.3164,-85.2645,-85.1601,-84.9539,-84.7306,-84.5279,-84.3593,-84.2280,-84.1327,-84.0708,-84.0385,-84.0279,-83.9648,-83.8404,-83.6841,-83.5156,-83.3302,-83.1143,-82.8867,-82.6659,-82.4637,-82.2870,-82.1390,-82.0207,-81.9318,-81.8709,-81.8363,-81.8260,-81.8379,-81.8699,-81.9200,-81.9863,-82.0671,-82.1608,-82.2659,-82.3811,-82.5052,-82.6370,-82.7757,-82.9203,-83.0617,-83.1273,-83.1315,-83.1174,-83.1076,-83.1122,-83.1350,-83.1769,-83.2369,-83.2972,-83.2436,-83.1364,-83.0316,-82.9505,-82.8997,-82.8800,-82.8893,-82.9245,-82.9824,-83.0599,-83.1179,-83.0775,-83.0026,-82.9312,-82.8802,-82.8554,-82.8575,-82.8848,-82.9345,-83.0033,-83.0669,-83.0937,-83.0900,-83.0731,-83.0567,-83.0494,-83.0557,-83.0775,-83.1151,-83.1681,-83.2352,-83.3152,-83.4067,-83.5084,-83.6188,-83.7368,-83.8613,-83.9913,-84.1258,-84.2640,-84.4052,-84.5487,-84.6939,-84.8403,-84.9873,-85.1345,-85.2814,-85.4278,-85.5733,-85.7175,-85.8602,-86.0011,-86.1400,-86.2767,-86.4110,-86.5427,-86.6716,-86.7977,-86.9209,-87.0410,-87.1573,-87.2391,-87.2661,-87.2584,-87.2337,-87.2035,-87.1745,-87.1506,-87.1339,-87.1256,-87.1259,-87.1347,-87.1516,-87.1760,-87.2072,-87.2446,-87.2876,-87.3354,-87.3849,-87.4165,-87.4201,-87.4017,-87.3427,-87.1898,-86.9784,-86.7084,-86.3891,-86.0568,-85.7393,-85.4290,-85.0513,-84.6647,-84.3095,-83.9896,-83.6480,-83.2932,-82.9585,-82.6632,-82.4148,-82.2142,-82.0594,-81.9470,-81.8730,-81.8333,-81.8240,-81.8415,-81.8826,-81.9443,-82.0240,-82.1193,-82.2282,-82.3489,-82.4798,-82.6193,-82.7663,-82.9195,-83.0780,-83.2408,-83.4071,-83.5755,-83.7241,-83.8228,-83.8792,-83.9116,-83.9353,-83.9600,-83.9914,-84.0326,-84.0846,-84.1477,-84.2214,-84.3049,-84.3972,-84.4972,-84.6041,-84.7167,-84.8342,-84.9558,-85.0807,-85.2082,-85.3377,-85.4687,-85.6005,-85.7328,-85.8651,-85.9971,-86.1284,-86.2586,-86.3876,-86.5150,-86.6406,-86.7643,-86.8857,-87.0048,-87.1215,-87.2355,-87.3469,-87.4554,-87.5611,-87.6639,-87.7637,-87.8605,-87.9543,-88.0451,-88.1329,-88.2177,-88.2996,-88.3784,-88.3595,-88.2291,-88.0705,-87.9192,-87.7886,-87.6828,-87.6015,-87.5431,-87.5050,-87.4847,-87.4797,-87.4877,-87.5066,-87.5349,-87.5709,-87.5878,-87.5199,-87.4003,-87.2731,-87.1603,-87.0699,-87.0029,-86.9578,-86.9322,-86.9236,-86.9299,-86.9488,-86.9786,-87.0177,-87.0646,-87.1182,-87.1774,-87.2412,-87.3089,-87.3796,-87.4528,-87.5278,-87.5645,-87.4787,-87.3439,-87.2065,-87.0872,-86.9934,-86.8947,-86.6851,-86.4423,-86.2035,-85.9166,-85.5990,-85.2934,-85.0091,-84.7081,-84.3553,-83.8752,-83.3925,-82.9607,-82.5964,-82.2987,-81.9626,-81.5404,-81.1007,-80.6891,-80.3274,-80.0235,-79.7781,-79.5887,-79.4509,-79.3597,-79.3104,-79.2982,-79.3186,-79.3678,-79.4420,-79.5349,-79.5734,-79.5152,-79.3987,-79.2609,-79.1263,-79.0095,-78.9184,-78.8562,-78.8239,-78.8204,-78.8442,-78.8929,-78.9642,-79.0558,-79.1636,-79.2575,-79.3161,-79.3491,-79.3725,-79.3985,-79.4349,-79.4860,-79.5537,-79.6383,-79.7394,-79.8557,-79.9860,-80.1288,-80.2828,-80.4467,-80.6191,-80.7990,-80.9853,-81.1771,-81.3736,-81.5738,-81.7772,-81.9831,-82.1909,-82.3999,-82.6098,-82.8200,-83.0300,-83.2395,-83.4480,-83.6552,-83.8606,-84.0585,-84.2137,-84.3154,-84.3814,-84.4295,-84.4721,-84.5162,-84.5656,-84.6222,-84.6865,-84.7586,-84.8380,-84.9242,-85.0164,-85.1139,-85.2160,-85.3220,-85.4313,-85.5433,-85.6573,-85.7730,-85.8897,-86.0072,-86.1249,-86.2426,-86.3598,-86.4765,-86.5921,-86.7066,-86.8197,-86.9311,-87.0408,-87.1486,-87.2543,-87.3578,-87.4590,-87.5578,-87.6542,-87.7165,-87.6196,-87.4728,-87.3293,-87.2076,-87.1129,-87.0452,-87.0020,-86.9802,-86.9769,-86.9892,-87.0146,-87.0508,-87.0961,-87.1488,-87.2076,-87.2713,-87.3389,-87.3360,-87.2377,-87.0973,-86.8843,-86.6399,-86.4023,-86.1892,-86.0074,-85.8584,-85.7411,-85.6531,-85.5918,-85.5543,-85.5381,-85.5406,-85.5595,-85.5929,-85.6387,-85.6954,-85.7615,-85.8356,-85.9166,-86.0012,-86.0722,-86.1177,-86.1399,-86.1463,-86.1446,-86.1409,-86.1397,-86.1438,-86.1525,-86.1002,-85.9721,-85.8145,-85.6596,-85.5235,-85.4132,-85.3305,-85.2745,-85.2434,-85.2347,-85.2458,-85.2744,-85.3181,-85.3751,-85.4433,-85.5213,-85.6076,-85.7008,-85.7999,-85.9038,-86.0117,-86.1227,-86.2361,-86.3513,-86.4676,-86.5847,-86.7019,-86.8165,-86.8896,-86.9014,-86.8739,-86.8302,-86.7857,-86.7490,-86.7245,-86.7139,-86.7174,-86.7341,-86.7630,-86.8026,-86.8517,-86.9026,-86.8807,-86.7875,-86.6680,-86.5509,-86.4506,-86.3729,-86.3192,-86.2884,-86.2787,-86.2878,-86.3133,-86.3529,-86.4047,-86.4667,-86.5373,-86.6151,-86.6988,-86.7873,-86.8796,-86.9748,-87.0722,-87.1712,-87.2710,-87.3713,-87.4715,-87.5713,-87.6703,-87.7683,-87.8648,-87.9598,-88.0530,-88.1443,-88.2335,-88.3205,-88.4052,-88.4876,-88.5676,-88.6451,-88.7202,-88.7928,-88.8630,-88.9307,-88.9960,-89.0590,-89.1195,-89.1778,-89.2338,-89.2876,-89.3393,-89.3889,-89.4365,-89.4821,-89.5259,-89.5674,-89.5978,-89.5912,-89.5297,-89.4198,-89.2777,-89.1194,-88.9571,-88.7995,-88.6521,-88.5183,-88.3856,-88.1958,-87.9751,-87.7547,-87.5497,-87.3671,-87.2095,-87.0775,-86.9384,-86.7356,-86.5003,-86.2521,-86.0039,-85.7677,-85.5518,-85.3616,-85.1995,-85.0662,-84.9611,-84.8830,-84.8301,-84.8003,-84.7917,-84.8022,-84.8299,-84.8730,-84.9298,-84.9986,-85.0782,-85.1671,-85.2641,-85.3683,-85.4785,-85.5940,-85.7139,-85.8373,-85.9637,-86.0925,-86.2047,-86.1293,-85.9988,-85.8817,-85.7968,-85.7473,-85.7307,-85.7428,-85.7790,-85.8353,-85.9080,-85.9940,-86.0907,-86.1959,-86.3076,-86.4244,-86.5449,-86.6679,-86.7926,-86.9182,-87.0439,-87.1691,-87.2934,-87.4163,-87.5375,-87.6566,-87.7734,-87.8877,-87.9992,-88.1079,-88.2136,-88.3163,-88.4158,-88.5121,-88.5828,-88.4840,-88.3271,-88.1720,-88.0390,-87.9341,-87.8574,-87.8067,-87.7786,-87.7701,-87.7781,-87.7999,-87.8330,-87.8755,-87.9257,-87.9821,-88.0433,-88.1085,-88.1765,-88.2468,-88.3185,-88.3912,-88.4644,-88.5376,-88.6105,-88.6828,-88.7542,-88.8246,-88.8937,-88.9615,-89.0277,-89.0922,-89.1551,-89.2162,-89.2755,-89.3330,-89.3886,-89.4424,-89.4943,-89.5444,-89.5927,-89.6392,-89.6839,-89.7269,-89.7682,-89.8079,-89.8382,-89.7891,-89.6628,-89.5106,-89.3636,-89.2347,-89.1275,-89.0416,-88.9752,-88.9261,-88.8922,-88.8716,-88.8623,-88.8629,-88.8719,-88.8882,-88.9108,-88.9385,-88.9708,-89.0067,-89.0458,-89.0873,-89.1309,-89.1760,-89.2222,-89.2692,-89.3168,-89.3645,-89.4122,-89.4596,-89.5067,-89.5531,-89.5989,-89.6438,-89.6878,-89.7307,-89.7726,-89.8134,-89.8531,-89.8908,-89.9015,-89.8549,-89.7642,-89.6535,-89.5410,-89.4369,-89.3460,-89.2700,-89.2088,-89.1616,-89.1272,-89.1043,-89.0915,-89.0877,-89.0918,-89.1028,-89.1198,-89.1420,-89.1686,-89.1990,-89.2327,-89.2691,-89.3078,-89.3482,-89.3901,-89.4331,-89.4768,-89.5210,-89.5655,-89.6100,-89.6542,-89.6886,-89.6842,-89.6374,-89.5642,-89.4809,-89.3987,-89.3238,-89.2594,-89.2066,-89.1610,-89.0863,-88.9667,-88.8208,-88.6700,-88.5287,-88.4042,-88.2999,-88.2162,-88.1526,-88.1074,-88.0791,-88.0659,-88.0661,-88.0780,-88.1004,-88.1317,-88.1708,-88.2167,-88.2683,-88.3247,-88.3853,-88.4492,-88.5157,-88.5844,-88.6547,-88.7261,-88.7982,-88.8705,-88.9428,-89.0147,-89.0859,-89.1563,-89.2256,-89.2936,-89.3602,-89.4252,-89.4886,-89.5502,-89.6100,-89.6679,-89.7240,-89.7731,-89.7708,-89.7051,-89.5993,-89.4769,-89.3538,-89.2392,-89.1379,-89.0518,-88.9813,-88.9261,-88.8851,-88.8571,-88.8409,-88.8352,-88.8388,-88.8505,-88.8692,-88.8942,-88.9244,-88.9592,-88.9978,-89.0397,-89.0841,-89.1307,-89.1790,-89.2286,-89.2791,-89.3302,-89.3815,-89.4330,-89.4841,-89.5176,-89.4981,-89.4329,-89.3428,-89.2447,-89.1349,-88.8634,-88.5360,-88.2329,-87.9757,-87.7673,-87.6048,-87.4830,-87.3967,-87.3407,-87.3107,-87.3026,-87.3132,-87.3396,-87.3792,-87.4299,-87.4899,-87.5577,-87.6318,-87.7110,-87.7943,-87.8809,-87.9698,-88.0604,-88.1521,-88.2443,-88.3365,-88.4284,-88.5195,-88.6096,-88.6983,-88.7855,-88.8709,-88.9544,-89.0358,-89.1150,-89.1919,-89.2665,-89.3387,-89.4084,-89.4758,-89.5407,-89.5798,-89.5355,-89.4447,-89.3400,-89.2381,-89.0909,-88.8364,-88.5641,-88.3125,-88.0949,-87.9144,-87.7701,-87.6591,-87.5782,-87.5238,-87.4927,-87.4819,-87.4884,-87.5100,-87.5444,-87.5896,-87.6440,-87.7060,-87.7744,-87.8480,-87.9258,-88.0068,-88.0903,-88.1755,-88.2619,-88.3489,-88.4361,-88.5229,-88.6092,-88.6944,-88.7785,-88.8611,-88.9420,-89.0212,-89.0864,-89.0340,-88.9123,-88.7749,-88.6470,-88.5389,-88.4537,-88.3912,-88.3495,-88.3264,-88.3193,-88.3261,-88.3446,-88.3731,-88.4098,-88.4534,-88.5027,-88.5566,-88.6141,-88.6746,-88.7372,-88.8014,-88.8667,-88.9326,-88.9986,-89.0645,-89.1300,-89.1947,-89.2586,-89.3213,-89.3828,-89.4430,-89.5016,-89.5587,-89.6142,-89.6680,-89.7201,-89.7704,-89.8191,-89.8660,-89.9112,-89.9547,-89.9965,-90.0367,-90.0752,-90.1122,-90.1434,-90.1420,-90.1013,-90.0344,-89.9549,-89.8722,-89.7920,-89.7181,-89.6303,-89.4949,-89.3344,-89.1702,-89.0145,-88.8735,-88.7500,-88.6453,-88.5591,-88.4907,-88.4390,-88.4028,-88.3808,-88.3715,-88.3737,-88.3861,-88.4076,-88.4372,-88.4737,-88.5163,-88.5640,-88.6163,-88.6722,-88.7312,-88.7926,-88.8559,-88.9207,-88.9864,-89.0526,-89.1191,-89.1854,-89.2513,-89.3165,-89.3798,-89.3903,-89.3334,-89.2480,-89.1565,-89.0699,-88.9934,-88.9294,-88.8787,-88.8166,-88.7135,-88.5879,-88.4584,-88.3365,-88.2285,-88.1375,-88.0646,-88.0097,-87.9721,-87.9506,-87.9437,-87.9502,-87.9685,-87.9972,-88.0351,-88.0810,-88.1338,-88.1924,-88.2559,-88.3234,-88.3943,-88.4678,-88.5432,-88.6201,-88.6979,-88.7761,-88.8545,-88.9325,-89.0099,-89.0864,-89.1618,-89.2358,-89.3084,-89.3792,-89.4483,-89.5155,-89.5807,-89.6439,-89.7050,-89.7641,-89.8210,-89.8758,-89.9286,-89.9792,-90.0278,-90.0745,-90.1191,-90.1619,-90.2027,-90.2418,-90.2791,-90.3045,-90.2476,-90.1256,-89.9800,-89.8347,-89.7014,-89.5852,-89.4879,-89.4095,-89.3488,-89.3043,-89.2743,-89.2571,-89.2510,-89.2547,-89.2666,-89.2857,-89.3108,-89.3410,-89.3754,-89.4133,-89.4540,-89.4969,-89.5416,-89.5874,-89.6342,-89.6815,-89.7289,-89.7764,-89.8235,-89.8701,-89.9162,-89.9614,-90.0057,-90.0489,-90.0912,-90.1322,-90.1721,-90.2107,-90.2480,-90.2841,-90.3168,-90.3088,-90.2493,-90.1610,-90.0615,-89.9618,-89.8682,-89.7844,-89.7120,-89.6515,-89.6030,-89.5659,-89.5394,-89.5227,-89.5148,-89.5148,-89.4900,-89.3779,-89.2203,-89.0542,-88.8991,-88.7641,-88.6525,-88.5649,-88.5000,-88.4559,-88.4303,-88.4210,-88.4259,-88.4430,-88.4704,-88.5068,-88.5505,-88.6004,-88.6555,-88.7146,-88.7771,-88.8421,-88.9090,-88.9772,-89.0462,-89.1156,-89.1850,-89.2541,-89.3224,-89.3889,-89.4199,-89.3981,-89.3451,-89.2533,-89.0840,-88.8813,-88.6783,-88.4912,-88.3273,-88.1875,-88.0437,-87.8717,-87.6851,-87.5023,-87.3358,-87.1834,-86.9867,-86.7635,-86.5450,-86.3474,-86.1779,-86.0387,-85.9296,-85.8492,-85.7954,-85.7660,-85.7585,-85.7708,-85.8006,-85.8459,-85.9049,-85.9760,-86.0574,-86.1479,-86.2461,-86.3509,-86.4613,-86.5761,-86.6947,-86.8161,-86.9396,-87.0645,-87.1903,-87.3164,-87.4422,-87.5673,-87.6913,-87.8138,-87.9346,-88.0532,-88.1647,-88.1553,-88.0584,-87.9444,-87.8420,-87.7613,-87.7050,-87.6722,-87.6608,-87.6681,-87.6915,-87.7283,-87.7764,-87.8338,-87.8986,-87.9695,-88.0451,-88.1243,-88.2062,-88.2900,-88.3749,-88.4605,-88.5461,-88.6314,-88.7160,-88.7996,-88.8818,-88.9404,-88.9182,-88.8374,-88.7379,-88.6438,-88.5657,-88.5067,-88.4666,-88.4438,-88.4363,-88.4420,-88.4590,-88.4856,-88.5203,-88.5618,-88.6090,-88.6609,-88.7166,-88.7753,-88.8276,-88.8348,-88.7940,-88.7252,-88.6467,-88.5708,-88.5046,-88.4516,-88.4129,-88.3884,-88.3772,-88.3783,-88.3903,-88.4118,-88.4416,-88.4745,-88.4966,-88.5006,-88.4891,-88.4681,-88.4434,-88.4194,-88.3993,-88.3849,-88.3772,-88.3767,-88.3833,-88.3970,-88.4173,-88.4438,-88.4759,-88.5131,-88.5548,-88.6007,-88.6500,-88.7024,-88.7574,-88.8146,-88.8736,-88.9340,-88.9954,-89.0575,-89.1201,-89.1828,-89.2233,-89.1897,-89.1048,-88.9969,-88.8858,-88.7833,-88.6958,-88.6260,-88.5743,-88.5398,-88.5213,-88.5170,-88.5252,-88.5441,-88.5723,-88.6082,-88.6507,-88.6985,-88.7508,-88.8067,-88.8653,-88.9260,-88.9882,-89.0515,-89.1153,-89.1793,-89.2431,-89.3065,-89.3692,-89.4310,-89.4917,-89.5511,-89.6092,-89.6658,-89.7209,-89.7743,-89.8262,-89.8763,-89.9248,-89.9715,-90.0165,-90.0599,-90.1016,-90.1417,-90.1801,-90.2170,-90.2523,-90.2862,-90.3186,-90.3496,-90.3792,-90.4075,-90.4346,-90.4604,-90.4851,-90.5087,-90.5312,-90.5500,-90.5307,-90.4565,-90.3454,-90.2177,-90.0883,-89.9663,-89.8566,-89.7614,-89.6813,-89.6157,-89.5639,-89.5247,-89.4969,-89.4793,-89.4707,-89.4702,-89.4766,-89.4891,-89.5070,-89.5290,-89.4299,-89.2290,-89.0181,-88.8293,-88.6727,-88.5497,-88.4580,-88.3943,-88.3545,-88.3353,-88.3333,-88.3458,-88.3704,-88.4050,-88.4478,-88.4974,-88.5524,-88.6118,-88.6746,-88.7400,-88.8073,-88.8758,-88.9451,-89.0147,-89.0843,-89.1534,-89.2218,-89.2892,-89.3555,-89.4205,-89.4840,-89.5460,-89.6062,-89.6648,-89.7215,-89.7765,-89.8296,-89.8808,-89.9302,-89.9777,-90.0234,-90.0602,-89.9993,-89.8622,-89.7011,-89.5447,-89.4061,-89.2903,-89.1980,-89.1279,-89.0780,-89.0457,-89.0289,-89.0253,-89.0330,-89.0501,-89.0752,-89.1069,-89.1441,-89.1857,-89.2308,-89.2788,-89.3289,-89.3807,-89.4335,-89.4869,-89.5407,-89.5945,-89.6479,-89.7008,-89.7531,-89.8044,-89.8547,-89.9038,-89.9518,-89.9984,-90.0437,-90.0876,-90.1301,-90.1711,-90.2107,-90.2488,-90.2856,-90.3209,-90.3548,-90.3873,-90.4119,-90.3524,-90.2153,-90.0498,-89.8859,-89.7380,-89.6116,-89.5080,-89.4261,-89.3642,-89.3201,-89.2916,-89.2766,-89.2733,-89.2799,-89.2949,-89.3171,-89.3452,-89.3782,-89.4153,-89.4557,-89.4986,-89.5436,-89.5900,-89.6375,-89.6857,-89.7341,-89.7826,-89.8309,-89.8787,-89.9259,-89.9723,-90.0178,-90.0623,-90.1056,-90.1478,-90.1888,-90.2286,-90.2670,-90.3041,-90.3400,-90.3745,-90.3923,-90.2487,-90.0417,-89.8365,-89.6555,-89.5052,-89.3858,-89.2946,-89.2139,-89.0645,-88.8702,-88.6711,-88.4885,-88.3320,-88.2046,-88.1061,-88.0347,-87.9877,-87.9623,-87.9556,-87.9652,-87.9886,-88.0238,-88.0455,-87.9966,-87.9019,-87.7975,-87.7039,-87.6297,-87.5773,-87.5462,-87.5345,-87.5402,-87.5612,-87.5952,-87.6406,-87.6956,-87.7586,-87.8284,-87.9037,-87.9835,-88.0669,-88.1530,-88.2411,-88.3305,-88.4207,-88.5112,-88.6014,-88.6911,-88.7799,-88.8675,-88.9536,-89.0380,-89.1205,-89.2011,-89.2795,-89.3556,-89.4295,-89.5009,-89.5700,-89.6367,-89.7009,-89.7627,-89.8221,-89.8791,-89.9338,-89.9862,-90.0364,-90.0844,-90.1303,-90.1741,-90.2159,-90.2558,-90.2939,-90.3301,-90.3647,-90.3976,-90.4289,-90.4587,-90.4870,-90.5140,-90.5397,-90.5641,-90.5873,-90.6094,-90.6304,-90.6504,-90.6695,-90.6876,-90.7048,-90.7212,-90.7368,-90.7517,-90.7659,-90.7794,-90.7923,-90.8046,-90.8164,-90.8276,-90.8383,-90.8486,-90.8585,-90.8679,-90.8769,-90.8856,-90.8939,-90.9019,-90.9096,-90.9170,-90.9242,-90.9310,-90.9377,-90.9441,-90.9503,-90.9563,-90.9621,-90.9677,-90.9732,-90.9785,-90.9837,-90.9887,-90.9936,-90.9984,-91.0030,-91.0076,-91.0120,-91.0164,-91.0206,-91.0248,-91.0289,-91.0329,-91.0368,-91.0407,-91.0444,-91.0482,-91.0519,-91.0555,-91.0590,-91.0626,-91.0660,-91.0694,-91.0728,-91.0762,-91.0794,-91.0827,-91.0859,-91.0891,-91.0923,-91.0954,-91.0985,-91.1015,-91.1046,-91.1076,-91.1106,-91.1135,-91.1165,-91.1194,-91.1223,-91.1251,-91.1280,-91.1308,-91.1336,-91.1364,-91.1391,-91.1419,-91.1446,-91.1473,-91.1500,-91.1527,-91.1553,-91.1580,-91.1606,-91.1632,-91.1658,-91.0765,-90.8469,-90.5973,-90.3716,-90.1813,-90.0270,-89.9054,-89.8126,-89.7445,-89.6973,-89.6676,-89.6528,-89.6502,-89.6579,-89.6741,-89.6974,-89.7264,-89.7600,-89.7974,-89.8377,-89.8803,-89.9245,-89.9700,-90.0161,-90.0627,-90.1093,-90.1557,-90.2017,-90.2470,-90.2915,-90.3351,-90.3777,-90.4192,-90.4595,-90.4985,-90.5284,-90.4771,-90.3636,-90.2288,-90.0945,-89.9720,-89.8662,-89.7790,-89.7103,-89.6588,-89.6231,-89.6014,-89.5921,-89.5934,-89.5894,-89.5331,-89.4293,-89.3038,-89.1776,-89.0631,-88.9665,-88.8899,-88.8332,-88.7951,-88.7739,-88.7678,-88.7748,-88.7933,-88.8215,-88.8580,-88.9016,-88.9511,-89.0055,-89.0639,-89.1255,-89.1895,-89.2555,-89.3228,-89.3909,-89.4593,-89.5278,-89.5960,-89.6635,-89.7302,-89.7957,-89.8600,-89.9228,-89.9840,-90.0436,-90.1013,-90.1573,-90.2113,-90.2635,-90.2955,-90.2407,-90.1246,-89.9904,-89.8618,-89.7490,-89.6555,-89.5697,-89.4244,-89.2434,-89.0612,-88.8766,-88.6535,-88.4039,-88.1540,-87.9232,-87.7221,-87.5551,-87.4228,-87.3234,-87.2545,-87.2128,-87.1954,-87.1991,-87.2213,-87.2594,-87.3112,-87.3745,-87.4477,-87.5292,-87.6174,-87.7113,-87.8096,-87.9113,-88.0157,-88.1219,-88.2292,-88.3369,-88.4447,-88.5518,-88.6581,-88.7629,-88.8662,-88.9149,-88.8470,-88.7373,-88.6248,-88.5270,-88.4509,-88.3981,-88.3677,-88.3575,-88.3650,-88.3876,-88.4231,-88.4692,-88.5239,-88.5858,-88.6532,-88.7251,-88.7988,-88.8524,-88.8639,-88.8408,-88.8002,-88.7557,-88.7157,-88.6848,-88.6647,-88.6560,-88.6581,-88.6702,-88.6914,-88.7206,-88.7567,-88.7989,-88.7971,-88.6871,-88.5412,-88.3983,-88.2754,-88.1787,-88.1091,-88.0647,-88.0431,-88.0414,-88.0568,-88.0867,-88.1289,-88.1814,-88.2424,-88.3103,-88.3622,-88.2835,-88.1453,-88.0047,-87.8836,-87.7893,-87.7229,-87.6828,-87.6664,-87.6707,-87.6927,-87.7298,-87.7795,-87.8396,-87.9082,-87.9837,-88.0647,-88.1499,-88.2383,-88.3290,-88.4212,-88.5143,-88.6075,-88.7006,-88.7929,-88.8841,-88.9740,-89.0622,-89.1486,-89.2329,-89.3150,-89.3948,-89.4722,-89.5309,-89.5269,-89.4702,-89.3874,-89.2984,-89.2151,-89.1437,-89.0868,-89.0450,-89.0178,-89.0041,-89.0024,-89.0114,-89.0297,-89.0560,-89.0891,-89.1279,-89.1714,-89.2189,-89.2695,-89.3225,-89.3774,-89.4337,-89.4909,-89.5485,-89.6063,-89.6639,-89.7210,-89.7775,-89.8331,-89.8877,-89.9411,-89.9932,-90.0440,-90.0932,-90.1410,-90.1872,-90.2319,-90.2750,-90.3165,-90.3564,-90.3948,-90.4316,-90.4669,-90.5007,-90.5330,-90.5640,-90.5935,-90.6218,-90.6487,-90.6744,-90.6990,-90.7224,-90.7446,-90.7659,-90.7861,-90.8054,-90.8237,-90.8412,-90.8578,-90.7971,-90.5882,-90.3537,-90.1351,-89.9463,-89.7904,-89.6660,-89.5701,-89.4990,-89.4493,-89.4178,-89.4016,-89.3983,-89.4057,-89.4221,-89.4458,-89.4757,-89.5105,-89.5492,-89.5912,-89.6355,-89.6817,-89.7291,-89.7774,-89.8194,-89.7796,-89.6703,-89.5391,-89.4112,-89.2981,-89.2041,-89.1303,-89.0759,-89.0395,-89.0191,-89.0129,-89.0191,-89.0357,-89.0614,-89.0947,-89.1343,-89.1791,-89.2282,-89.2808,-89.3359,-89.3931,-89.4517,-89.5113,-89.5713,-89.6315,-89.6914,-89.7506,-89.7875,-89.7708,-89.7108,-89.6293,-89.5434,-89.4632,-89.3938,-89.3022,-89.1376,-88.9391,-88.7441,-88.5709,-88.4261,-88.3110,-88.2243,-88.1634,-88.1257,-88.1084,-88.1089,-88.1247,-88.1537,-88.1940,-88.2438,-88.3016,-88.3661,-88.4360,-88.5104,-88.5882,-88.6687,-88.7510,-88.8346,-88.9189,-89.0033,-89.0875,-89.1710,-89.2535,-89.3348,-89.4145,-89.4926,-89.5687,-89.6428,-89.7148,-89.7845,-89.8520,-89.9171,-89.9799,-90.0403,-90.0983,-90.1541,-90.2075,-90.2586,-90.3075,-90.3543,-90.3899,-90.3768,-90.3122,-90.2172,-90.1113,-90.0073,-89.9123,-89.8299,-89.7612,-89.7063,-89.6644,-89.6346,-89.6157,-89.6065,-89.6060,-89.6131,-89.6267,-89.6176,-89.5326,-89.3995,-89.2568,-89.1266,-89.0180,-88.9332,-88.8714,-88.8303,-88.8075,-88.8006,-88.8062,-88.7935,-88.7372,-88.6512,-88.5545,-88.4616,-88.3797,-88.2872,-88.1600,-88.0099,-87.8555,-87.7105,-87.5827,-87.4760,-87.3916,-87.3292,-87.2877,-87.2657,-87.2615,-87.2732,-87.2992,-87.3379,-87.3876,-87.4470,-87.5147,-87.5895,-87.6704,-87.7563,-87.8463,-87.9397,-88.0356,-88.1333,-88.2324,-88.3321,-88.4137,-88.3991,-88.3173,-88.2181,-88.1287,-88.0602,-87.9895,-87.7832,-87.5459,-87.3317,-87.1576,-87.0233,-86.8659,-86.6827,-86.5081,-86.3589,-86.2418,-86.1575,-86.1045,-86.0802,-86.0815,-86.1053,-86.1487,-86.2089,-86.2835,-86.3703,-86.4674,-86.5729,-86.6854,-86.8035,-86.9260,-87.0518,-87.1800,-87.3097,-87.4402,-87.5708,-87.7010,-87.8301,-87.9579,-88.0838,-88.2076,-88.3289,-88.4475,-88.5632,-88.6759,-88.7831,-88.8514,-88.8705,-88.8602,-88.8361,-88.8082,-88.7822,-88.7616,-88.7483,-88.7430,-88.7460,-88.7569,-88.7755,-88.8009,-88.8322,-88.8479,-88.8156,-88.7456,-88.6596,-88.5740,-88.4794,-88.3057,-88.0853,-87.8627,-87.6619,-87.4931,-87.3587,-87.2578,-87.1878,-87.1454,-87.1274,-87.1305,-87.1519,-87.1890,-87.2394,-87.3011,-87.3722,-87.4513,-87.5368,-87.6277,-87.7227,-87.8209,-87.9216,-88.0238,-88.1270,-88.2305,-88.3340,-88.4367,-88.5385,-88.6390,-88.7378,-88.8347,-88.9294,-89.0219,-89.1119,-89.1993,-89.2841,-89.3661,-89.4454,-89.5218,-89.5955,-89.6664,-89.7344,-89.7997,-89.8623,-89.9223,-89.9797,-90.0345,-90.0868,-90.1368,-90.1844,-90.2298,-90.2731,-90.3142,-90.3534,-90.3907,-90.4261,-90.4598,-90.4918,-90.5222,-90.5510,-90.5784,-90.6045,-90.6292,-90.6526,-90.6749,-90.6961,-90.7162,-90.7353,-90.7534,-90.7706,-90.7870,-90.8020,-90.7599,-90.6318,-90.4638,-90.2908,-90.1309,-89.9918,-89.8752,-89.7806,-89.7062,-89.6499,-89.6095,-89.5829,-89.5683,-89.5641,-89.5688,-89.5810,-89.5997,-89.6237,-89.6523,-89.5937,-89.4275,-89.2405,-89.0673,-88.9205,-88.8030,-88.7140,-88.6510,-88.6109,-88.5907,-88.5876,-88.5771,-88.4901,-88.3555,-88.2121,-88.0819,-87.9747,-87.8933,-87.8370,-87.8039,-87.7914,-87.7969,-87.8178,-87.8520,-87.8974,-87.9522,-88.0149,-88.0628,-88.0078,-87.8982,-87.7800,-87.6740,-87.5889,-87.5272,-87.4884,-87.4711,-87.4729,-87.4917,-87.5251,-87.5709,-87.6272,-87.6922,-87.7645,-87.8427,-87.8120,-87.6727,-87.5196,-87.3517,-87.1742,-87.0046,-86.8539,-86.7276,-86.6276,-86.5537,-86.5047,-86.4786,-86.4687,-86.4076,-86.2931,-86.1651,-86.0469,-85.9495,-85.8774,-85.8316,-85.8109,-85.8135,-85.8371,-85.8792,-85.9375,-86.0097,-86.0938,-86.1879,-86.2905,-86.4001,-86.5153,-86.6351,-86.7583,-86.8842,-87.0117,-87.1403,-87.2694,-87.3982,-87.5263,-87.6533,-87.7788,-87.9023,-88.0237,-88.1426,-88.2589,-88.3680,-88.4147,-88.3841,-88.3166,-88.2439,-88.1821,-88.1371,-88.1100,-88.0999,-88.0931,-87.9507,-87.6955,-87.4112,-87.1400,-86.9002,-86.6985,-86.5357,-86.4101,-86.3189,-86.2586,-86.2258,-86.2173,-86.2300,-86.2613,-86.3086,-86.3697,-86.4426,-86.5256,-86.6171,-86.7156,-86.8200,-86.9291,-87.0420,-87.1576,-87.2753,-87.3943,-87.5140,-87.6337,-87.7531,-87.8716,-87.9888,-88.1031,-88.2039,-88.2804,-88.3325,-88.3660,-88.3876,-88.4028,-88.4158,-88.4292,-88.4449,-88.4638,-88.4866,-88.5134,-88.5443,-88.5791,-88.6175,-88.6594,-88.7043,-88.7520,-88.8020,-88.8542,-88.9081,-88.9635,-89.0200,-89.0775,-89.1355,-89.1940,-89.2526,-89.3111,-89.3694,-89.4267,-89.3458,-89.1674,-88.9818,-88.8177,-88.6832,-88.5792,-88.5033,-88.4524,-88.4231,-88.4122,-88.4169,-88.4345,-88.4630,-88.5004,-88.5452,-88.5959,-88.6514,-88.7106,-88.7727,-88.8369,-88.9002,-88.9500,-88.9770,-88.9821,-88.9713,-88.9507,-88.9257,-88.9002,-88.8767,-88.8572,-88.8427,-88.8337,-88.8306,-88.8332,-88.8416,-88.8554,-88.8742,-88.8978,-88.9256,-88.9496,-88.9333,-88.8715,-88.7837,-88.6884,-88.5976,-88.5181,-88.4529,-88.4030,-88.3680,-88.3471,-88.3392,-88.3429,-88.3571,-88.3804,-88.4117,-88.4500,-88.4943,-88.5437,-88.5974,-88.6547,-88.7150,-88.7774,-88.7491,-88.6238,-88.4790,-88.3445,-88.2310,-88.1413,-88.0753,-88.0311,-88.0066,-87.9995,-88.0074,-88.0283,-88.0603,-88.1015,-88.1506,-88.2062,-88.2670,-88.3321,-88.4006,-88.4717,-88.5431,-88.5068,-88.3744,-88.2229,-88.0842,-87.9696,-87.8820,-87.8207,-87.7833,-87.7669,-87.7688,-87.7862,-87.8166,-87.8579,-87.9082,-87.9659,-88.0295,-88.0979,-88.1699,-88.2449,-88.3218,-88.3990,-88.4274,-88.3872,-88.3084,-88.2156,-88.1248,-88.0453,-87.9818,-87.9323,-87.8270,-87.6587,-87.4741,-87.3022,-87.1563,-87.0408,-86.9556,-86.8986,-86.8671,-86.8578,-86.8225,-86.7173,-86.5824,-86.4509,-86.3401,-86.2565,-86.2012,-86.1725,-86.1679,-86.1845,-86.2158,-86.2058,-86.1457,-86.0623,-85.9764,-85.9014,-85.8444,-85.8086,-85.7946,-85.8014,-85.8275,-85.8707,-85.9289,-86.0001,-86.0825,-86.1741,-86.2735,-86.3793,-86.4901,-86.6050,-86.7229,-86.8429,-86.9644,-87.0866,-87.1628,-87.1472,-87.0852,-87.0132,-86.9501,-86.9041,-86.8779,-86.8712,-86.8826,-86.9101,-86.9517,-87.0053,-87.0689,-87.1410,-87.2200,-87.3046,-87.3937,-87.4861,-87.5811,-87.6778,-87.7756,-87.8739,-87.9722,-88.0701,-88.1672,-88.2631,-88.3575,-88.4503,-88.5412,-88.6301,-88.7167,-88.8011,-88.8831,-88.9626,-89.0397,-89.1142,-89.1804,-89.1935,-89.1569,-89.0957,-89.0261,-88.9572,-88.8943,-88.8402,-88.7644,-88.5618,-88.3149,-88.0769,-87.8678,-87.6940,-87.5556,-87.4505,-87.3753,-87.3265,-87.3006,-87.2946,-87.3056,-87.3310,-87.3688,-87.4169,-87.4738,-87.5378,-87.5549,-87.4110,-87.2362,-87.0832,-86.9653,-86.8834,-86.8346,-86.8144,-86.8186,-86.8431,-86.8846,-86.9399,-87.0066,-87.0825,-87.1657,-87.2547,-87.3482,-87.4451,-87.5444,-87.6453,-87.7470,-87.8490,-87.9509,-88.0520,-88.1521,-88.2508,-88.3478,-88.4430,-88.5361,-88.6270,-88.7155,-88.7626,-88.7020,-88.5938,-88.4744,-88.3622,-88.2665,-88.1907,-88.1355,-88.0999,-88.0821,-88.0801,-88.0918,-88.1152,-88.1485,-88.1901,-88.2386,-88.2928,-88.3514,-88.4137,-88.4787,-88.5458,-88.6143,-88.6838,-88.7536,-88.8236,-88.8933,-88.9624,-89.0306,-89.0978,-89.1638,-89.2285,-89.2916,-89.3531,-89.4130,-89.4712,-89.5276,-89.5822,-89.6350,-89.6859,-89.7351,-89.7825,-89.8281,-89.8719,-89.9141,-89.9545,-89.9934,-90.0306,-90.0663,-90.1005,-90.1333,-90.1646,-90.1947,-90.2234,-90.2508,-90.2765,-90.1993,-90.0265,-89.8349,-89.6540,-89.4943,-89.3589,-89.2476,-89.1588,-89.0904,-89.0401,-89.0056,-88.9849,-88.9762,-88.9777,-88.9880,-89.0057,-89.0297,-89.0591,-89.0928,-89.1302,-89.1704,-89.2131,-89.2575,-89.3032,-89.3500,-89.3973,-89.4449,-89.4925,-89.5399,-89.5869,-89.6333,-89.6791,-89.7240,-89.7679,-89.8109,-89.8528,-89.8923,-89.9035,-89.8613,-89.7794,-89.6789,-89.5753,-89.4777,-89.3911,-89.3173,-89.2569,-89.2095,-89.1742,-89.1500,-89.1360,-89.1309,-89.1338,-89.1437,-89.1598,-89.1813,-89.2075,-89.2378,-89.2714,-89.3079,-89.3469,-89.3878,-89.4302,-89.4739,-89.5183,-89.5634,-89.6088,-89.6542,-89.6994,-89.7443,-89.7888,-89.8325,-89.8756,-89.9177,-89.9589,-89.9991,-90.0383,-90.0763,-90.1132,-90.1489,-90.1834,-90.2167,-90.2489,-90.2799,-90.3097,-90.3385,-90.3660,-90.3926,-90.4180,-90.4412,-90.3976,-90.2750,-90.1220,-89.9652,-89.8182,-89.6874,-89.5752,-89.4822,-89.4076,-89.3501,-89.3080,-89.2796,-89.2634,-89.2578,-89.2614,-89.2729,-89.2913,-89.3154,-89.3444,-89.3774,-89.4139,-89.4530,-89.4943,-89.5373,-89.5816,-89.6266,-89.6723,-89.7181,-89.7639,-89.8095,-89.8546,-89.8956,-89.9027,-89.8612,-89.7833,-89.6508,-89.4672,-89.2634,-89.0615,-88.8738,-88.7069,-88.5635,-88.4442,-88.3482,-88.2743,-88.2207,-88.1856,-88.1670,-88.1632,-88.1725,-88.1933,-88.2243,-88.2640,-88.3112,-88.3650,-88.4242,-88.4880,-88.5556,-88.6262,-88.6991,-88.7737,-88.8496,-88.9261,-89.0030,-89.0796,-89.1558,-89.2313,-89.3057,-89.3788,-89.4505,-89.5205,-89.5888,-89.6553,-89.7197,-89.7822,-89.8426,-89.9009,-89.9571,-90.0112,-90.0632,-90.1132,-90.1611,-90.2070,-90.2509,-90.2929,-90.3330,-90.3713,-90.4079,-90.4428,-90.4760,-90.5077,-90.5379,-90.5666,-90.5939,-90.6199,-90.6447,-90.6682,-90.6906,-90.7118,-90.7321,-90.7513,-90.7696,-90.7870,-90.8036,-90.8193,-90.8343,-90.8486,-90.8622,-90.8751,-90.8875,-90.8993,-90.9105,-90.9212,-90.9315,-90.9412,-90.9506,-90.9596,-90.9681,-90.9022,-90.7301,-90.5265,-90.3270,-90.1475,-89.9940,-89.8674,-89.7665,-89.6888,-89.6317,-89.5925,-89.5686,-89.5573,-89.5012,-89.3696,-89.2063,-89.0445,-88.9011,-88.7826,-88.6902,-88.6225,-88.5772,-88.5516,-88.5433,-88.5499,-88.5691,-88.5991,-88.6381,-88.6847,-88.7376,-88.7956,-88.8578,-88.9232,-88.9910,-89.0607,-89.1315,-89.2030,-89.2748,-89.3463,-89.4174,-89.4876,-89.5568,-89.6247,-89.6912,-89.7561,-89.8193,-89.8807,-89.9402,-89.9929,-89.9635,-89.8481,-89.7016,-89.5589,-89.4354,-89.3357,-89.2596,-89.2052,-89.1698,-89.1508,-89.1458,-89.1527,-89.1696,-89.1949,-89.2272,-89.2653,-89.3082,-89.3549,-89.4047,-89.4568,-89.5107,-89.5659,-89.6218,-89.6781,-89.7345,-89.7906,-89.8462,-89.9010,-89.9550,-90.0078,-90.0595,-90.1099,-90.1589,-90.2064,-90.2524,-90.2969,-90.3399,-90.3812,-90.4211,-90.4593,-90.4961,-90.5313,-90.5651,-90.5974,-90.6283,-90.6578,-90.6860,-90.7129,-90.7385,-90.7630,-90.7863,-90.8085,-90.8297,-90.8498,-90.8690,-90.8200,-90.6599,-90.4649,-90.2721,-90.0983,-89.9497,-89.8276,-89.7309,-89.6572,-89.6039,-89.5684,-89.5480,-89.5406,-89.5442,-89.5570,-89.5775,-89.6044,-89.6365,-89.6729,-89.7127,-89.7551,-89.7996,-89.8455,-89.8925,-89.9400,-89.9878,-90.0356,-90.0831,-90.1300,-90.1762,-90.2216,-90.2661,-90.3094,-90.3516,-90.3925,-90.4322,-90.4706,-90.5077,-90.5434,-90.5778,-90.6109,-90.6426,-90.6731,-90.7023,-90.7302,-90.7569,-90.7825,-90.8069,-90.8302,-90.8524,-90.8736,-90.8937,-90.9130,-90.9313,-90.9487,-90.9653,-90.9811,-90.9962,-91.0105,-91.0241,-91.0368,-91.0403,-91.0196,-90.9719,-90.9040,-90.8245,-90.7409,-90.6586,-90.5812,-90.5107,-90.4484,-90.3947,-90.3496,-90.3127,-90.2837,-90.2620,-90.2471,-90.2384,-90.2353,-90.2372,-90.2437,-90.2542,-90.2683,-90.2856,-90.3055,-90.3278,-90.3520,-90.3779,-90.4051,-90.4334,-90.4625,-90.4922,-90.5222,-90.5523,-90.5825,-90.6124,-90.6421,-90.6643,-90.6516,-90.6018,-90.5291,-90.4463,-90.3621,-90.2819,-90.2089,-90.1448,-90.0904,-90.0458,-90.0108,-89.9850,-89.9677,-89.9466,-89.8274,-89.6458,-89.4542,-89.2770,-89.0031,-88.6326,-88.2713,-87.8499,-87.4233,-87.0413,-86.7215,-86.4669,-86.2737,-86.1353,-86.0448,-85.9953,-85.9806,-85.9955,-86.0310,-86.0215,-85.9682,-85.8754,-85.7415,-85.5901,-85.4438,-85.3174,-85.2187,-85.1506,-85.1130,-85.1041,-85.1216,-85.1626,-85.2242,-85.3038,-85.3989,-85.5071,-85.6264,-85.7549,-85.8911,-86.0334,-86.1806,-86.3315,-86.4851,-86.6404,-86.7966,-86.9530,-87.1089,-87.2638,-87.4170,-87.5682,-87.7170,-87.8629,-88.0057,-88.1450,-88.2808,-88.4128,-88.5408,-88.6648,-88.7846,-88.9002,-89.0116,-89.1187,-89.2217,-89.3205,-89.4151,-89.5056,-89.5922,-89.6749,-89.7537,-89.8289,-89.9004,-89.9685,-90.0333,-90.0948,-90.1532,-90.2086,-90.2611,-90.3109,-90.3581,-90.4027,-90.4450,-90.4850,-90.5229,-90.5587,-90.5926,-90.6246,-90.6548,-90.6834,-90.7104,-90.7360,-90.7601,-90.7829,-90.8045,-90.8249,-90.8442,-90.8624,-90.8797,-90.8961,-90.9115,-90.9262,-90.9401,-90.9532,-90.9657,-90.9776,-90.9888,-90.9995,-91.0097,-91.0193,-91.0285,-91.0373,-91.0457,-91.0537,-91.0613,-91.0673,-91.0611,-91.0324,-90.9814,-90.9144,-90.8384,-90.7592,-90.6654,-90.4109,-90.0992,-89.7995,-89.5308,-89.1624,-88.7437,-88.3545,-88.0198,-87.7446,-87.5260,-87.3584,-87.2355,-87.1511,-87.0995,-87.0759,-87.0761,-87.0963,-87.1335,-87.1849,-87.2483,-87.3216,-87.4030,-87.4912,-87.5844,-87.6735,-87.7424,-87.7871,-87.8132,-87.8284,-87.8394,-87.8510,-87.8664,-87.8874,-87.9148,-87.9394,-87.9422,-87.9225,-87.8886,-87.8492,-87.8111,-87.7785,-87.7543,-87.7398,-87.7357,-87.7419,-87.7581,-87.7836,-87.8179,-87.8600,-87.9093,-87.9649,-88.0261,-88.0922,-88.1625,-88.2363,-88.3130,-88.3920,-88.4729,-88.5550,-88.6381,-88.7216,-88.8052,-88.8886,-88.9713,-89.0532,-89.1340,-89.2134,-89.2913,-89.3675,-89.4419,-89.5142,-89.5846,-89.6528,-89.7188,-89.7825,-89.8441,-89.9033,-89.9603,-90.0151,-90.0676,-90.1180,-90.1662,-90.2123,-90.2564,-90.2984,-90.3386,-90.3769,-90.4134,-90.4482,-90.4813,-90.5128,-90.5427
10,-86.0000,-86.6326,-87.0383,-87.3429,-87.5933,-87.8152,-88.0221,-88.2206,-88.4137,-88.6026,-88.7873,-88.9677,-89.1434,-89.3140,-89.4792,-89.6386,-89.7920,-89.9393,-90.0803,-90.2151,-90.3437,-90.4661,-90.5787,-90.6690,-90.7341,-90.7784,-90.8085,-90.8299,-90.8473,-90.8635,-90.8806,-90.8998,-90.9217,-90.9465,-90.9741,-91.0043,-91.0369,-91.0716,-91.1079,-91.1456,-91.1842,-91.2236,-91.2634,-91.3034,-91.3433,-91.3830,-91.4223,-91.4609,-91.4989,-91.5360,-91.5722,-91.6074,-91.6415,-91.6744,-91.7063,-91.7369,-91.7663,-91.7945,-91.8215,-91.8474,-91.8720,-91.8955,-91.9178,-91.9390,-91.9592,-91.9782,-91.9963,-92.0134,-92.0296,-92.0449,-92.0593,-92.0729,-92.0857,-92.0978,-92.1091,-92.1198,-92.1061,-92.0296,-91.9192,-91.7999,-91.6863,-91.5859,-91.5016,-91.4339,-91.3818,-91.3439,-91.3184,-91.3037,-91.2980,-91.3000,-91.3083,-91.3218,-91.3396,-91.3608,-91.3847,-91.4108,-91.4383,-91.4670,-91.4965,-91.5263,-91.5563,-91.5862,-91.6158,-91.6008,-91.5025,-91.3858,-91.2757,-91.1812,-91.1050,-91.0468,-91.0054,-90.9787,-90.9649,-90.9620,-90.9684,-90.9824,-91.0028,-91.0283,-91.0579,-91.0908,-91.1261,-91.1632,-91.1978,-91.2183,-91.2210,-91.2101,-91.1913,-91.1698,-91.1491,-91.1315,-91.1183,-91.1101,-91.1070,-91.1090,-91.1156,-91.1265,-91.1412,-91.1593,-91.1802,-91.2036,-91.2290,-91.2561,-91.2846,-91.3140,-91.3442,-91.3750,-91.4059,-91.4370,-91.4680,-91.4987,-91.5290,-91.5588,-91.5881,-91.6167,-91.6445,-91.6715,-91.6977,-91.7229,-91.7473,-91.7708,-91.7933,-91.8150,-91.8356,-91.8554,-91.8743,-91.8923,-91.9094,-91.9257,-91.9412,-91.9558,-91.9619,-91.9376,-91.8571,-91.7329,-91.5887,-91.4414,-91.3016,-91.1750,-91.0646,-90.9712,-90.8945,-90.8338,-90.7877,-90.7549,-90.7339,-90.7235,-90.7224,-90.7292,-90.7430,-90.7626,-90.7873,-90.8163,-90.8487,-90.8839,-90.9214,-90.8491,-90.6865,-90.5259,-90.3920,-90.2901,-90.2191,-90.1750,-90.1539,-90.1516,-90.1646,-90.1900,-90.2252,-90.2681,-90.3169,-90.3701,-90.4265,-90.4853,-90.5454,-90.6063,-90.6674,-90.7282,-90.7883,-90.8475,-90.9054,-90.8771,-90.7334,-90.5818,-90.4525,-90.3529,-90.2826,-90.2383,-90.2162,-90.2124,-90.2233,-90.2462,-90.2784,-90.3180,-90.3633,-90.4127,-90.4653,-90.5200,-90.5760,-90.6327,-90.6896,-90.7462,-90.8022,-90.8573,-90.9112,-90.9638,-91.0150,-91.0645,-91.1125,-91.1586,-91.2031,-91.2457,-91.2821,-91.2645,-91.1901,-91.0915,-90.9928,-90.9062,-90.8364,-90.7842,-90.7386,-90.6606,-90.5571,-90.4495,-90.3518,-90.2709,-90.2088,-90.1654,-90.1394,-90.1289,-90.1318,-90.1461,-90.1701,-90.2021,-90.2406,-90.2844,-90.3324,-90.3837,-90.4373,-90.4927,-90.5492,-90.6063,-90.6635,-90.7205,-90.7770,-90.8326,-90.8872,-90.9405,-90.9925,-91.0430,-91.0919,-91.1391,-91.1846,-91.2284,-91.2704,-91.3107,-91.3492,-91.3860,-91.4212,-91.4546,-91.4865,-91.5168,-91.5456,-91.5729,-91.5988,-91.6234,-91.6466,-91.6686,-91.6895,-91.7092,-91.7278,-91.7454,-91.7620,-91.7777,-91.7925,-91.8065,-91.8197,-91.8322,-91.8440,-91.8551,-91.8656,-91.8756,-91.8849,-91.8938,-91.9022,-91.9101,-91.9177,-91.9248,-91.9315,-91.9379,-91.9440,-91.9497,-91.9552,-91.9604,-91.9654,-91.9701,-91.9746,-91.9789,-91.9810,-91.9411,-91.8513,-91.7389,-91.5411,-91.2634,-90.9930,-90.7595,-90.5688,-90.4190,-90.3056,-90.2239,-90.1691,-90.1369,-90.1236,-90.1259,-90.1412,-90.1671,-90.2015,-90.2428,-90.2897,-90.3408,-90.3951,-90.4517,-90.5100,-90.5692,-90.6288,-90.6884,-90.7476,-90.8061,-90.8635,-90.9197,-90.9745,-91.0278,-91.0795,-91.1294,-91.1775,-91.2238,-91.2683,-91.3109,-91.3517,-91.3906,-91.4278,-91.4628,-91.4758,-91.4516,-91.4019,-91.3399,-91.2755,-91.2149,-91.1618,-91.1179,-91.0835,-91.0586,-91.0425,-91.0344,-91.0333,-91.0383,-91.0486,-91.0502,-91.0144,-90.9506,-90.8719,-90.6841,-90.4368,-90.1981,-89.9936,-89.8285,-89.6358,-89.4121,-89.2018,-89.0255,-88.8898,-88.7942,-88.7349,-88.7074,-88.7067,-88.7285,-88.7687,-88.8239,-88.8912,-88.9680,-89.0522,-89.1421,-89.2362,-89.3332,-89.4319,-89.5316,-89.6314,-89.7307,-89.8290,-89.9257,-90.0206,-90.1133,-90.2036,-90.2912,-90.3760,-90.4580,-90.5370,-90.6129,-90.6858,-90.7554,-90.8112,-90.8371,-90.8360,-90.8178,-90.7917,-90.7646,-90.7407,-90.7223,-90.7105,-90.7055,-90.7072,-90.7149,-90.7281,-90.7462,-90.7683,-90.7939,-90.8224,-90.8533,-90.8861,-90.9203,-90.9556,-90.9916,-91.0281,-91.0647,-91.1013,-91.1376,-91.1736,-91.2090,-91.2437,-91.1837,-91.0157,-90.8431,-90.6944,-90.5765,-90.4888,-90.4279,-90.3898,-90.3706,-90.3670,-90.3748,-90.3649,-90.3164,-90.2471,-90.1764,-90.1156,-90.0696,-90.0395,-90.0245,-90.0231,-90.0334,-90.0537,-90.0822,-90.1177,-90.1587,-90.2042,-90.2531,-90.3048,-90.3585,-90.4135,-90.4693,-90.5256,-90.5819,-90.6378,-90.6931,-90.7476,-90.8011,-90.8533,-90.9042,-90.9537,-91.0016,-91.0480,-91.0927,-91.1357,-91.1771,-91.2168,-91.2548,-91.2912,-91.3259,-91.3590,-91.3906,-91.4207,-91.4493,-91.4765,-91.5023,-91.5268,-91.5501,-91.5721,-91.5927,-91.5902,-91.5497,-91.4888,-91.4211,-91.3546,-91.2936,-91.2402,-91.1953,-91.1592,-91.1315,-91.1117,-91.0990,-91.0929,-91.0924,-91.0969,-91.1057,-91.1182,-91.1339,-91.1521,-91.1725,-91.1945,-91.2180,-91.2424,-91.2676,-91.2933,-91.3193,-91.3454,-91.3713,-91.3971,-91.4225,-91.4475,-91.4719,-91.4958,-91.5190,-91.5416,-91.5634,-91.5845,-91.6049,-91.6244,-91.6433,-91.6613,-91.6787,-91.6953,-91.7111,-91.7263,-91.7407,-91.7546,-91.7677,-91.7803,-91.7922,-91.8036,-91.8144,-91.8166,-91.7863,-91.7243,-91.6444,-91.5595,-91.4783,-91.4057,-91.3437,-91.2929,-91.2530,-91.2232,-91.2023,-91.1845,-91.1563,-91.1148,-91.0640,-91.0092,-90.9553,-90.9057,-90.8626,-90.7867,-90.5504,-90.2648,-89.9852,-89.7356,-89.5248,-89.3546,-89.2232,-89.1272,-89.0623,-89.0246,-89.0102,-89.0156,-89.0377,-89.0737,-89.1213,-89.1783,-89.2430,-89.3139,-89.3896,-89.4689,-89.5509,-89.6348,-89.7197,-89.8050,-89.8903,-89.9749,-90.0586,-90.1409,-90.2216,-90.3005,-90.3774,-90.4520,-90.5243,-90.5942,-90.6616,-90.7265,-90.7888,-90.8486,-90.9058,-90.9606,-91.0128,-91.0627,-91.1098,-91.1460,-91.1605,-91.1542,-91.1325,-91.1016,-91.0667,-91.0303,-90.9750,-90.8896,-90.7852,-90.6760,-90.5726,-90.4810,-90.4042,-90.3430,-90.2970,-90.2653,-90.2464,-90.2389,-90.2414,-90.2526,-90.2712,-90.2961,-90.3263,-90.3610,-90.3992,-90.4403,-90.4837,-90.5288,-90.5752,-90.6224,-90.6701,-90.7179,-90.7655,-90.8127,-90.8593,-90.9051,-90.9500,-90.9938,-91.0364,-91.0778,-91.1179,-91.1566,-91.1939,-91.2299,-91.2644,-91.2975,-91.3292,-91.3596,-91.3886,-91.4163,-91.4427,-91.4679,-91.4918,-91.5146,-91.5363,-91.5568,-91.5764,-91.5949,-91.6125,-91.6293,-91.6451,-91.6601,-91.6744,-91.6879,-91.7007,-91.7129,-91.7245,-91.7354,-91.7458,-91.7557,-91.7651,-91.7740,-91.7825,-91.7905,-91.7982,-91.8055,-91.8125,-91.8191,-91.8255,-91.8200,-91.7601,-91.6554,-91.5355,-91.4201,-91.3184,-91.2336,-91.1656,-91.1132,-91.0747,-91.0482,-91.0320,-91.0245,-91.0243,-91.0304,-91.0415,-91.0569,-91.0758,-91.0974,-91.1213,-91.1469,-91.1738,-91.2016,-91.2301,-91.2588,-91.2877,-91.3166,-91.3451,-91.3733,-91.4010,-91.4280,-91.4544,-91.4800,-91.5049,-91.5290,-91.5522,-91.5745,-91.5960,-91.6167,-91.6364,-91.6554,-91.6735,-91.6901,-91.6619,-91.5705,-91.4536,-91.3368,-91.2325,-91.1452,-91.0758,-91.0233,-90.9859,-90.9619,-90.9493,-90.9463,-90.9514,-90.9631,-90.9803,-91.0019,-91.0271,-91.0550,-91.0850,-91.1166,-91.1493,-91.1827,-91.2165,-91.2503,-91.2840,-91.3174,-91.3502,-91.3824,-91.4139,-91.4445,-91.4742,-91.5029,-91.5306,-91.5574,-91.5830,-91.6077,-91.6313,-91.6539,-91.6755,-91.6956,-91.6901,-91.6465,-91.5820,-91.5104,-91.4399,-91.3752,-91.3189,-91.2719,-91.2344,-91.2060,-91.1862,-91.1740,-91.1604,-91.1184,-91.0522,-90.9746,-90.8963,-90.8240,-90.7499,-90.6543,-90.5343,-90.3830,-90.2144,-90.0469,-89.8933,-89.7604,-89.6512,-89.5660,-89.5039,-89.4631,-89.4414,-89.4366,-89.4466,-89.4693,-89.5028,-89.5456,-89.5961,-89.6531,-89.7152,-89.7816,-89.8512,-89.9233,-89.9952,-90.0540,-90.0934,-90.1160,-90.1275,-90.1333,-90.1375,-90.1433,-90.1524,-90.1659,-90.1843,-90.2076,-90.2356,-90.2680,-90.3042,-90.3437,-90.3860,-90.4307,-90.4773,-90.5253,-90.5743,-90.6240,-90.6740,-90.7241,-90.7740,-90.8234,-90.8723,-90.9203,-90.9674,-91.0135,-91.0584,-91.1021,-91.1445,-91.1855,-91.2251,-91.2633,-91.3001,-91.3354,-91.3693,-91.4017,-91.4328,-91.4624,-91.4908,-91.5178,-91.5435,-91.5680,-91.5912,-91.6134,-91.6344,-91.6543,-91.6732,-91.6911,-91.7081,-91.7242,-91.7395,-91.7539,-91.7676,-91.7805,-91.7928,-91.8044,-91.7298,-91.5398,-91.3357,-91.1385,-90.9559,-90.7922,-90.6498,-90.5294,-90.4305,-90.3521,-90.2925,-90.2490,-90.2014,-90.1336,-90.0538,-89.9732,-89.9000,-89.8388,-89.7918,-89.7595,-89.7415,-89.7369,-89.7442,-89.7622,-89.7894,-89.8246,-89.8664,-89.9138,-89.9658,-90.0214,-90.0799,-90.1406,-90.2028,-90.2659,-90.3296,-90.3934,-90.4569,-90.5198,-90.5818,-90.6428,-90.7024,-90.7607,-90.8174,-90.8724,-90.9256,-90.9770,-91.0242,-91.0406,-91.0181,-90.9706,-90.9128,-90.8551,-90.8036,-90.7615,-90.7301,-90.7092,-90.6981,-90.6960,-90.7017,-90.7141,-90.7322,-90.7550,-90.7817,-90.8116,-90.8440,-90.8783,-90.9140,-90.9507,-90.9881,-91.0258,-91.0635,-91.1010,-91.1382,-91.1748,-91.2107,-91.2457,-91.2799,-91.3131,-91.3453,-91.3764,-91.4064,-91.4352,-91.4630,-91.4896,-91.5126,-91.5133,-91.4816,-91.4262,-91.3597,-91.2913,-91.2270,-91.1699,-91.1213,-91.0816,-91.0505,-91.0276,-91.0121,-91.0032,-91.0003,-91.0026,-91.0094,-91.0202,-91.0343,-91.0512,-91.0705,-91.0918,-91.1147,-91.1389,-91.1640,-91.1899,-91.2162,-91.2428,-91.2695,-91.2962,-91.3227,-91.3489,-91.3747,-91.4000,-91.4247,-91.4488,-91.4723,-91.4950,-91.5171,-91.5383,-91.5589,-91.5786,-91.5976,-91.6158,-91.6333,-91.6501,-91.6661,-91.6814,-91.6960,-91.7100,-91.7233,-91.7159,-91.6541,-91.5576,-91.4485,-91.3412,-91.2437,-91.1599,-91.0908,-91.0362,-90.9951,-90.9660,-90.9474,-90.9380,-90.9364,-90.9413,-90.9518,-90.9668,-90.9855,-91.0073,-91.0316,-91.0577,-91.0853,-91.1139,-91.1430,-91.1548,-91.1281,-91.0726,-91.0037,-90.9332,-90.8686,-90.8137,-90.7510,-90.5676,-90.3588,-90.1728,-90.0221,-89.8932,-89.7557,-89.6172,-89.4902,-89.3826,-89.2980,-89.2371,-89.1990,-89.1817,-89.1828,-89.1999,-89.2304,-89.2097,-89.1175,-89.0114,-88.9218,-88.8593,-88.8251,-88.8168,-88.8308,-88.8636,-88.9116,-88.9721,-89.0424,-89.1153,-89.1593,-89.1722,-89.1689,-89.1618,-89.1589,-89.1645,-89.1803,-89.2066,-89.2431,-89.2886,-89.3421,-89.4022,-89.4678,-89.5379,-89.6113,-89.6873,-89.7650,-89.8438,-89.9230,-90.0022,-90.0810,-90.1588,-90.2355,-90.3108,-90.3844,-90.4561,-90.5258,-90.5934,-90.6588,-90.7219,-90.7827,-90.8412,-90.8973,-90.9510,-91.0025,-91.0516,-91.0985,-91.1432,-91.1857,-91.2262,-91.2646,-91.3011,-91.3357,-91.3685,-91.3996,-91.4267,-91.3219,-91.1503,-90.9824,-90.8392,-90.7255,-90.6403,-90.5726,-90.4915,-90.4004,-90.3102,-90.2285,-90.1595,-90.1051,-90.0655,-90.0403,-90.0283,-90.0283,-90.0298,-89.9644,-89.8560,-89.7451,-89.6500,-89.5775,-89.5287,-89.5021,-89.4951,-89.5049,-89.5289,-89.5646,-89.6098,-89.6627,-89.7216,-89.7853,-89.8524,-89.9221,-89.9935,-90.0658,-90.1386,-90.2111,-90.2831,-90.3542,-90.4240,-90.4924,-90.5500,-90.5434,-90.5008,-90.4480,-90.3973,-90.3545,-90.3221,-90.3008,-90.2904,-90.2899,-90.2985,-90.3149,-90.3381,-90.3670,-90.4006,-90.4381,-90.4787,-90.5216,-90.5663,-90.6123,-90.6591,-90.7062,-90.7534,-90.8004,-90.8468,-90.8926,-90.9376,-90.9815,-91.0243,-91.0659,-91.1063,-91.1453,-91.1829,-91.2192,-91.2541,-91.2876,-91.3197,-91.3504,-91.3798,-91.4078,-91.4346,-91.4602,-91.4845,-91.5076,-91.5296,-91.5506,-91.5705,-91.5893,-91.6073,-91.6243,-91.6405,-91.6558,-91.6703,-91.6841,-91.6972,-91.7096,-91.7214,-91.7326,-91.7432,-91.7532,-91.7628,-91.7719,-91.7806,-91.7888,-91.7966,-91.7865,-91.7195,-91.6119,-91.4927,-91.3798,-91.2813,-91.1997,-91.1348,-91.0853,-91.0492,-91.0249,-91.0106,-91.0047,-91.0061,-91.0134,-91.0257,-91.0421,-91.0618,-91.0842,-91.1088,-91.1350,-91.1624,-91.1907,-91.2196,-91.2488,-91.2780,-91.3071,-91.3359,-91.3640,-91.3067,-91.1576,-90.9999,-90.8630,-90.7536,-90.6712,-90.6128,-90.5750,-90.5544,-90.5480,-90.5533,-90.5673,-90.5712,-90.5518,-90.5159,-90.4733,-90.4312,-90.3943,-90.3653,-90.3452,-90.3345,-90.3240,-90.2487,-90.1239,-89.9956,-89.8862,-89.8022,-89.7435,-89.7076,-89.6915,-89.6922,-89.7070,-89.7331,-89.7525,-89.7463,-89.7217,-89.6906,-89.6616,-89.6399,-89.6282,-89.6275,-89.6376,-89.6579,-89.6872,-89.7246,-89.7688,-89.8188,-89.8734,-89.9317,-89.9930,-90.0564,-90.1214,-90.1872,-90.2535,-90.3198,-90.3857,-90.4509,-90.5132,-90.5328,-90.4628,-90.2511,-90.0049,-89.7793,-89.5916,-89.4447,-89.3362,-89.2620,-89.2173,-89.1951,-89.1683,-89.1177,-89.0414,-88.9511,-88.8595,-88.7760,-88.7065,-88.6541,-88.6197,-88.6031,-88.6033,-88.6188,-88.6480,-88.6892,-88.7407,-88.8012,-88.8691,-88.9431,-89.0221,-89.1051,-89.1911,-89.2793,-89.3690,-89.4592,-89.5277,-89.5573,-89.5630,-89.5587,-89.5534,-89.5438,-89.4993,-89.4277,-89.3476,-89.2718,-89.1523,-88.9859,-88.8219,-88.6826,-88.5496,-88.3683,-88.1782,-87.9989,-87.8379,-87.7010,-87.5920,-87.5120,-87.4603,-87.4345,-87.4324,-87.3976,-87.2699,-87.1369,-87.0343,-86.9700,-86.9427,-86.9482,-86.9815,-87.0380,-87.1133,-87.2039,-87.3066,-87.4188,-87.5383,-87.6632,-87.7920,-87.9232,-88.0559,-88.1889,-88.3215,-88.4531,-88.5830,-88.7107,-88.8359,-88.9581,-89.0772,-89.1928,-89.3049,-89.4131,-89.5176,-89.6181,-89.7146,-89.8072,-89.8958,-89.9805,-90.0613,-90.1382,-90.2115,-90.2810,-90.3470,-90.4096,-90.4688,-90.5247,-90.5776,-90.6274,-90.6744,-90.7186,-90.7601,-90.7992,-90.8359,-90.8702,-90.9024,-90.9326,-90.9607,-90.9871,-91.0117,-91.0346,-91.0559,-91.0758,-91.0943,-91.1115,-91.1275,-91.1423,-91.1560,-91.1687,-91.1805,-91.1913,-91.2006,-91.1817,-91.1183,-90.9999,-90.7888,-90.5482,-90.3051,-90.0270,-89.7408,-89.4739,-89.2403,-89.0453,-88.8889,-88.7689,-88.6816,-88.6230,-88.5891,-88.5765,-88.5817,-88.6019,-88.6346,-88.6776,-88.7291,-88.7873,-88.8509,-88.9187,-88.9897,-89.0630,-89.1377,-89.2134,-89.2893,-89.3650,-89.4401,-89.5142,-89.5871,-89.6584,-89.7281,-89.7958,-89.8616,-89.9252,-89.9867,-90.0459,-90.1028,-90.1574,-90.2097,-90.2598,-90.3076,-90.3531,-90.3965,-90.4378,-90.4769,-90.5141,-90.5391,-90.4848,-90.3831,-90.2744,-90.1752,-90.0914,-90.0240,-89.9724,-89.9351,-89.9103,-89.8964,-89.8919,-89.8952,-89.9051,-89.9201,-89.9069,-89.8461,-89.7595,-89.6665,-89.5791,-89.5036,-89.4429,-89.3975,-89.3667,-89.3492,-89.3436,-89.3481,-89.3613,-89.3819,-89.4085,-89.4401,-89.4756,-89.5144,-89.5557,-89.5988,-89.6432,-89.6883,-89.7083,-89.6713,-89.6021,-89.5240,-89.4502,-89.3869,-89.3367,-89.3000,-89.2762,-89.2643,-89.2627,-89.2703,-89.2855,-89.3073,-89.3345,-89.3662,-89.4015,-89.4396,-89.4799,-89.5219,-89.5650,-89.5357,-89.3944,-89.2418,-89.1086,-89.0037,-88.9274,-88.8770,-88.8488,-88.8393,-88.8451,-88.8632,-88.8914,-88.9274,-88.9697,-89.0167,-89.0673,-89.1206,-89.1756,-89.2318,-89.2886,-89.3455,-89.4022,-89.4582,-89.5134,-89.5636,-89.5978,-89.6129,-89.6125,-89.6023,-89.5872,-89.5710,-89.5564,-89.5450,-89.5377,-89.5349,-89.5366,-89.5426,-89.5527,-89.5665,-89.5837,-89.6037,-89.6262,-89.6501,-89.6213,-89.5328,-89.4160,-89.2682,-89.1077,-88.9504,-88.8060,-88.6799,-88.5740,-88.4887,-88.4232,-88.3761,-88.3457,-88.3303,-88.3280,-88.3372,-88.3563,-88.3839,-88.4187,-88.4596,-88.5055,-88.5555,-88.6088,-88.6647,-88.7226,-88.7818,-88.8420,-88.9027,-88.9635,-89.0241,-89.0842,-89.1378,-89.1502,-89.1192,-89.0669,-89.0114,-88.9625,-88.9247,-88.8991,-88.8853,-88.8821,-88.8585,-88.7428,-88.5978,-88.4600,-88.3441,-88.2547,-88.1916,-88.1396,-88.0324,-87.8980,-87.7709,-87.6657,-87.5873,-87.5354,-87.5079,-87.4744,-87.4008,-87.3162,-87.2401,-87.1807,-87.1404,-87.1190,-87.1154,-87.1278,-87.1543,-87.1930,-87.2422,-87.3001,-87.3654,-87.4367,-87.5129,-87.5928,-87.6756,-87.7600,-87.8231,-87.8438,-87.8346,-87.8126,-87.7903,-87.7751,-87.7704,-87.7773,-87.7955,-87.8240,-87.8616,-87.9068,-87.9585,-88.0154,-88.0764,-88.1408,-88.2075,-88.2760,-88.3456,-88.4159,-88.4863,-88.5565,-88.6262,-88.6950,-88.7628,-88.8294,-88.8756,-88.8385,-88.7570,-88.6680,-88.5883,-88.5247,-88.4791,-88.4505,-88.4374,-88.4376,-88.4492,-88.4702,-88.4989,-88.5290,-88.5237,-88.4488,-88.2718,-88.0600,-87.8586,-87.6860,-87.5470,-87.4407,-87.3642,-87.3141,-87.2869,-87.2793,-87.2883,-87.3113,-87.2722,-87.1516,-87.0286,-86.9308,-86.8637,-86.8258,-86.8136,-86.8234,-86.8516,-86.8948,-86.9504,-87.0160,-87.0895,-87.1692,-87.2538,-87.3420,-87.4328,-87.5252,-87.6186,-87.7124,-87.8060,-87.8989,-87.9908,-88.0814,-88.1703,-88.2574,-88.3425,-88.4255,-88.5062,-88.5845,-88.6603,-88.7337,-88.8046,-88.8730,-88.9389,-89.0022,-89.0631,-89.1216,-89.1776,-89.2314,-89.2828,-89.3320,-89.3790,-89.4239,-89.4668,-89.5077,-89.5467,-89.5838,-89.6193,-89.6530,-89.6851,-89.7139,-89.7042,-89.6551,-89.5872,-89.5136,-89.4411,-89.3553,-89.2433,-89.1146,-88.9831,-88.8595,-88.7501,-88.6578,-88.5834,-88.5262,-88.4849,-88.4580,-88.4438,-88.4407,-88.4473,-88.4622,-88.4841,-88.5120,-88.5448,-88.5819,-88.6223,-88.6655,-88.7109,-88.7580,-88.8063,-88.8554,-88.9050,-88.9547,-89.0044,-89.0538,-89.0996,-89.1208,-89.1128,-89.0851,-89.0476,-89.0074,-88.9695,-88.9367,-88.9105,-88.8915,-88.8797,-88.8749,-88.8766,-88.8842,-88.8970,-88.9144,-88.9358,-88.9607,-88.9885,-89.0187,-89.0509,-89.0847,-89.0444,-88.9037,-88.7554,-88.6268,-88.5248,-88.4495,-88.3983,-88.3679,-88.3550,-88.3568,-88.3706,-88.3942,-88.4258,-88.4637,-88.5067,-88.5536,-88.6036,-88.6557,-88.7094,-88.7641,-88.8193,-88.8747,-88.9298,-88.9846,-89.0386,-89.0917,-89.1438,-89.1947,-89.2444,-89.2927,-89.3396,-89.3850,-89.4290,-89.4714,-89.5124,-89.5518,-89.5898,-89.6263,-89.6366,-89.5492,-89.4165,-89.2820,-89.1645,-89.0697,-88.9975,-88.9459,-88.9120,-88.8930,-88.8866,-88.8905,-88.9029,-88.9223,-88.9473,-88.9768,-89.0099,-89.0457,-89.0837,-89.1233,-89.1639,-89.2053,-89.2470,-89.2887,-89.3303,-89.3715,-89.4121,-89.4521,-89.4913,-89.5295,-89.5661,-89.5473,-89.4560,-89.3411,-89.2291,-89.1317,-89.0528,-88.9927,-88.9500,-88.9228,-88.9088,-88.9061,-88.9129,-88.9275,-88.9485,-88.9748,-89.0053,-89.0392,-89.0757,-89.1143,-89.1543,-89.1954,-89.2371,-89.2791,-89.3212,-89.3630,-89.4045,-89.4454,-89.4856,-89.5250,-89.5635,-89.6010,-89.6375,-89.6728,-89.7071,-89.7403,-89.7723,-89.8032,-89.8329,-89.8616,-89.8891,-89.9155,-89.9408,-89.9651,-89.9884,-90.0107,-90.0321,-90.0525,-90.0634,-90.0143,-89.9208,-89.8112,-89.7025,-89.6039,-89.5197,-89.4509,-89.3973,-89.3576,-89.3304,-89.3141,-89.3071,-89.3080,-89.3157,-89.3289,-89.3468,-89.3685,-89.3933,-89.4206,-89.4498,-89.4805,-89.5122,-89.5448,-89.5778,-89.6106,-89.6247,-89.5777,-89.4360,-89.1849,-88.8768,-88.5559,-88.1746,-87.7693,-87.3971,-87.0821,-86.8291,-86.6343,-86.4913,-86.3930,-86.3329,-86.3050,-86.3040,-86.3256,-86.3578,-86.3532,-86.3157,-86.2558,-86.1811,-86.1040,-86.0335,-85.9422,-85.8058,-85.6335,-85.4425,-85.2426,-85.0276,-84.7747,-84.5039,-84.2407,-84.0033,-83.8016,-83.6399,-83.5183,-83.4350,-83.3869,-83.3706,-83.3577,-83.2618,-83.1231,-82.9802,-82.8005,-82.5467,-82.3097,-82.1189,-81.9688,-81.8043,-81.6476,-81.5202,-81.4282,-81.3476,-81.2046,-81.0520,-80.9209,-80.8229,-80.7614,-80.7360,-80.7444,-80.7834,-80.8330,-80.8417,-80.7899,-80.6889,-80.5831,-80.4973,-80.4433,-80.4251,-80.4424,-80.4927,-80.5727,-80.6784,-80.8062,-80.9527,-81.1148,-81.2896,-81.4749,-81.6686,-81.8656,-82.0549,-82.2210,-82.3528,-82.4558,-82.5416,-82.6207,-82.7006,-82.7859,-82.8791,-82.9813,-83.0928,-83.2131,-83.3317,-83.3999,-83.4326,-83.4545,-83.4773,-83.4369,-83.3490,-83.2268,-83.0981,-82.9844,-82.8963,-82.8382,-82.8109,-82.8092,-82.7842,-82.6218,-82.3640,-82.0899,-81.8405,-81.6349,-81.4782,-81.3551,-81.2039,-80.9966,-80.7888,-80.6149,-80.4871,-80.4067,-80.3707,-80.3743,-80.4126,-80.4809,-80.5620,-80.6128,-80.6435,-80.6728,-80.7126,-80.7686,-80.8431,-80.9361,-81.0466,-81.1730,-81.3135,-81.4660,-81.6284,-81.7882,-81.9302,-82.0549,-82.1691,-82.2797,-82.3920,-82.4903,-82.5103,-82.4837,-82.4070,-82.2831,-82.1440,-82.0151,-81.9105,-81.8360,-81.7928,-81.7797,-81.7942,-81.8335,-81.8947,-81.9750,-82.0633,-82.1445,-82.2183,-82.2844,-82.3081,-82.2893,-82.2554,-82.1826,-82.0427,-81.8917,-81.7650,-81.6754,-81.5913,-81.4577,-81.2957,-81.1341,-80.9917,-80.8786,-80.7990,-80.7536,-80.7410,-80.7585,-80.8031,-80.8717,-80.9611,-81.0684,-81.1911,-81.3257,-81.4469,-81.4551,-81.3308,-81.1466,-80.9556,-80.7864,-80.6498,-80.4715,-80.2707,-80.0942,-79.9602,-79.8577,-79.7102,-79.5628,-79.4474,-79.3750,-79.3467,-79.3581,-79.3869,-79.4196,-79.4589,-79.4825,-79.4342,-79.3583,-79.2946,-79.2605,-79.2610,-79.2950,-79.3595,-79.4507,-79.5648,-79.6984,-79.8483,-80.0119,-80.1867,-80.3707,-80.5621,-80.7395,-80.8549,-80.9372,-81.0098,-81.0859,-81.1726,-81.2727,-81.3870,-81.5069,-81.5727,-81.5766,-81.5461,-81.5047,-81.4684,-81.4463,-81.4416,-81.3740,-81.2510,-81.1066,-80.9651,-80.8432,-80.7501,-80.6896,-80.6619,-80.6654,-80.6973,-80.7544,-80.8337,-80.9321,-81.0468,-81.1752,-81.3147,-81.4365,-81.5204,-81.5812,-81.6349,-81.6926,-81.7587,-81.8073,-81.8321,-81.8475,-81.8277,-81.7457,-81.6504,-81.5708,-81.5012,-81.3509,-81.1846,-81.0462,-80.9508,-80.9001,-80.8908,-80.9179,-80.9758,-81.0597,-81.1650,-81.2834,-81.3423,-81.3429,-81.3335,-81.3397,-81.3624,-81.3386,-81.2812,-81.2304,-81.2050,-81.2101,-81.2423,-81.2718,-81.2854,-81.2925,-81.3042,-81.3279,-81.3681,-81.4261,-81.5020,-81.5947,-81.7025,-81.8236,-81.9562,-82.0985,-82.2323,-82.2767,-82.2817,-82.2574,-82.1613,-82.0415,-81.9178,-81.7343,-81.5533,-81.4055,-81.3006,-81.2393,-81.2187,-81.2321,-81.2587,-81.2782,-81.2753,-81.2575,-81.2367,-81.2226,-81.2212,-81.2359,-81.2682,-81.3182,-81.3851,-81.4665,-81.5191,-81.5326,-81.5191,-81.4839,-81.4396,-81.3847,-81.2903,-81.1797,-81.0678,-80.9602,-80.8634,-80.7835,-80.7234,-80.6628,-80.5874,-80.5063,-80.4327,-80.3763,-80.3428,-80.3342,-80.3507,-80.3908,-80.4526,-80.5047,-80.5004,-80.4564,-80.3934,-80.3292,-80.2761,-80.2417,-80.2296,-80.2340,-80.2197,-80.1871,-80.1520,-80.1232,-80.0154,-79.8213,-79.6086,-79.3817,-79.0699,-78.7373,-78.4360,-78.1880,-77.9989,-77.8669,-77.7874,-77.7544,-77.7623,-77.8056,-77.8606,-77.8510,-77.8311,-77.8290,-77.8535,-77.9061,-77.9854,-78.0889,-78.2137,-78.3523,-78.4924,-78.6283,-78.7603,-78.8912,-79.0238,-79.1600,-79.3014,-79.4486,-79.6022,-79.7589,-79.9031,-80.0265,-80.1332,-80.2305,-80.3251,-80.4220,-80.5245,-80.6141,-80.6308,-80.6203,-80.6119,-80.6189,-80.6467,-80.6966,-80.7677,-80.8583,-80.9662,-81.0854,-81.1669,-81.2112,-81.2194,-81.1680,-81.0425,-80.8594,-80.6499,-80.3870,-80.0034,-79.5593,-79.1350,-78.7701,-78.4772,-78.2563,-78.0956,-77.9579,-77.8429,-77.7443,-77.6347,-77.5226,-77.4232,-77.3471,-77.3004,-77.2849,-77.2991,-77.3192,-77.3299,-77.3294,-77.2608,-77.1268,-76.9558,-76.7726,-76.5562,-76.2865,-75.9837,-75.6872,-75.4199,-75.1908,-74.9435,-74.6403,-74.2821,-73.9384,-73.6471,-73.4209,-73.2600,-73.1592,-73.1116,-73.1100,-73.1479,-73.2193,-73.2511,-73.2149,-73.1873,-73.1041,-72.9096,-72.6664,-72.4240,-72.2123,-72.0206,-71.8213,-71.6092,-71.4035,-71.2225,-71.0527,-70.8524,-70.6567,-70.4598,-70.2738,-70.1028,-69.8851,-69.6042,-69.2015,-68.7890,-68.4263,-68.1342,-67.9168,-67.7231,-67.5248,-67.3620,-67.2502,-67.1928,-67.1876,-67.2299,-67.3138,-67.4336,-67.5676,-67.6468,-67.7086,-67.7800,-67.8729,-67.9910,-68.1345,-68.3014,-68.4891,-68.6947,-68.9155,-69.1488,-69.3674,-69.4671,-69.4457,-69.3414,-69.2138,-69.0783,-68.8911,-68.6803,-68.4786,-68.3041,-68.1646,-68.0626,-67.9979,-67.9688,-67.9730,-68.0079,-68.0677,-68.1011,-68.1091,-68.1137,-68.1272,-68.1505,-68.1814,-68.2205,-68.2700,-68.3297,-68.3493,-68.2942,-68.1128,-67.8409,-67.5312,-67.2229,-66.9360,-66.6494,-66.3547,-66.0115,-65.6445,-65.2772,-64.8582,-64.4553,-64.1061,-63.8212,-63.6010,-63.4424,-63.3406,-63.2903,-63.2856,-63.3043,-63.3232,-63.3200,-63.2683,-63.1174,-62.9102,-62.6919,-62.4456,-62.1840,-61.9351,-61.7164,-61.5368,-61.3866,-61.2490,-61.1236,-61.0162,-60.9082,-60.7525,-60.5918,-60.4108,-60.2111,-59.9905,-59.7459,-59.4271,-59.0587,-58.6787,-58.3068,-57.9552,-57.6320,-57.3424,-57.0900,-56.8741,-56.6417,-56.3704,-56.0701,-55.7518,-55.4246,-55.0959,-54.7707,-54.4528,-54.1446,-53.8475,-53.5622,-53.2889,-53.0274,-52.7771,-52.4932,-52.0948,-51.5697,-50.9122,-50.1021,-49.0873,-47.7553,-45.8488,-42.6167,-34.0779,27.3379,-10.9433,-43.7524,-54.6399,-62.3519,-66.8810,-69.1844,-70.4220,-71.2212,-71.8251,-72.3304,-72.7775,-73.1826,-73.5221,-73.7857,-73.9706,-74.0484,-74.0026,-73.9091,-73.8213,-73.7596,-73.7315,-73.7385,-73.7796,-73.8525,-73.9547,-74.0833,-74.2355,-74.4085,-74.6000,-74.8076,-75.0234,-75.1767,-75.2749,-75.3638,-75.4676,-75.5947,-75.7465,-75.9213,-76.1163,-76.3288,-76.5560,-76.7957,-77.0456,-77.3041,-77.5694,-77.8404,-78.1158,-78.3946,-78.6611,-78.8958,-79.1069,-79.3047,-79.4970,-79.6888,-79.8831,-80.0816,-80.2852,-80.4940,-80.6733,-80.6898,-80.6143,-80.4967,-80.2483,-79.9171,-79.5307,-79.1001,-78.6589,-78.2375,-77.8556,-77.5240,-77.2468,-77.0244,-76.8544,-76.7333,-76.6566,-76.6199,-76.6186,-76.6487,-76.7063,-76.7880,-76.8910,-77.0127,-77.1507,-77.3031,-77.4682,-77.6445,-77.8306,-78.0253,-78.2277,-78.4367,-78.6388,-78.8109,-78.9585,-79.0927,-79.1871,-79.2342,-79.2657,-79.3005,-79.3474,-79.4099,-79.4890,-79.5832,-79.6209,-79.5320,-79.3973,-79.2679,-79.1585,-79.0697,-79.0042,-78.9647,-78.9524,-78.9666,-79.0024,-79.0042,-78.9506,-78.8640,-78.7672,-78.6470,-78.4091,-78.0996,-77.7875,-77.5085,-77.2779,-77.1007,-76.9763,-76.9006,-76.8586,-76.8340,-76.8244,-76.8324,-76.8606,-76.9102,-76.9808,-77.0715,-77.1807,-77.3068,-77.4478,-77.6022,-77.7659,-77.9014,-77.9942,-78.0653,-78.1203,-78.1649,-78.2085,-78.2582,-78.3077,-78.2899,-78.2277,-78.1672,-78.1305,-78.1243,-78.1489,-78.1943,-78.1774,-78.1258,-78.0237,-77.8971,-77.7378,-77.5297,-77.2982,-77.0703,-76.8645,-76.6803,-76.5140,-76.3703,-76.2554,-76.1729,-76.1240,-76.1081,-76.1232,-76.1669,-76.2364,-76.3204,-76.3869,-76.4350,-76.4776,-76.5266,-76.5894,-76.6473,-76.6178,-76.4316,-76.1855,-75.9341,-75.6907,-75.4614,-75.2516,-75.0657,-74.9066,-74.7755,-74.6723,-74.5961,-74.5454,-74.5184,-74.5132,-74.5279,-74.5608,-74.6102,-74.6747,-74.7531,-74.8444,-74.9475,-75.0618,-75.1865,-75.3211,-75.4652,-75.6181,-75.7796,-75.9492,-76.1265,-76.3110,-76.4896,-76.6155,-76.7077,-76.7871,-76.8658,-76.9501,-77.0435,-77.1119,-77.1080,-77.0783,-77.0591,-77.0644,-77.0224,-76.9495,-76.8916,-76.8631,-76.8585,-76.8364,-76.7682,-76.6586,-76.5464,-76.4585,-76.4067,-76.3919,-76.3535,-76.2269,-76.0840,-75.9611,-75.8727,-75.8230,-75.8113,-75.8346,-75.8887,-75.9053,-75.7895,-75.6107,-75.4187,-75.2397,-75.0868,-74.9659,-74.8794,-74.8271,-74.8079,-74.8199,-74.8607,-74.9280,-75.0193,-75.1019,-75.1361,-75.1595,-75.1910,-75.2391,-75.3069,-75.3752,-75.4183,-75.4478,-75.4789,-75.5227,-75.5855,-75.6698,-75.7759,-75.9012,-76.0192,-76.0865,-76.0911,-76.0297,-75.8803,-75.5925,-75.2569,-74.9268,-74.6282,-74.3723,-74.1629,-73.9996,-73.8803,-73.7868,-73.6785,-73.5619,-73.4580,-73.3810,-73.2957,-73.1646,-73.0327,-72.9306,-72.8696,-72.8511,-72.8723,-72.9264,-72.9824,-73.0334,-73.0893,-73.1573,-73.2409,-73.3419,-73.4602,-73.5920,-73.6665,-73.7119,-73.7620,-73.8231,-73.8894,-73.9377,-73.9207,-73.7898,-73.6008,-73.3974,-73.0609,-72.6596,-72.2819,-71.9638,-71.7149,-71.5330,-71.4123,-71.3456,-71.3260,-71.3470,-71.4033,-71.4898,-71.6025,-71.7377,-71.8923,-72.0638,-72.2497,-72.4483,-72.6576,-72.8765,-73.0992,-73.2578,-73.3641,-73.4611,-73.5704,-73.6997,-73.8503,-74.0208,-74.2088,-74.4119,-74.6277,-74.8541,-75.0894,-75.3321,-75.5808,-75.8345,-76.0922,-76.3531,-76.6153,-76.8398,-76.9959,-77.0951,-77.1546,-77.1816,-77.1383,-77.0446,-76.9369,-76.8373,-76.7570,-76.7008,-76.6701,-76.6633,-76.6217,-76.3671,-76.0293,-75.6971,-75.4080,-75.1746,-74.9912,-74.8141,-74.6385,-74.4841,-74.3651,-74.2872,-74.2506,-74.2526,-74.2893,-74.3568,-74.4509,-74.5682,-74.7055,-74.8603,-75.0302,-75.2134,-75.4083,-75.6135,-75.8280,-76.0508,-76.2808,-76.5174,-76.7598,-77.0072,-77.2589,-77.5144,-77.7728,-78.0337,-78.2964,-78.5603,-78.8250,-79.0900,-79.3549,-79.6191,-79.8825,-80.1447,-80.4054,-80.6643,-80.9213,-81.1760,-81.4283,-81.6781,-81.9250,-82.1690,-82.4098,-82.6474,-82.8815,-83.1121,-83.3389,-83.5618,-83.7808,-83.9956,-84.2061,-84.4123,-84.6141,-84.8113,-85.0038,-85.1914,-85.3658,-85.5157,-85.6422,-85.7511,-85.8484,-85.9352,-85.9436,-85.8761,-85.7891,-85.6986,-85.5855,-85.4699,-85.3668,-85.2831,-85.2218,-85.1831,-85.1661,-85.1691,-85.1896,-85.1937,-85.1590,-85.1074,-85.0565,-85.0162,-84.9913,-84.9837,-84.9935,-85.0199,-85.0615,-85.1168,-85.1842,-85.2621,-85.3489,-85.4433,-85.5440,-85.6498,-85.7598,-85.8729,-85.9885,-86.1058,-86.2241,-86.3430,-86.4166,-86.4253,-86.4112,-86.3968,-86.3913,-86.3667,-86.2911,-86.1975,-86.1081,-86.0344,-85.9815,-85.9505,-85.9407,-85.9501,-85.9767,-86.0181,-86.0721,-86.1367,-86.2101,-86.2907,-86.3772,-86.4683,-86.5631,-86.6606,-86.7601,-86.8609,-86.9625,-87.0642,-87.1658,-87.2668,-87.3669,-87.4659,-87.5634,-87.6593,-87.7534,-87.8456,-87.9357,-88.0237,-88.1094,-88.1929,-88.2741,-88.3529,-88.4293,-88.5033,-88.5750,-88.6443,-88.7113,-88.7760,-88.8384,-88.8986,-88.9567,-89.0126,-89.0665,-89.1183,-89.1682,-89.2162,-89.2624,-89.3068,-89.3494,-89.3805,-89.3835,-89.3600,-89.3196,-89.2716,-89.2230,-89.1781,-89.1394,-89.1081,-89.0846,-89.0688,-89.0600,-89.0578,-89.0615,-89.0705,-89.0840,-89.1015,-89.1224,-89.1463,-89.1727,-89.2012,-89.2314,-89.2630,-89.2957,-89.3293,-89.3635,-89.3982,-89.4330,-89.4680,-89.5029,-89.5376,-89.5720,-89.6061,-89.6396,-89.6726,-89.7051,-89.7369,-89.7680,-89.7984,-89.8281,-89.8570,-89.8852,-89.9126,-89.9393,-89.9651,-89.9903,-90.0147,-90.0383,-90.0613,-90.0835,-90.1051,-90.1259,-90.1462,-90.1658,-90.1848,-90.2032,-90.2211,-90.2384,-90.2505,-90.2347,-90.1920,-90.1340,-90.0698,-90.0055,-89.9449,-89.8902,-89.8426,-89.8025,-89.7700,-89.7448,-89.7265,-89.7146,-89.7084,-89.7074,-89.7110,-89.7188,-89.7301,-89.7446,-89.7617,-89.7749,-89.6931,-89.5281,-89.3197,-89.1067,-88.9100,-88.7394,-88.5884,-88.4341,-88.2791,-88.1336,-88.0055,-87.8931,-87.6925,-87.4519,-87.2296,-87.0468,-86.9081,-86.8112,-86.7516,-86.7240,-86.7138,-86.6917,-86.6622,-86.6347,-86.6143,-86.5496,-86.4445,-86.3336,-86.2361,-86.1614,-86.1129,-86.0909,-86.0937,-86.1187,-86.1631,-86.2242,-86.2993,-86.3862,-86.4826,-86.5869,-86.6973,-86.8125,-86.9313,-87.0526,-87.1755,-87.2994,-87.4234,-87.5469,-87.6696,-87.7910,-87.9106,-88.0282,-88.1436,-88.1661,-88.0974,-88.0218,-87.9634,-87.9282,-87.9161,-87.9246,-87.9505,-87.9894,-88.0092,-87.9965,-87.9668,-87.9341,-87.9074,-87.8918,-87.8893,-87.9002,-87.9238,-87.9588,-88.0037,-88.0572,-88.1178,-88.1842,-88.2552,-88.3298,-88.4071,-88.4863,-88.5668,-88.6480,-88.7294,-88.8104,-88.8909,-88.9705,-89.0488,-89.1257,-89.2011,-89.2747,-89.3464,-89.4161,-89.4838,-89.5494,-89.6129,-89.6742,-89.7333,-89.7903,-89.8451,-89.8835,-89.8735,-89.8254,-89.7620,-89.6988,-89.6439,-89.6004,-89.5691,-89.5493,-89.5398,-89.5394,-89.5468,-89.5608,-89.5804,-89.6047,-89.6328,-89.6641,-89.6979,-89.7338,-89.7712,-89.8099,-89.8493,-89.8893,-89.9295,-89.9698,-90.0099,-90.0496,-90.0889,-90.1276,-90.1656,-90.2028,-90.2392,-90.2746,-90.3090,-90.3425,-90.3749,-90.4064,-90.4367,-90.4661,-90.4944,-90.5217,-90.5480,-90.5733,-90.5977,-90.6211,-90.6436,-90.6652,-90.6860,-90.7060,-90.7251,-90.7435,-90.7612,-90.7782,-90.7945,-90.8101,-90.8251,-90.8396,-90.8535,-90.8669,-90.8797,-90.8921,-90.9041,-90.9156,-90.9267,-90.9374,-90.9477,-90.9577,-90.9673,-90.9767,-90.9857,-90.9945,-91.0030,-91.0113,-91.0193,-91.0271,-91.0347,-91.0420,-91.0492,-91.0563,-91.0631,-91.0662,-91.0545,-91.0249,-90.9821,-90.9060,-90.7247,-90.5022,-90.2640,-90.0253,-89.8010,-89.5999,-89.4260,-89.2802,-89.1615,-89.0683,-88.9983,-88.9490,-88.9181,-88.9033,-88.9026,-88.9141,-88.9361,-88.9670,-89.0054,-89.0503,-89.1004,-89.1549,-89.2129,-89.2736,-89.3364,-89.4007,-89.4660,-89.5318,-89.5978,-89.6636,-89.7289,-89.7934,-89.8569,-89.9193,-89.9803,-90.0399,-90.0979,-90.1542,-90.2088,-90.2617,-90.3127,-90.3620,-90.4094,-90.4550,-90.4988,-90.5408,-90.5810,-90.6196,-90.6565,-90.6917,-90.7251,-90.7385,-90.7133,-90.6605,-90.5942,-90.5245,-90.4582,-90.3991,-90.3490,-90.3085,-90.2777,-90.2559,-90.2425,-90.2365,-90.2371,-90.2434,-90.2547,-90.2702,-90.2892,-90.3113,-90.3358,-90.3623,-90.3904,-90.4197,-90.4499,-90.4807,-90.5119,-90.5433,-90.5747,-90.6059,-90.6367,-90.6672,-90.6971,-90.7264,-90.7344,-90.6013,-90.4288,-90.2677,-90.1332,-90.0282,-89.9509,-89.8980,-89.8656,-89.8504,-89.8491,-89.8481,-89.7682,-89.6365,-89.5036,-89.3918,-89.3075,-89.2499,-89.2163,-89.2030,-89.2068,-89.2064,-89.1818,-89.1434,-89.1020,-89.0652,-89.0372,-89.0200,-89.0142,-89.0197,-88.9749,-88.8280,-88.6766,-88.5507,-88.4576,-88.3966,-88.3644,-88.3571,-88.3707,-88.4015,-88.4464,-88.5027,-88.5681,-88.6406,-88.7187,-88.8009,-88.8861,-88.9733,-89.0617,-89.1505,-89.2392,-89.3273,-89.4144,-89.5000,-89.5841,-89.6662,-89.7462,-89.8240,-89.8995,-89.9725,-90.0430,-90.1110,-90.1765,-90.2394,-90.2997,-90.3576,-90.4130,-90.4659,-90.5165,-90.5648,-90.6108,-90.6547,-90.6965,-90.7362,-90.7740,-90.8099,-90.8440,-90.8764,-90.9072,-90.9364,-90.9641,-90.9898,-90.9913,-90.9511,-90.8825,-90.8018,-90.7207,-90.6461,-90.5817,-90.5289,-90.4872,-90.4084,-90.2740,-90.1232,-89.9757,-89.8108,-89.6364,-89.4696,-89.3212,-89.1963,-89.0966,-89.0219,-88.9704,-88.9362,-88.8893,-88.8207,-88.7148,-88.5868,-88.4568,-88.3376,-88.2365,-88.1571,-88.1003,-88.0655,-88.0511,-88.0554,-88.0761,-88.1114,-88.1591,-88.2174,-88.2846,-88.3592,-88.4399,-88.5254,-88.6147,-88.7068,-88.8009,-88.8963,-88.9923,-89.0884,-89.1840,-89.2788,-89.3724,-89.4645,-89.5547,-89.6429,-89.7289,-89.8125,-89.8936,-89.9721,-90.0479,-90.1210,-90.1914,-90.2591,-90.3240,-90.3862,-90.4457,-90.5026,-90.5569,-90.6087,-90.6581,-90.7051,-90.7498,-90.7923,-90.8326,-90.8709,-90.9073,-90.9417,-90.9744,-91.0054,-91.0347,-91.0625,-91.0888,-91.1136,-91.1372,-91.1595,-91.1806,-91.2006,-91.2196,-91.2375,-91.2545,-91.2706,-91.2858,-91.3003,-91.3140,-91.3270,-91.3394,-91.3511,-91.3623,-91.3729,-91.3830,-91.3927,-91.4019,-91.4107,-91.4190,-91.4271,-91.4347,-91.4421,-91.4491,-91.4559,-91.4624,-91.4686,-91.4747,-91.4805,-91.4861,-91.4915,-91.4967,-91.5018,-91.5067,-91.5114,-91.5161,-91.5206,-91.5249,-91.5292,-91.5334,-91.5374,-91.5414,-91.5453,-91.5491,-91.5528,-91.5564,-91.5600,-91.5628,-91.5386,-91.4754,-91.3903,-91.2979,-91.2075,-91.1244,-91.0515,-90.9899,-90.9396,-90.9001,-90.8706,-90.8501,-90.8375,-90.8319,-90.8323,-90.8378,-90.8477,-90.8614,-90.8781,-90.8973,-90.9186,-90.9415,-90.9656,-90.9907,-91.0164,-91.0426,-91.0689,-91.0953,-91.1215,-91.1474,-91.1730,-91.1980,-91.2226,-91.2465,-91.2697,-91.2923,-91.3141,-91.3351,-91.3552,-91.3582,-91.3303,-91.2817,-91.2233,-91.1627,-91.1047,-91.0521,-91.0064,-90.9683,-90.9378,-90.9147,-90.8985,-90.8886,-90.8844,-90.8852,-90.8905,-90.8996,-90.9121,-90.9274,-90.9450,-90.9646,-90.9858,-91.0083,-91.0318,-91.0560,-91.0807,-91.1057,-91.1308,-91.1559,-91.1809,-91.2031,-91.1468,-91.0175,-90.8727,-90.7407,-90.6317,-90.5473,-90.4856,-90.4439,-90.4191,-90.4083,-90.4092,-90.4197,-90.4379,-90.4623,-90.4916,-90.5249,-90.5611,-90.5995,-90.6396,-90.6807,-90.7225,-90.7644,-90.8063,-90.8479,-90.8889,-90.9292,-90.9686,-91.0071,-91.0444,-91.0806,-91.1156,-91.1494,-91.1819,-91.2132,-91.2432,-91.2720,-91.2995,-91.3258,-91.3509,-91.3748,-91.3977,-91.4194,-91.4401,-91.4598,-91.4785,-91.4962,-91.5131,-91.5291,-91.5443,-91.5587,-91.5724,-91.5854,-91.5977,-91.6094,-91.6205,-91.6310,-91.6409,-91.6504,-91.6594,-91.6679,-91.6760,-91.6838,-91.6911,-91.6981,-91.7047,-91.7111,-91.7171,-91.7229,-91.7284,-91.7336,-91.7387,-91.7434,-91.7302,-91.6732,-91.5836,-91.4793,-91.3663,-91.2462,-91.1248,-91.0083,-90.9016,-90.8076,-90.7273,-90.6611,-90.6083,-90.5681,-90.5395,-90.5196,-90.4722,-90.3777,-90.2623,-90.1499,-90.0530,-89.9764,-89.9204,-89.8838,-89.8645,-89.8221,-89.7235,-89.6118,-89.5104,-89.4283,-89.3677,-89.3282,-89.3080,-89.3048,-89.3165,-89.3409,-89.3759,-89.4200,-89.4714,-89.5287,-89.5908,-89.6565,-89.7250,-89.7954,-89.8671,-89.9393,-90.0117,-90.0838,-90.1552,-90.2256,-90.2947,-90.3623,-90.4282,-90.4923,-90.5545,-90.6146,-90.6727,-90.7286,-90.7824,-90.8340,-90.8835,-90.9309,-90.9761,-91.0193,-91.0605,-91.0998,-91.1371,-91.1726,-91.2063,-91.2383,-91.2687,-91.2975,-91.3247,-91.3506,-91.3750,-91.3982,-91.4200,-91.4407,-91.4603,-91.4732,-91.4374,-91.3564,-91.2543,-91.1485,-91.0493,-90.9622,-90.8893,-90.8308,-90.7861,-90.7538,-90.7325,-90.7209,-90.7174,-90.7210,-90.7304,-90.7448,-90.7631,-90.7848,-90.8091,-90.8354,-90.8634,-90.8926,-90.9226,-90.9531,-90.9838,-91.0146,-91.0452,-91.0755,-91.1053,-91.1345,-91.1631,-91.1910,-91.2181,-91.2443,-91.2697,-91.2942,-91.3178,-91.3405,-91.3624,-91.3833,-91.4034,-91.4226,-91.4410,-91.4585,-91.4753,-91.4913,-91.5066,-91.5211,-91.5350,-91.5482,-91.5608,-91.5728,-91.5842,-91.5951,-91.6055,-91.6153,-91.6247,-91.6337,-91.6422,-91.6504,-91.6582,-91.6656,-91.6727,-91.6794,-91.6859,-91.6921,-91.6980,-91.7037,-91.7092,-91.7144,-91.7194,-91.7111,-91.6642,-91.5930,-91.5128,-91.4329,-91.3583,-91.2914,-91.2336,-91.1850,-91.1456,-91.1148,-91.0919,-91.0761,-91.0668,-91.0632,-91.0645,-91.0700,-91.0793,-91.0917,-91.1067,-91.1239,-91.1429,-91.1633,-91.1848,-91.2072,-91.2301,-91.2534,-91.2769,-91.3004,-91.3238,-91.3470,-91.3699,-91.3923,-91.4143,-91.4357,-91.4520,-91.4325,-91.3752,-91.2978,-91.2148,-91.1355,-91.0649,-91.0055,-90.9578,-90.9216,-90.8959,-90.8798,-90.8720,-90.8715,-90.8773,-90.8883,-90.9037,-90.9228,-90.9449,-90.9694,-90.9958,-91.0237,-91.0527,-91.0824,-91.1126,-91.1429,-91.1733,-91.2035,-91.2333,-91.2626,-91.2914,-91.3195,-91.3468,-91.3733,-91.3990,-91.4239,-91.4478,-91.4708,-91.4929,-91.5142,-91.5345,-91.5539,-91.5725,-91.5903,-91.6072,-91.6233,-91.6386,-91.6533,-91.6672,-91.6804,-91.6929,-91.7049,-91.7162,-91.7215,-91.6898,-91.6207,-91.5322,-91.4386,-91.3232,-91.1353,-90.9231,-90.7218,-90.5466,-90.4020,-90.2880,-90.2020,-90.1410,-90.1015,-90.0804,-90.0747,-90.0821,-90.1002,-90.1272,-90.1615,-90.2016,-90.2020,-90.0911,-89.9570,-89.8405,-89.7523,-89.6927,-89.6588,-89.6470,-89.6535,-89.6751,-89.7089,-89.7524,-89.8036,-89.8607,-89.9223,-89.9872,-90.0544,-90.1229,-90.1922,-90.2616,-90.3307,-90.3990,-90.4662,-90.5320,-90.5963,-90.6588,-90.7195,-90.7781,-90.8347,-90.8892,-90.9416,-90.9918,-91.0399,-91.0860,-91.1299,-91.1718,-91.2117,-91.2497,-91.2857,-91.3200,-91.3525,-91.3834,-91.4126,-91.4403,-91.4664,-91.4912,-91.5146,-91.5367,-91.5576,-91.5774,-91.5960,-91.6136,-91.6302,-91.6459,-91.6607,-91.6747,-91.6879,-91.7003,-91.7121,-91.7232,-91.7337,-91.7436,-91.7525,-91.7480,-91.7185,-91.6697,-91.6105,-91.5480,-91.4869,-91.4301,-91.3794,-91.3355,-91.2988,-91.2691,-91.2461,-91.2293,-91.2181,-91.2121,-91.2106,-91.2131,-91.2191,-91.2281,-91.2397,-91.2532,-91.2574,-91.2332,-91.1824,-91.1169,-91.0475,-90.9813,-90.9223,-90.8724,-90.8322,-90.8015,-90.7798,-90.7662,-90.7600,-90.7604,-90.7665,-90.7775,-90.7929,-90.8118,-90.8338,-90.8584,-90.8850,-90.9133,-90.9429,-90.9734,-91.0046,-91.0362,-91.0681,-91.0999,-91.1315,-91.1628,-91.1937,-91.2240,-91.2537,-91.2827,-91.3109,-91.3382,-91.3647,-91.3903,-91.4150,-91.4388,-91.4616,-91.4835,-91.5045,-91.5246,-91.5439,-91.5623,-91.5798,-91.5965,-91.6124,-91.6276,-91.6421,-91.6558,-91.6689,-91.6813,-91.6931,-91.7044,-91.7150,-91.7252,-91.7348,-91.7440,-91.7527,-91.7609,-91.7651,-91.7371,-91.6726,-91.5864,-91.4926,-91.4014,-91.3186,-91.2470,-91.1876,-91.1402,-91.1040,-91.0780,-91.0611,-91.0521,-91.0498,-91.0534,-91.0619,-91.0745,-91.0906,-91.1095,-91.1306,-91.1536,-91.1779,-91.2033,-91.2294,-91.2402,-91.1103,-90.9375,-90.7759,-90.6417,-90.5380,-90.4629,-90.4127,-90.3837,-90.3722,-90.3749,-90.3892,-90.4126,-90.4432,-90.4796,-90.5202,-90.5642,-90.6104,-90.6582,-90.7070,-90.7563,-90.8056,-90.8546,-90.9029,-90.9504,-90.9958,-91.0115,-90.9794,-90.8936,-90.7692,-90.6286,-90.4895,-90.3627,-90.2524,-90.1084,-89.9132,-89.7158,-89.5446,-89.4084,-89.3073,-89.2379,-89.1962,-89.1783,-89.1804,-89.1993,-89.2323,-89.2768,-89.3307,-89.3924,-89.4602,-89.5328,-89.6090,-89.6879,-89.7686,-89.8503,-89.9325,-90.0145,-90.0959,-90.1764,-90.2555,-90.3330,-90.4087,-90.4823,-90.5538,-90.6230,-90.6897,-90.7541,-90.8159,-90.8753,-90.9322,-90.9865,-91.0385,-91.0880,-91.1352,-91.1801,-91.2228,-91.2633,-91.3017,-91.3381,-91.3725,-91.4052,-91.4343,-91.4354,-91.4008,-91.3435,-91.2761,-91.2077,-91.1440,-91.0883,-91.0420,-91.0054,-90.9783,-90.9600,-90.9496,-90.9462,-90.9490,-90.9572,-90.9698,-90.9862,-91.0058,-91.0280,-91.0523,-91.0782,-91.1054,-91.1335,-91.1622,-91.1913,-91.2205,-91.2496,-91.2783,-91.2622,-91.1781,-91.0667,-90.9548,-90.8554,-90.7734,-90.7099,-90.6640,-90.6338,-90.6174,-90.6127,-90.6179,-90.6313,-90.6514,-90.6770,-90.7069,-90.7402,-90.7761,-90.8139,-90.8531,-90.8932,-90.9337,-90.9744,-91.0149,-91.0550,-91.0945,-91.1332,-91.1710,-91.2078,-91.2436,-91.2782,-91.3116,-91.3438,-91.3747,-91.4044,-91.4329,-91.4012,-91.2440,-91.0695,-90.9134,-90.7860,-90.6882,-90.6174,-90.5699,-90.5420,-90.5302,-90.5316,-90.5435,-90.5639,-90.5910,-90.6234,-90.6597,-90.6991,-90.7406,-90.7836,-90.8276,-90.8720,-90.9164,-90.9606,-91.0043,-91.0472,-91.0892,-91.1301,-91.1699,-91.2085,-91.2458,-91.2817,-91.3163,-91.3496,-91.3814,-91.4119,-91.4410,-91.4689,-91.4808,-91.3946,-91.2375,-91.0545,-90.8716,-90.7027,-90.5544,-90.4292,-90.3271,-90.2471,-90.1873,-90.1456,-90.1199,-90.1082,-90.1084,-90.1190,-90.1382,-90.1648,-90.1976,-90.2354,-90.2773,-90.3224,-90.3701,-90.4197,-90.4617,-90.4189,-90.3147,-90.2022,-90.1058,-90.0331,-89.9841,-89.9566,-89.9475,-89.9537,-89.9726,-90.0017,-90.0390,-90.0829,-90.1318,-90.1845,-90.2400,-90.2976,-90.3563,-90.4157,-90.4753,-90.5346,-90.5933,-90.6511,-90.7077,-90.7630,-90.8168,-90.8691,-90.9197,-90.9685,-91.0155,-91.0559,-91.0658,-91.0431,-91.0007,-90.9504,-90.9001,-90.8546,-90.8166,-90.7870,-90.7661,-90.7535,-90.7486,-90.7505,-90.7586,-90.7719,-90.7897,-90.8112,-90.8360,-90.8632,-90.8926,-90.9235,-90.9557,-90.9887,-91.0222,-91.0560,-91.0899,-91.1236,-91.1570,-91.1899,-91.2222,-91.2538,-91.2846,-91.3146,-91.3437,-91.3718,-91.3990,-91.4250,-91.4213,-91.3621,-91.2732,-91.1769,-91.0854,-91.0051,-90.9383,-90.8856,-90.8463,-90.8192,-90.8030,-90.7963,-90.7977,-90.8059,-90.8199,-90.8387,-90.8613,-90.8871,-90.9154,-90.9457,-90.9146,-90.7827,-90.6368,-90.5104,-90.4111,-90.3386,-90.2899,-90.2617,-90.2506,-90.2536,-90.2682,-90.2921,-90.3235,-90.3608,-90.4027,-90.4482,-90.4962,-90.5461,-90.5971,-90.6488,-90.7006,-90.7523,-90.8034,-90.8538,-90.9032,-90.9515,-90.9984,-91.0440,-91.0882,-91.1308,-91.1719,-91.2113,-91.2492,-91.2855,-91.3202,-91.3467,-91.3529,-91.3387,-91.3102,-91.2740,-91.2353,-91.1978,-91.1523,-91.0576,-90.9236,-90.7799,-90.6460,-90.5308,-90.4372,-90.3634,-90.2871,-90.1949,-90.0957,-89.9999,-89.9148,-89.8443,-89.7900,-89.7520,-89.7295,-89.6956,-89.5735,-89.4245,-89.2578,-89.0220,-88.7770,-88.5636,-88.3964,-88.2767,-88.2003,-88.1614,-88.1541,-88.1729,-88.2131,-88.2708,-88.3424,-88.4252,-88.5168,-88.6150,-88.7182,-88.8250,-88.9341,-89.0445,-89.1553,-89.2659,-89.3756,-89.4838,-89.5901,-89.6943,-89.7959,-89.8947,-89.9906,-90.0834,-90.1730,-90.2593,-90.3423,-90.4220,-90.4984,-90.5715,-90.6413,-90.7079,-90.7713,-90.8317,-90.8892,-90.9437,-90.9955,-91.0446,-91.0911,-91.1351,-91.1767,-91.2161,-91.2533,-91.2114,-91.0650,-90.9098,-90.7739,-90.6646,-90.5818,-90.5231,-90.4850,-90.4643,-90.4580,-90.4633,-90.4782,-90.5007,-90.5292,-90.5625,-90.5994,-90.6390,-90.6806,-90.7236,-90.7674,-90.8115,-90.8557,-90.8995,-90.9428,-90.9854,-91.0271,-91.0678,-91.1073,-91.1456,-91.1827,-91.2184,-91.2529,-91.2860,-91.2678,-91.1751,-91.0613,-90.9528,-90.8594,-90.7839,-90.7261,-90.6844,-90.5724,-90.3596,-90.1512,-89.9757,-89.8391,-89.7394,-89.6725,-89.6333,-89.6172,-89.6201,-89.6384,-89.6692,-89.7099,-89.7585,-89.8130,-89.8471,-89.8313,-89.7889,-89.7417,-89.7008,-89.6715,-89.6545,-89.5881,-89.4702,-89.3487,-89.2447,-89.1651,-89.1107,-89.0797,-89.0696,-89.0776,-89.1010,-89.1372,-89.1842,-89.2398,-89.3026,-89.3709,-89.4434,-89.5192,-89.5972,-89.6767,-89.7569,-89.8373,-89.9174,-89.9967,-90.0749,-90.1516,-90.2267,-90.2999,-90.3711,-90.4372,-90.4803,-90.4937,-90.4853,-90.4650,-90.4407,-90.4178,-90.3997,-90.3878,-90.3827,-90.3846,-90.3929,-90.4070,-90.4263,-90.4501,-90.4777,-90.5085,-90.5419,-90.5774,-90.6146,-90.6530,-90.6922,-90.7320,-90.7721,-90.8122,-90.8520,-90.8915,-90.9305,-90.9688,-91.0063,-91.0429,-91.0785,-91.1131,-91.1467,-91.1791,-91.2105,-91.2406,-91.2697,-91.2975,-91.3243,-91.3499,-91.3744,-91.3978,-91.4202,-91.4416,-91.4620,-91.4814,-91.4999,-91.5175,-91.5342,-91.5502,-91.5653,-91.5797,-91.5934,-91.6065,-91.6189,-91.6306,-91.6419,-91.6525,-91.6627,-91.6723,-91.6815,-91.6903,-91.6986,-91.7066,-91.7142,-91.7215,-91.7284,-91.7350,-91.7414,-91.7475,-91.7533,-91.7589,-91.7642,-91.7441,-91.6705,-91.5650,-91.4489,-91.3359,-91.2335,-91.1453,-91.0721,-91.0138,-90.9690,-90.9347,-90.8430,-90.6829,-90.5119,-90.3602,-90.2376,-90.1446,-90.0786,-90.0361,-90.0134,-90.0073,-90.0148,-90.0336,-90.0616,-90.0969,-90.1382,-90.1840,-90.2334,-90.2854,-90.3393,-90.3944,-90.4502,-90.5062,-90.5620,-90.6173,-90.6718,-90.7253,-90.7776,-90.8285,-90.8781,-90.9260,-90.9724,-91.0171,-91.0578,-91.0838,-91.0904,-91.0807,-91.0603,-91.0345,-91.0076,-90.9823,-90.9604,-90.9429,-90.9302,-90.9225,-90.9196,-90.9212,-90.9268,-90.9362,-90.9488,-90.9642,-90.9821,-91.0021,-91.0239,-91.0470,-91.0713,-91.0965,-91.1223,-91.1340,-91.0623,-90.9498,-90.8347,-90.7327,-90.6488,-90.5837,-90.5363,-90.5046,-90.4868,-90.4808,-90.4847,-90.4971,-90.5164,-90.5414,-90.5711,-90.6044,-90.6405,-90.6789,-90.7189,-90.7599,-90.7982,-90.7373,-90.6039,-90.4703,-90.3591,-90.2746,-90.2155,-90.1515,-90.0257,-89.8774,-89.7428,-89.6357,-89.5582,-89.5080,-89.4817,-89.4756,-89.4864,-89.5111,-89.5472,-89.5926,-89.6454,-89.6964,-89.6997,-89.6568,-89.5968,-89.5405,-89.4981,-89.4443,-89.3358,-89.2090,-89.0916,-88.9967,-88.9283,-88.8863,-88.8685,-88.8722,-88.8658,-88.7962,-88.7061,-88.6253,-88.5660,-88.5315,-88.5213,-88.5330,-88.5637,-88.6103,-88.6700,-88.7403,-88.8191,-88.9046,-88.9950,-89.0891,-89.1856,-89.2836,-89.3824,-89.4810,-89.5789,-89.6710,-89.7477,-89.8071,-89.8532,-89.8909,-89.9244,-89.9564,-89.9890,-90.0230,-90.0591,-90.0974,-90.1380,-90.1591,-90.1228,-90.0595,-89.9924,-89.9325,-89.8842,-89.8490,-89.8269,-89.8171,-89.8184,-89.8297,-89.8497,-89.8771,-89.9109,-89.9499,-89.9934,-90.0404,-90.0903,-90.1423,-90.1959,-90.2506,-90.3059,-90.3615,-90.4170,-90.4721,-90.5267,-90.5804,-90.6331,-90.6846,-90.7348,-90.7837,-90.8311,-90.8770,-90.9213,-90.9641,-91.0052,-91.0447,-91.0827,-91.1190,-91.1538,-91.1870,-91.2188,-91.2491,-91.2780,-91.3055,-91.3317,-91.3566,-91.3802,-91.3757,-91.2759,-91.1316,-90.9880,-90.8637,-90.7636,-90.6870,-90.6315,-90.5941,-90.5719,-90.5623,-90.5633,-90.5728,-90.5893,-90.6115,-90.6382,-90.6684,-90.7013,-90.7364,-90.7729,-90.8104,-90.8485,-90.8869,-90.9252,-90.9633,-90.9784,-90.9189,-90.8202,-90.7140,-90.6170,-90.5361,-90.4733,-90.4281,-90.3991,-90.3842,-90.3815,-90.3891,-90.4052,-90.4283,-90.4570,-90.4903,-90.5271,-90.5666,-90.6082,-90.6511,-90.6949,-90.7392,-90.7836,-90.8278,-90.8715,-90.9146,-90.9568,-90.9981,-91.0383,-91.0773,-91.1151,-91.1517,-91.1869,-91.2208,-91.2442,-91.2023,-91.1112,-91.0055,-90.9049,-90.8183,-90.7484,-90.6955,-90.6583,-90.6351,-90.6240,-90.6233,-90.6312,-90.6464,-90.6674,-90.6932,-90.7228,-90.7555,-90.7904,-90.8270,-90.8647,-90.9033,-90.9422,-90.9811,-91.0199,-91.0583,-91.0960,-91.1331,-91.1692,-91.2044,-91.2386,-91.2717,-91.3037,-91.3345,-91.3642,-91.3558,-91.1633,-90.8727,-90.5826,-90.3261,-90.1135,-89.9452,-89.8179,-89.7268,-89.6667,-89.6328,-89.6210,-89.6272,-89.6484,-89.6818,-89.7112,-89.7129,-89.6940,-89.6666,-89.5943,-89.4475,-89.2816,-89.1287,-89.0028,-88.9084,-88.8450,-88.8100,-88.7999,-88.8110,-88.8400,-88.8838,-88.9397,-89.0053,-89.0787,-89.1581,-89.2422,-89.3296,-89.4193,-89.5105,-89.6023,-89.6941,-89.7853,-89.8755,-89.9643,-90.0514,-90.1359,-90.2007,-90.2299,-90.2325,-90.2210,-90.2025,-90.1298,-90.0097,-89.8775,-89.7535,-89.6480,-89.5650,-89.5049,-89.4667,-89.4482,-89.4469,-89.4605,-89.4866,-89.5232,-89.5685,-89.6208,-89.6787,-89.7410,-89.8068,-89.8750,-89.9449,-90.0158,-90.0861,-90.0952,-89.9531,-89.7488,-89.5403,-89.3552,-89.2042,-89.0894,-89.0086,-88.9583,-88.9342,-88.9324,-88.9491,-88.9812,-89.0258,-89.0806,-89.1436,-89.2131,-89.2877,-89.3660,-89.4471,-89.5300,-89.6141,-89.6985,-89.7829,-89.8667,-89.9495,-90.0309,-90.1108,-90.1888,-90.2648,-90.3386,-90.4101,-90.4793,-90.5459,-90.6101,-90.6718,-90.7310,-90.7877,-90.8419,-90.8937,-90.9432,-90.9903,-91.0351,-91.0778,-91.1183,-91.1568,-91.1934,-91.2280,-91.2608,-91.2919,-91.3214,-91.3493,-91.3756,-91.4006,-91.4242,-91.4465,-91.4675,-91.4875,-91.5063,-91.5241,-91.5410,-91.5531,-91.5203,-91.4303,-91.2711,-91.0640,-90.8454,-90.6244,-90.3364,-90.0214,-89.6781,-89.2888,-88.9006,-88.5254,-88.1911,-87.9107,-87.6866,-87.5156,-87.3928,-87.3124,-87.2689,-87.2569,-87.2718,-87.3093,-87.3658,-87.4381,-87.5234,-87.6194,-87.7238,-87.8351,-87.9515,-88.0718,-88.1948,-88.3194,-88.4449,-88.5704,-88.6952,-88.8189,-88.9409,-89.0608,-89.1782,-89.2929,-89.4047,-89.5132,-89.6185,-89.7203,-89.8185,-89.9132,-90.0043,-90.0917,-90.1755,-90.2558,-90.3326,-90.4059,-90.4758,-90.5424,-90.6058,-90.6661,-90.7234,-90.7778,-90.8294,-90.8783,-90.9246,-90.9685,-91.0100,-91.0493,-91.0864,-91.1216,-91.1548,-91.1861,-91.2157,-91.2437,-91.2701,-91.2951,-91.3187,-91.3410,-91.3620,-91.3819,-91.4007,-91.4184,-91.4353,-91.4512,-91.4662,-91.4805,-91.4940,-91.5068,-91.5189,-91.5305,-91.5414,-91.5519,-91.5618,-91.5712,-91.5802,-91.5888,-91.5971,-91.6049,-91.6124,-91.6196,-91.6265,-91.6331,-91.6395,-91.6456,-91.6515,-91.6572,-91.6627,-91.6681,-91.6732,-91.6782,-91.6830,-91.6877,-91.6923,-91.6967,-91.7010,-91.7052,-91.7093,-91.7133,-91.7173,-91.7211,-91.7249,-91.7242,-91.6873,-91.6161,-91.5284,-91.4368,-91.3493,-91.2703,-91.2020,-91.1450,-91.0992,-91.0640,-91.0383,-91.0212,-91.0116,-91.0086,-91.0113,-91.0189,-91.0305,-91.0456,-91.0635,-91.0837,-91.1057,-91.1292,-91.1538,-91.1792,-91.2051,-91.2313,-91.2577,-91.2839,-91.3099,-91.3356,-91.3608,-91.3855,-91.4096,-91.4331,-91.4559,-91.4779,-91.4992,-91.5198,-91.5396,-91.5586,-91.5769,-91.5944,-91.6112,-91.6272,-91.6426,-91.6572,-91.6712,-91.6846,-91.6973,-91.7095,-91.7211,-91.7321,-91.7418,-91.7255,-91.6730,-91.6021,-91.5260,-91.4520,-91.3842,-91.3246,-91.2740,-91.2326,-91.1998,-91.1753,-91.1583,-91.1451,-91.0807,-90.9795,-90.8713,-90.7699,-90.6815,-90.6085,-90.5514,-90.5089,-90.4501,-90.3410,-90.1810,-89.9780,-89.7550,-89.5344,-89.3314,-89.1541,-89.0062,-88.8879,-88.7979,-88.7341,-88.6827,-88.6019,-88.5031,-88.4083,-88.3294,-88.2712,-88.2350,-88.2199,-88.2244,-88.2462,-88.2834,-88.3338,-88.3954,-88.4665,-88.5454,-88.6307,-88.7211,-88.8154,-88.9064,-88.9563,-88.9670,-88.9582,-88.9456,-88.9389,-88.9430,-88.9596,-88.9887,-89.0292,-89.0799,-89.1390,-89.2051,-89.2768,-89.3529,-89.4322,-89.5137,-89.5967,-89.6805,-89.7643,-89.8478,-89.9305,-90.0119,-90.0919,-90.1701,-90.2464,-90.3205,-90.3924,-90.4620,-90.5291,-90.5937,-90.6534,-90.6757,-90.6551,-90.6102,-90.5566,-90.5046,-90.4599,-90.4251,-90.4012,-90.3879,-90.3844,-90.3897,-90.4026,-90.4219,-90.4467,-90.4760,-90.5089,-90.5447,-90.5827,-90.6224,-90.6632,-90.7049,-90.7469,-90.7890,-90.8310,-90.8724,-90.8644,-90.7858,-90.6873,-90.5941,-90.5154,-90.4537,-90.4086,-90.3787,-90.3623,-90.3576,-90.3628,-90.3763,-90.3969,-90.4231,-90.4540,-90.4887,-90.5262,-90.5661,-90.6075,-90.6501,-90.6934,-90.7370,-90.7807,-90.8240,-90.8669,-90.9092,-90.9506,-90.9910,-91.0305,-91.0688,-91.0211,-90.8757,-90.7244,-90.5935,-90.4896,-90.4124,-90.3592,-90.3266,-90.3111,-90.3099,-90.3203,-90.3401,-90.3674,-90.4005,-90.4383,-90.4678,-90.4594,-90.4244,-90.3785,-90.3323,-90.2919,-90.2606,-90.2398,-90.2295,-90.2293,-90.2381,-90.2550,-90.2789,-90.3087,-90.3434,-90.3821,-90.4240,-90.4685,-90.5148,-90.5624,-90.6109,-90.6599,-90.7090,-90.7575,-90.7913,-90.7929,-90.7696,-90.7338,-90.6946,-90.6580,-90.6274,-90.6042,-90.5891,-90.5818,-90.5820,-90.5890,-90.6019,-90.6200,-90.6425,-90.6689,-90.6983,-90.7303,-90.7644,-90.7814,-90.7591,-90.7137,-90.6598,-90.6066,-90.5594,-90.5207,-90.4918,-90.4728,-90.4634,-90.4592,-90.4188,-90.3388,-90.1789,-89.9149,-89.6457,-89.4110,-89.2211,-89.0759,-88.9713,-88.9023,-88.8636,-88.8505,-88.8588,-88.8847,-88.9251,-88.9773,-89.0390,-89.1082,-89.1834,-89.2631,-89.3461,-89.4315,-89.5182,-89.6057,-89.6932,-89.7803,-89.8665,-89.9514,-90.0346,-90.1161,-90.1955,-90.2726,-90.3474,-90.4197,-90.4895,-90.5567,-90.6213,-90.6832,-90.7426,-90.7995,-90.8538,-90.9056,-90.9550,-91.0021,-91.0469,-91.0894,-91.1298,-91.1682,-91.2046,-91.2391,-91.2717,-91.3022,-91.2841,-91.2059,-91.1031,-90.9978,-90.9015,-90.8196,-90.7538,-90.7039,-90.6687,-90.6465,-90.6356,-90.6344,-90.6413,-90.6549,-90.6741,-90.6979,-90.7252,-90.7554,-90.7878,-90.8218,-90.8570,-90.8929,-90.9292,-90.9656,-91.0019,-91.0379,-91.0733,-91.1081,-91.0904,-90.9603,-90.8039,-90.6599,-90.5412,-90.4503,-90.3852,-90.3425,-90.3188,-90.3108,-90.3156,-90.3307,-90.3541,-90.3842,-90.4194,-90.4585,-90.5007,-90.5450,-90.5909,-90.6376,-90.6848,-90.7321,-90.7790,-90.8244,-90.8583,-90.8730,-90.8704,-90.8562,-90.8361,-90.8144,-90.7942,-90.7774,-90.7648,-90.7569,-90.7540,-90.7556,-90.7617,-90.7717,-90.7854,-90.8017,-90.8049,-90.7780,-90.7293,-90.6712,-90.6128,-90.5598,-90.5152,-90.4805,-90.4558,-90.4409,-90.4351,-90.4374,-90.4469,-90.4628,-90.4841,-90.5099,-90.5396,-90.5724,-90.6078,-90.6445,-90.6283,-90.5427,-90.4367,-90.3362,-90.2524,-90.1884,-90.1443,-90.1182,-90.1080,-90.1112,-90.1256,-90.1493,-90.1806,-90.2180,-90.2583,-90.2442,-90.1713,-90.0828,-90.0007,-89.9344,-89.8867,-89.8575,-89.8451,-89.8474,-89.8623,-89.8877,-89.9218,-89.9628,-90.0095,-90.0606,-90.1150,-90.1719,-90.2305,-90.2902,-90.3504,-90.4107,-90.4707,-90.5301,-90.5885,-90.6459,-90.7019,-90.7564,-90.8094,-90.8607,-90.9102,-90.9580,-91.0040,-91.0482,-91.0906,-91.1312,-91.1701,-91.2072,-91.2426,-91.2763,-91.3085,-91.3390,-91.3583,-91.3100,-91.2172,-91.1103,-91.0065,-90.9147,-90.8385,-90.7786,-90.7343,-90.7042,-90.6866,-90.6797,-90.6820,-90.6918,-90.7079,-90.7292,-90.7547,-90.7800,-90.7893,-90.7775,-90.7508,-90.7176,-90.6840,-90.6540,-90.6297,-90.6121,-90.5965,-90.5558,-90.4900,-90.4122,-90.3334,-90.2609,-90.1990,-90.1500,-90.1142,-90.0914,-90.0806,-90.0808,-90.0906,-90.1088,-90.1343,-90.1660,-90.2027,-90.2437,-90.2880,-90.3350,-90.3841,-90.4346,-90.4862,-90.5383,-90.5905,-90.6427,-90.6944,-90.7455,-90.7957,-90.8450,-90.8930,-90.9398,-90.9852,-91.0292,-91.0717,-91.1127,-91.1522,-91.1901,-91.2265,-91.2613,-91.2946,-91.3265,-91.3569,-91.3858,-91.4134,-91.4397,-91.4647,-91.4884,-91.5110,-91.5324,-91.5527,-91.5719,-91.5902,-91.6075,-91.6163,-91.5422,-91.4101,-91.2653,-91.1305,-91.0151,-90.9218,-90.8499,-90.7975,-90.7619,-90.7406,-90.7314,-90.7322,-90.7411,-90.7567,-90.7757,-90.7865,-90.7830,-90.7672,-90.7440,-90.7182,-90.6936,-90.6725,-90.6563,-90.6459,-90.6414,-90.6426,-90.6493,-90.6609,-90.6769,-90.6969,-90.7203,-90.7465,-90.7751,-90.8058,-90.8380,-90.8715,-90.9059,-90.9409,-90.9763,-91.0119,-91.0474,-91.0826,-91.1175,-91.1519,-91.1857,-91.2187,-91.2509
14,-86.0000,-86.5728,-86.9454,-87.2564,-87.5256,-87.7631,-87.9749,-88.1653,-88.3375,-88.4939,-88.6365,-88.7667,-88.8860,-88.9953,-89.0956,-89.1877,-89.2724,-89.3502,-89.4218,-89.4876,-89.5481,-89.5993,-89.5476,-89.4446,-89.3399,-89.2500,-89.1796,-89.1286,-89.0951,-89.0767,-89.0672,-89.0531,-89.0294,-88.9767,-88.8920,-88.7960,-88.7025,-88.6189,-88.5483,-88.4920,-88.4499,-88.4212,-88.4048,-88.3995,-88.4040,-88.4170,-88.4374,-88.4639,-88.4948,-88.5015,-88.4674,-88.4137,-88.3584,-88.3117,-88.2777,-88.2577,-88.2511,-88.2567,-88.2729,-88.2981,-88.3308,-88.3697,-88.4135,-88.4612,-88.5119,-88.5647,-88.6191,-88.6744,-88.7302,-88.7861,-88.8416,-88.8965,-88.9506,-89.0036,-89.0554,-89.1058,-89.1548,-89.2022,-89.2480,-89.2921,-89.3345,-89.3752,-89.4142,-89.4514,-89.4870,-89.5210,-89.5533,-89.5841,-89.6133,-89.6410,-89.6673,-89.6922,-89.7157,-89.7380,-89.7590,-89.7789,-89.7977,-89.8153,-89.8320,-89.8477,-89.8625,-89.8764,-89.8895,-89.9018,-89.9134,-89.9242,-89.9345,-89.9441,-89.9531,-89.9616,-89.9696,-89.9771,-89.9841,-89.9907,-89.9967,-89.9941,-89.9704,-89.9275,-89.8736,-89.8161,-89.7600,-89.7083,-89.6625,-89.6232,-89.5905,-89.5643,-89.5439,-89.5291,-89.5191,-89.5135,-89.5118,-89.5134,-89.5179,-89.5250,-89.5341,-89.5451,-89.5576,-89.5713,-89.5859,-89.6014,-89.6174,-89.6338,-89.6504,-89.6672,-89.6799,-89.6600,-89.6119,-89.5523,-89.4912,-89.4339,-89.3831,-89.3400,-89.3050,-89.2778,-89.2581,-89.2452,-89.2384,-89.2371,-89.2405,-89.2480,-89.2591,-89.2731,-89.2844,-89.2574,-89.2031,-89.1393,-89.0763,-89.0198,-88.9724,-88.9351,-88.9080,-88.8905,-88.8818,-88.8810,-88.8871,-88.8991,-88.9161,-88.9374,-88.9611,-88.9725,-88.9642,-88.9416,-88.9114,-88.8791,-88.8487,-88.8227,-88.8024,-88.7886,-88.7814,-88.7804,-88.7853,-88.7951,-88.7818,-88.7182,-88.6288,-88.5389,-88.4621,-88.4034,-88.3633,-88.3402,-88.3321,-88.3364,-88.3511,-88.3744,-88.4044,-88.4400,-88.4798,-88.5229,-88.5686,-88.6160,-88.6646,-88.7139,-88.7635,-88.8130,-88.8622,-88.9107,-88.9584,-89.0051,-89.0506,-89.0950,-89.1379,-89.1795,-89.2197,-89.2583,-89.2955,-89.3312,-89.3654,-89.3981,-89.4293,-89.4591,-89.4875,-89.5146,-89.5403,-89.5647,-89.5879,-89.6100,-89.6308,-89.6506,-89.6693,-89.6871,-89.7038,-89.7197,-89.7347,-89.7488,-89.7622,-89.7748,-89.7867,-89.7980,-89.8086,-89.8187,-89.8282,-89.8371,-89.8456,-89.8536,-89.8611,-89.8682,-89.8744,-89.8039,-89.6676,-89.5095,-89.2873,-89.0499,-88.8329,-88.6500,-88.5043,-88.3936,-88.3141,-88.2613,-88.2309,-88.2190,-88.2222,-88.2377,-88.2630,-88.2962,-88.3355,-88.3795,-88.4271,-88.4764,-88.4951,-88.4616,-88.4016,-88.3365,-88.2523,-88.1499,-88.0463,-87.9537,-87.8782,-87.8219,-87.7848,-87.7654,-87.7618,-87.7720,-87.7937,-87.8252,-87.8647,-87.9108,-87.9621,-88.0174,-88.0758,-88.1366,-88.1989,-88.2621,-88.3258,-88.3895,-88.4528,-88.5154,-88.5771,-88.6375,-88.6966,-88.7542,-88.8102,-88.8644,-88.9168,-88.9674,-89.0161,-89.0629,-89.1078,-89.1509,-89.1920,-89.2314,-89.2689,-89.3046,-89.3387,-89.3711,-89.4018,-89.4310,-89.4587,-89.4850,-89.5099,-89.5335,-89.5285,-89.4667,-89.3749,-89.2227,-89.0482,-88.8798,-88.7292,-88.6011,-88.4963,-88.4104,-88.3098,-88.1885,-88.0638,-87.9500,-87.8552,-87.7820,-87.7305,-87.6881,-87.6176,-87.5297,-87.4226,-87.2897,-87.1505,-87.0221,-86.9139,-86.8303,-86.7720,-86.7377,-86.7252,-86.7319,-86.7552,-86.7924,-86.8413,-86.8998,-86.9661,-87.0387,-87.1160,-87.1971,-87.2809,-87.3665,-87.4532,-87.5403,-87.6274,-87.7140,-87.7996,-87.8839,-87.9667,-88.0478,-88.1268,-88.2037,-88.2784,-88.3507,-88.4206,-88.4879,-88.4797,-88.3694,-88.2321,-88.0992,-87.9831,-87.8883,-87.8152,-87.7626,-87.7285,-87.7106,-87.7068,-87.7149,-87.7331,-87.7597,-87.7934,-87.8328,-87.8769,-87.9247,-87.9753,-88.0282,-88.0827,-88.1382,-88.1944,-88.2509,-88.3072,-88.3632,-88.4186,-88.4732,-88.5268,-88.5793,-88.6305,-88.6804,-88.7289,-88.7760,-88.8215,-88.8655,-88.9079,-88.9487,-88.9880,-89.0257,-89.0619,-89.0965,-89.1297,-89.1614,-89.1520,-89.0935,-89.0203,-88.9475,-88.8820,-88.8267,-88.7823,-88.7488,-88.7253,-88.7109,-88.7045,-88.7050,-88.7116,-88.7233,-88.7392,-88.7586,-88.7809,-88.8054,-88.8318,-88.8596,-88.8884,-88.9179,-88.9478,-88.9778,-89.0079,-89.0377,-89.0672,-89.0963,-89.1248,-89.1527,-89.1799,-89.2064,-89.2321,-89.2569,-89.2809,-89.3041,-89.3265,-89.3480,-89.3686,-89.3884,-89.4075,-89.4214,-89.3886,-89.3178,-89.2318,-89.1451,-89.0656,-88.9973,-88.9417,-88.8987,-88.8675,-88.8470,-88.8357,-88.8324,-88.8359,-88.8450,-88.8587,-88.8762,-88.8968,-88.9198,-88.9447,-88.9710,-88.9983,-89.0263,-89.0548,-89.0834,-89.1120,-89.1404,-89.1685,-89.1961,-89.2231,-89.2496,-89.2753,-89.3004,-89.3246,-89.3481,-89.3707,-89.3925,-89.4135,-89.4337,-89.4530,-89.4716,-89.4893,-89.5063,-89.5226,-89.5381,-89.5517,-89.5313,-89.4677,-89.3782,-89.2670,-89.1429,-89.0181,-88.9016,-88.7984,-88.7107,-88.6388,-88.5821,-88.5396,-88.5098,-88.4912,-88.4826,-88.4826,-88.4901,-88.5038,-88.5228,-88.5464,-88.5737,-88.6040,-88.6368,-88.6715,-88.7078,-88.7451,-88.7832,-88.8217,-88.8604,-88.8991,-88.9375,-88.9754,-89.0128,-89.0496,-89.0855,-89.1205,-89.1546,-89.1877,-89.2198,-89.2508,-89.2789,-89.2841,-89.2629,-89.2267,-89.1847,-89.1426,-89.1036,-89.0697,-89.0419,-89.0204,-89.0051,-88.9957,-88.9917,-88.9926,-88.9978,-89.0067,-89.0190,-89.0339,-89.0513,-89.0705,-89.0913,-89.1134,-89.1365,-89.1602,-89.1839,-89.1942,-89.1803,-89.1488,-89.1084,-89.0657,-89.0252,-88.9895,-88.9598,-88.9369,-88.9208,-88.9111,-88.9074,-88.9091,-88.9156,-88.9263,-88.9405,-88.9578,-88.9777,-88.9997,-89.0234,-89.0484,-89.0744,-89.1012,-89.1285,-89.1560,-89.1826,-89.1912,-89.1731,-89.1377,-89.0947,-89.0508,-89.0104,-88.9755,-88.9474,-88.9263,-88.9120,-88.9042,-88.9022,-88.9055,-88.9134,-88.9253,-88.9406,-88.9588,-88.9795,-89.0021,-89.0263,-89.0518,-89.0782,-89.1053,-89.1328,-89.1605,-89.1883,-89.1809,-89.0854,-88.9692,-88.8601,-88.7684,-88.6968,-88.6448,-88.6104,-88.5912,-88.5848,-88.5890,-88.6018,-88.6216,-88.6467,-88.6644,-88.6472,-88.6017,-88.5459,-88.4923,-88.4478,-88.4150,-88.3942,-88.3847,-88.3853,-88.3945,-88.4112,-88.4339,-88.4528,-88.3529,-88.2086,-88.0780,-87.9764,-87.8835,-87.7618,-87.6291,-87.5082,-87.4004,-87.2776,-87.1562,-87.0495,-86.9635,-86.9000,-86.8585,-86.8374,-86.8342,-86.8353,-86.8280,-86.8156,-86.7941,-86.7420,-86.6694,-86.5937,-86.5267,-86.4749,-86.4408,-86.4251,-86.4267,-86.4442,-86.4757,-86.5193,-86.5733,-86.6358,-86.7054,-86.7807,-86.8605,-86.9438,-87.0297,-87.1174,-87.2061,-87.2954,-87.3847,-87.4735,-87.5614,-87.6482,-87.7336,-87.8172,-87.8990,-87.9788,-88.0563,-88.1316,-88.2045,-88.2750,-88.3430,-88.4086,-88.4716,-88.5321,-88.5902,-88.6458,-88.6991,-88.7500,-88.7985,-88.8449,-88.8891,-88.9311,-88.9711,-89.0092,-89.0454,-89.0797,-89.1123,-89.1432,-89.1726,-89.2004,-89.2268,-89.2517,-89.2754,-89.2978,-89.3190,-89.3391,-89.3582,-89.3762,-89.3933,-89.4095,-89.4248,-89.4393,-89.4531,-89.4662,-89.4786,-89.4903,-89.5015,-89.5121,-89.5207,-89.5150,-89.4894,-89.4496,-89.4028,-89.3545,-89.3080,-89.2654,-89.2278,-89.1958,-89.1694,-89.1484,-89.1325,-89.1214,-89.1145,-89.1116,-89.1120,-89.1155,-89.1216,-89.1300,-89.1404,-89.1525,-89.1660,-89.1806,-89.1831,-89.0787,-88.9326,-88.7955,-88.6823,-88.5954,-88.5328,-88.4910,-88.4666,-88.4563,-88.4575,-88.4680,-88.4859,-88.5096,-88.5379,-88.5697,-88.6041,-88.6405,-88.6783,-88.7170,-88.7562,-88.7955,-88.8346,-88.8267,-88.7243,-88.6082,-88.5070,-88.4282,-88.3722,-88.3364,-88.3179,-88.3137,-88.3212,-88.3380,-88.3595,-88.3533,-88.3113,-88.2515,-88.1898,-88.1359,-88.0944,-88.0667,-88.0524,-88.0504,-88.0590,-88.0767,-88.1021,-88.1336,-88.1702,-88.2108,-88.2544,-88.3004,-88.3480,-88.3968,-88.4462,-88.4959,-88.5455,-88.5948,-88.6435,-88.6915,-88.7385,-88.7844,-88.8291,-88.8726,-88.9148,-88.9556,-88.9949,-89.0329,-89.0694,-89.1045,-89.1381,-89.1592,-89.1128,-89.0247,-88.9278,-88.8140,-88.6757,-88.5114,-88.2503,-87.9763,-87.7344,-87.5369,-87.3840,-87.2716,-87.1944,-87.1470,-87.1245,-87.1228,-87.1380,-87.1673,-87.2079,-87.2576,-87.3147,-87.3776,-87.4448,-87.5154,-87.5884,-87.6629,-87.7384,-87.8141,-87.8897,-87.9468,-87.9440,-87.9021,-87.8498,-87.8040,-87.7722,-87.7562,-87.7553,-87.7677,-87.7913,-87.8240,-87.8640,-87.9097,-87.9598,-88.0132,-88.0688,-88.1261,-88.1842,-88.2427,-88.3011,-88.3592,-88.4165,-88.4728,-88.5280,-88.5819,-88.6343,-88.6852,-88.7345,-88.7821,-88.8280,-88.8722,-88.9147,-88.9417,-88.8220,-88.5799,-88.2968,-88.0195,-87.7696,-87.5310,-87.2995,-87.0899,-86.9104,-86.7635,-86.6488,-86.5643,-86.5070,-86.4739,-86.4620,-86.4684,-86.4905,-86.5259,-86.5725,-86.6284,-86.6920,-86.7618,-86.8367,-86.9155,-86.9974,-87.0813,-87.1668,-87.2530,-87.3396,-87.4259,-87.5117,-87.5965,-87.6801,-87.7622,-87.8426,-87.9210,-87.9975,-88.0717,-88.1438,-88.2135,-88.2808,-88.3457,-88.4083,-88.4684,-88.5261,-88.5814,-88.6344,-88.6852,-88.7336,-88.7799,-88.8241,-88.8661,-88.9062,-88.9444,-88.9806,-89.0151,-89.0479,-89.0790,-89.1086,-89.1367,-89.1633,-89.1885,-89.2125,-89.2352,-89.2567,-89.2771,-89.2965,-89.3148,-89.3323,-89.3276,-89.2442,-89.1257,-89.0063,-88.9008,-88.8141,-88.7468,-88.6973,-88.6633,-88.6424,-88.6325,-88.6315,-88.6379,-88.6502,-88.6673,-88.6882,-88.7120,-88.7382,-88.7661,-88.7952,-88.8245,-88.8411,-88.8348,-88.8115,-88.7796,-88.7454,-88.7131,-88.6850,-88.6626,-88.6463,-88.6362,-88.6321,-88.6335,-88.6399,-88.6507,-88.6653,-88.6832,-88.7039,-88.7270,-88.7520,-88.7785,-88.8056,-88.8071,-88.7640,-88.6975,-88.6266,-88.5620,-88.5087,-88.4682,-88.4403,-88.4240,-88.4180,-88.4209,-88.4312,-88.4478,-88.4695,-88.4955,-88.5248,-88.5567,-88.5907,-88.6262,-88.6628,-88.7001,-88.7378,-88.7756,-88.8132,-88.8505,-88.8873,-88.9235,-88.9589,-88.9935,-89.0272,-89.0599,-89.0916,-89.1222,-89.1518,-89.1803,-89.2077,-89.2341,-89.2594,-89.2836,-89.3068,-89.3291,-89.3503,-89.3706,-89.3899,-89.4084,-89.4260,-89.4428,-89.4588,-89.4740,-89.4883,-89.4900,-89.4682,-89.4279,-89.3766,-89.3207,-89.2649,-89.2125,-89.1652,-89.1144,-89.0477,-88.9675,-88.8820,-88.7982,-88.7207,-88.6522,-88.5940,-88.5463,-88.5088,-88.4809,-88.4619,-88.4509,-88.4471,-88.4496,-88.4576,-88.4705,-88.4875,-88.5081,-88.5317,-88.5578,-88.5860,-88.6098,-88.6012,-88.5588,-88.4985,-88.4345,-88.3706,-88.2979,-88.2185,-88.1399,-88.0681,-88.0068,-87.9574,-87.9206,-87.8958,-87.8822,-87.8789,-87.8848,-87.8986,-87.9194,-87.9462,-87.9780,-88.0141,-88.0536,-88.0960,-88.1406,-88.1869,-88.2345,-88.2829,-88.3318,-88.3810,-88.4300,-88.4788,-88.5270,-88.5746,-88.6182,-88.6231,-88.5954,-88.5538,-88.5093,-88.4681,-88.4334,-88.4066,-88.3883,-88.3782,-88.3757,-88.3801,-88.3907,-88.4066,-88.4175,-88.4092,-88.3848,-88.3512,-88.2836,-88.1726,-88.0435,-87.9168,-87.8038,-87.7098,-87.6363,-87.5811,-87.5042,-87.4027,-87.2988,-87.2055,-87.1298,-87.0729,-87.0241,-86.9444,-86.8143,-86.6642,-86.5219,-86.4021,-86.3104,-86.2473,-86.2108,-86.1968,-86.1741,-86.1260,-86.0700,-86.0213,-85.9880,-85.9731,-85.9721,-85.9705,-85.9660,-85.9633,-85.9673,-85.9807,-86.0049,-86.0399,-86.0855,-86.1406,-86.2043,-86.2754,-86.3528,-86.4354,-86.5223,-86.6124,-86.7051,-86.7995,-86.8951,-86.9905,-87.0566,-87.0687,-87.0512,-87.0287,-87.0145,-87.0141,-87.0232,-87.0049,-86.9607,-86.9092,-86.8580,-86.7695,-86.6564,-86.5467,-86.4556,-86.3891,-86.3483,-86.3317,-86.3367,-86.3603,-86.3997,-86.4357,-86.4166,-86.3736,-86.3317,-86.3028,-86.2917,-86.2992,-86.3242,-86.3647,-86.4183,-86.4828,-86.5561,-86.6362,-86.7215,-86.8108,-86.9027,-86.9964,-87.0906,-87.1539,-87.1676,-87.1553,-87.1333,-87.0851,-87.0105,-86.9270,-86.8496,-86.7873,-86.7441,-86.7208,-86.7165,-86.7290,-86.7406,-86.6931,-86.5987,-86.4861,-86.3766,-86.2828,-86.2107,-86.1624,-86.1375,-86.1340,-86.1495,-86.1816,-86.2277,-86.2855,-86.3529,-86.4281,-86.5095,-86.5958,-86.6858,-86.7784,-86.8728,-86.9683,-87.0642,-87.1600,-87.2551,-87.3493,-87.4421,-87.5333,-87.6226,-87.7099,-87.7948,-87.8774,-87.9575,-87.9685,-87.9011,-87.8229,-87.7562,-87.7028,-87.5633,-87.3849,-87.2293,-87.1117,-87.0320,-86.9856,-86.9668,-86.9707,-86.9927,-87.0291,-87.0729,-87.0863,-87.0683,-87.0374,-87.0074,-86.9867,-86.9790,-86.9853,-87.0052,-87.0372,-87.0796,-87.1307,-87.1889,-87.2526,-87.3206,-87.3918,-87.4651,-87.5399,-87.6153,-87.6909,-87.7663,-87.8408,-87.9144,-87.9867,-88.0574,-88.1264,-88.1936,-88.2588,-88.3220,-88.3831,-88.4421,-88.4863,-88.4822,-88.4422,-88.3883,-88.3348,-88.2887,-88.2533,-88.2293,-88.2163,-88.2132,-88.2187,-88.2316,-88.2508,-88.2751,-88.3035,-88.3352,-88.3696,-88.4059,-88.4437,-88.4825,-88.5220,-88.5618,-88.6016,-88.6413,-88.6806,-88.7193,-88.7479,-88.6738,-88.5594,-88.4481,-88.3542,-88.2814,-88.2293,-88.1957,-88.1780,-88.1737,-88.1803,-88.1959,-88.2187,-88.2471,-88.2800,-88.3163,-88.3551,-88.3958,-88.4377,-88.4803,-88.5232,-88.5662,-88.6089,-88.6511,-88.6926,-88.7333,-88.7730,-88.8117,-88.8185,-88.7587,-88.6708,-88.5817,-88.5039,-88.4418,-88.3962,-88.3556,-88.3008,-88.2378,-88.1754,-88.1194,-88.0726,-88.0358,-88.0087,-87.9910,-87.9632,-87.9065,-87.8338,-87.7592,-87.6917,-87.6360,-87.5940,-87.5658,-87.5506,-87.5472,-87.5540,-87.5698,-87.5930,-87.6225,-87.6572,-87.6959,-87.7380,-87.7826,-87.8290,-87.8768,-87.9254,-87.9745,-88.0235,-88.0724,-88.1207,-88.1670,-88.1840,-88.1576,-88.1056,-88.0457,-87.9892,-87.9418,-87.9058,-87.8813,-87.8676,-87.8635,-87.8676,-87.8787,-87.8955,-87.9170,-87.9422,-87.9704,-88.0009,-88.0330,-88.0664,-88.1006,-88.1352,-88.1700,-88.2046,-88.2390,-88.2728,-88.3059,-88.3383,-88.3698,-88.4004,-88.4299,-88.4583,-88.4857,-88.5119,-88.5369,-88.5506,-88.5080,-88.4271,-88.3345,-88.2457,-88.1675,-88.1028,-88.0519,-88.0139,-87.9875,-87.9713,-87.9638,-87.9636,-87.9694,-87.9802,-87.9950,-88.0130,-88.0336,-88.0562,-88.0802,-88.0927,-88.0311,-87.9274,-87.8173,-87.7188,-87.6387,-87.5783,-87.5365,-87.5091,-87.4585,-87.3692,-87.2657,-87.1569,-87.0275,-86.8934,-86.7686,-86.6601,-86.5705,-86.5003,-86.4486,-86.4141,-86.3949,-86.3893,-86.3955,-86.4120,-86.4371,-86.4696,-86.5082,-86.5519,-86.5997,-86.6507,-86.7043,-86.7597,-86.8165,-86.8742,-86.9322,-86.9903,-87.0482,-87.1055,-87.1620,-87.2176,-87.2720,-87.3251,-87.3769,-87.4272,-87.4759,-87.5230,-87.5685,-87.6123,-87.6544,-87.6948,-87.7336,-87.7706,-87.8061,-87.8398,-87.8720,-87.9027,-87.9318,-87.9595,-87.9857,-88.0105,-88.0340,-88.0562,-88.0771,-88.0969,-88.1155,-88.1330,-88.1494,-88.1649,-88.1794,-88.1929,-88.2046,-88.2037,-88.1830,-88.1457,-88.0981,-88.0460,-87.9936,-87.9438,-87.8983,-87.8581,-87.8234,-87.7942,-87.7705,-87.7518,-87.7377,-87.7278,-87.7217,-87.7189,-87.7190,-87.7218,-87.7268,-87.7337,-87.7422,-87.7522,-87.7633,-87.7754,-87.7883,-87.8018,-87.8158,-87.8301,-87.8447,-87.8593,-87.8740,-87.8886,-87.9031,-87.9174,-87.9314,-87.9452,-87.9586,-87.9717,-87.9844,-87.9933,-87.9811,-87.9454,-87.8948,-87.8371,-87.7784,-87.7223,-87.6712,-87.6263,-87.5881,-87.5567,-87.5318,-87.5130,-87.4998,-87.4915,-87.4877,-87.4878,-87.4914,-87.4978,-87.5068,-87.5179,-87.5308,-87.5452,-87.5607,-87.5567,-87.4976,-87.4029,-87.3000,-87.2053,-87.1258,-87.0634,-87.0172,-86.9855,-86.9664,-86.9578,-86.9580,-86.9655,-86.9788,-86.9970,-87.0190,-87.0441,-87.0716,-87.1010,-87.1306,-87.1416,-87.1264,-87.0958,-87.0587,-87.0211,-86.9864,-86.9566,-86.9327,-86.9151,-86.9039,-86.8985,-86.8987,-86.9038,-86.9134,-86.9269,-86.9437,-86.9633,-86.9854,-87.0094,-87.0350,-87.0620,-87.0899,-87.1185,-87.1476,-87.1770,-87.2065,-87.2359,-87.2651,-87.2941,-87.3226,-87.3506,-87.3747,-87.3657,-87.3192,-87.2511,-87.1744,-87.0825,-86.9756,-86.8642,-86.7569,-86.6593,-86.5745,-86.5035,-86.4465,-86.4030,-86.3719,-86.3521,-86.3425,-86.3418,-86.3488,-86.3625,-86.3820,-86.4064,-86.4348,-86.4666,-86.5011,-86.5379,-86.5764,-86.6162,-86.6570,-86.6983,-86.7400,-86.7818,-86.8235,-86.8649,-86.9058,-86.9460,-86.9856,-87.0243,-87.0621,-87.0990,-87.1348,-87.1696,-87.2032,-87.2358,-87.2672,-87.2975,-87.3267,-87.3547,-87.3816,-87.4074,-87.4321,-87.4558,-87.4784,-87.5000,-87.5158,-87.5042,-87.4681,-87.4185,-87.3638,-87.3091,-87.2576,-87.2111,-87.1707,-87.1366,-87.1089,-87.0874,-87.0716,-87.0610,-87.0551,-87.0535,-87.0556,-87.0610,-87.0692,-87.0798,-87.0926,-87.1070,-87.1230,-87.1401,-87.1582,-87.1770,-87.1964,-87.2163,-87.2363,-87.2471,-87.2303,-87.1931,-87.1456,-87.0949,-87.0455,-86.9976,-86.9129,-86.7941,-86.6649,-86.5401,-86.4279,-86.3325,-86.2549,-86.1949,-86.1512,-86.1222,-86.1062,-86.1013,-86.1061,-86.1189,-86.1386,-86.1640,-86.1941,-86.2280,-86.2651,-86.3045,-86.3458,-86.3886,-86.4323,-86.4767,-86.5214,-86.5661,-86.6107,-86.6550,-86.6987,-86.7417,-86.7840,-86.8254,-86.8658,-86.9051,-86.9434,-86.9806,-87.0166,-87.0443,-87.0360,-86.9914,-86.9265,-86.8558,-86.7887,-86.7302,-86.6823,-86.6455,-86.6139,-86.4925,-86.3231,-86.1629,-86.0297,-85.9267,-85.8518,-85.8013,-85.7712,-85.7582,-85.7592,-85.7715,-85.7929,-85.8218,-85.8566,-85.8961,-85.9393,-85.9852,-86.0333,-86.0828,-86.1333,-86.1843,-86.2355,-86.2867,-86.3374,-86.3876,-86.4371,-86.4856,-86.5332,-86.5796,-86.6248,-86.6688,-86.7115,-86.7529,-86.7929,-86.8316,-86.8689,-86.9049,-86.9395,-86.9728,-87.0048,-87.0355,-87.0650,-87.0932,-87.1203,-87.1462,-87.1710,-87.1946,-87.2173,-87.2389,-87.2596,-87.2793,-87.2982,-87.3161,-87.3333,-87.3496,-87.3652,-87.3801,-87.3943,-87.4078,-87.4207,-87.4330,-87.4448,-87.4560,-87.4666,-87.4768,-87.4866,-87.4958,-87.5047,-87.5132,-87.5213,-87.5290,-87.5364,-87.5435,-87.5503,-87.5568,-87.5630,-87.5690,-87.5748,-87.5803,-87.5856,-87.5906,-87.5955,-87.6002,-87.6048,-87.6092,-87.6134,-87.6175,-87.6214,-87.6253,-87.6290,-87.6325,-87.6360,-87.6394,-87.6427,-87.6459,-87.6490,-87.6520,-87.6549,-87.6578,-87.6606,-87.6634,-87.6661,-87.6687,-87.6701,-87.6549,-87.6061,-87.5189,-87.4036,-87.2742,-87.1421,-87.0152,-86.8985,-86.7945,-86.7042,-86.6278,-86.5646,-86.5138,-86.4744,-86.4453,-86.4253,-86.4134,-86.4086,-86.4101,-86.4171,-86.4288,-86.4445,-86.4637,-86.4858,-86.5105,-86.5372,-86.5656,-86.5953,-86.6261,-86.6577,-86.6899,-86.7224,-86.7551,-86.7879,-86.8205,-86.8528,-86.8848,-86.9164,-86.9475,-86.9779,-87.0077,-87.0368,-87.0652,-87.0928,-87.1197,-87.1457,-87.1709,-87.1953,-87.2189,-87.2417,-87.2637,-87.2849,-87.3052,-87.3249,-87.3437,-87.3619,-87.3774,-87.3811,-87.3676,-87.3350,-87.2719,-87.1826,-87.0778,-86.9671,-86.8576,-86.7543,-86.6600,-86.5665,-86.4552,-86.3277,-86.1956,-86.0695,-85.9561,-85.8587,-85.7783,-85.7145,-85.6665,-85.6327,-85.6116,-85.6018,-85.6017,-85.6017,-85.5836,-85.5456,-85.4954,-85.4415,-85.3881,-85.3154,-85.2210,-85.1116,-84.9677,-84.7977,-84.6011,-84.3659,-84.1201,-83.8863,-83.6407,-83.3618,-83.0713,-82.7980,-82.5567,-82.3535,-82.1898,-82.0642,-81.9740,-81.9159,-81.8866,-81.8825,-81.9003,-81.9372,-81.9904,-82.0574,-82.1361,-82.2246,-82.3214,-82.4248,-82.5336,-82.6468,-82.7325,-82.7606,-82.7632,-82.7630,-82.7722,-82.7958,-82.8351,-82.8891,-82.9536,-82.9888,-82.9895,-82.9776,-82.9691,-82.9713,-82.9684,-82.9344,-82.8433,-82.7173,-82.5847,-82.4634,-82.3560,-82.2438,-82.1175,-81.9831,-81.8525,-81.7358,-81.6392,-81.5324,-81.3868,-81.2475,-81.1325,-81.0477,-80.9936,-80.9589,-80.9239,-80.8650,-80.7765,-80.6848,-80.6059,-80.5472,-80.5112,-80.4981,-80.5067,-80.5354,-80.5821,-80.6448,-80.7015,-80.7078,-80.6985,-80.6966,-80.7106,-80.7418,-80.7667,-80.7743,-80.7770,-80.7840,-80.7674,-80.6559,-80.5023,-80.2515,-79.9958,-79.7738,-79.5968,-79.4656,-79.3776,-79.3284,-79.3134,-79.3268,-79.3376,-79.3255,-79.2546,-79.1053,-78.9178,-78.7347,-78.5800,-78.4427,-78.2972,-78.1629,-78.0582,-77.9911,-77.9627,-77.9700,-78.0089,-78.0747,-78.1631,-78.2703,-78.3925,-78.4922,-78.5177,-78.4908,-78.4424,-78.3943,-78.3599,-78.3457,-78.3542,-78.3763,-78.3918,-78.3954,-78.3921,-78.3894,-78.3940,-78.4107,-78.4393,-78.4511,-78.4412,-78.4230,-78.4075,-78.4015,-78.4085,-78.4299,-78.4635,-78.4964,-78.5229,-78.5456,-78.5688,-78.5865,-78.5241,-78.4265,-78.3343,-78.2633,-78.1982,-78.1309,-78.0710,-78.0260,-77.9999,-77.9942,-78.0065,-77.9692,-77.8498,-77.6828,-77.4976,-77.2754,-77.0272,-76.7361,-76.4470,-76.1908,-75.9788,-75.8127,-75.6874,-75.5885,-75.5104,-75.4538,-75.4198,-75.4085,-75.4076,-75.4039,-75.4002,-75.4020,-75.4138,-75.4356,-75.4449,-75.4310,-75.4039,-75.3726,-75.3157,-75.2437,-75.1770,-75.1264,-75.0962,-75.0878,-75.1006,-75.1334,-75.1848,-75.2529,-75.3360,-75.4324,-75.5345,-75.5903,-75.6180,-75.6449,-75.6827,-75.7353,-75.8032,-75.8857,-75.9815,-76.0891,-76.1941,-76.2619,-76.3048,-76.3365,-76.3356,-76.3138,-76.2908,-76.2772,-76.2778,-76.2945,-76.3276,-76.3768,-76.4335,-76.4683,-76.4820,-76.4583,-76.3794,-76.2797,-76.1607,-76.0379,-75.9281,-75.8417,-75.7836,-75.7552,-75.7325,-75.6514,-75.5222,-75.3685,-75.2139,-75.0737,-74.9564,-74.8661,-74.8041,-74.7699,-74.7620,-74.7785,-74.8171,-74.8754,-74.9512,-75.0335,-75.1085,-75.1670,-75.1767,-75.1515,-75.1155,-75.0838,-75.0595,-75.0141,-74.9363,-74.8421,-74.7483,-74.6092,-74.4020,-74.2057,-74.0344,-73.8426,-73.6257,-73.4036,-73.1956,-73.0146,-72.8675,-72.7134,-72.5063,-72.3167,-72.1709,-72.0734,-72.0210,-72.0086,-72.0306,-72.0819,-72.1578,-72.2536,-72.3521,-72.4396,-72.5177,-72.5909,-72.6636,-72.7279,-72.6954,-72.6355,-72.5876,-72.5637,-72.5663,-72.5835,-72.5781,-72.5580,-72.4871,-72.3691,-72.2519,-72.1565,-72.0913,-72.0584,-72.0570,-72.0845,-72.1292,-72.1664,-72.1909,-72.1857,-72.1587,-72.1204,-72.0624,-71.9968,-71.9372,-71.8922,-71.8651,-71.8472,-71.8323,-71.8218,-71.8192,-71.8276,-71.8495,-71.8860,-71.9376,-72.0041,-72.0849,-72.1748,-72.2452,-72.2914,-72.3251,-72.3582,-72.3993,-72.4442,-72.4152,-72.3227,-72.2138,-72.1118,-72.0118,-71.9180,-71.8404,-71.7861,-71.7578,-71.7121,-71.6285,-71.5271,-71.4291,-71.3492,-71.2952,-71.2699,-71.2736,-71.3046,-71.3544,-71.4094,-71.4664,-71.5271,-71.5946,-71.6710,-71.7579,-71.8559,-71.9651,-72.0851,-72.2154,-72.3551,-72.5034,-72.6595,-72.8223,-72.9912,-73.1654,-73.3442,-73.5269,-73.7130,-73.9019,-74.0932,-74.2866,-74.4805,-74.6442,-74.7585,-74.8458,-74.9278,-75.0171,-75.1189,-75.2345,-75.3361,-75.3273,-75.2799,-75.2222,-75.1755,-75.1489,-75.1456,-75.1654,-75.1694,-75.1079,-75.0096,-74.9062,-74.8181,-74.7545,-74.7188,-74.7111,-74.6960,-74.6459,-74.5911,-74.5520,-74.5378,-74.5509,-74.5908,-74.6551,-74.7413,-74.8463,-74.9676,-75.1025,-75.2489,-75.3465,-75.3624,-75.3712,-75.3767,-75.3697,-75.3625,-75.3638,-75.3648,-75.3466,-75.3084,-75.2605,-75.2129,-75.1732,-75.1464,-75.1243,-75.0885,-75.0498,-75.0172,-74.9964,-74.9900,-74.9936,-75.0010,-75.0119,-75.0290,-75.0552,-75.0925,-75.1281,-75.1228,-75.0901,-75.0295,-74.9362,-74.8243,-74.6615,-74.4971,-74.3588,-74.2523,-74.1501,-74.0475,-73.9557,-73.8752,-73.7767,-73.6688,-73.5691,-73.4892,-73.4348,-73.4083,-73.4094,-73.4366,-73.4878,-73.5605,-73.6520,-73.7598,-73.8818,-74.0143,-74.1294,-74.2127,-74.2778,-74.3392,-74.4066,-74.4851,-74.5768,-74.6819,-74.7996,-74.9285,-75.0674,-75.2148,-75.3695,-75.5302,-75.6960,-75.8661,-76.0396,-76.2159,-76.3944,-76.5747,-76.7564,-76.9390,-77.1223,-77.3011,-77.4545,-77.5804,-77.6890,-77.7896,-77.8890,-77.9909,-78.0550,-78.0719,-78.0719,-78.0311,-77.9132,-77.7053,-77.4744,-77.2528,-77.0226,-76.7444,-76.4347,-76.1222,-75.8283,-75.5384,-75.2297,-74.9408,-74.6919,-74.4895,-74.3337,-74.2218,-74.1498,-74.0930,-73.9862,-73.8498,-73.7134,-73.5945,-73.5014,-73.4374,-73.4027,-73.3960,-73.4152,-73.4578,-73.5138,-73.5260,-73.4930,-73.4387,-73.3822,-73.3359,-73.3064,-73.2969,-73.3076,-73.3221,-73.3184,-73.3001,-73.2789,-73.2650,-73.2628,-73.2570,-73.2446,-73.2340,-73.2314,-73.2405,-73.2632,-73.3003,-73.3518,-73.4174,-73.4962,-73.5762,-73.6117,-73.6006,-73.5626,-73.5157,-73.4717,-73.4383,-73.4194,-73.4171,-73.4300,-73.4420,-73.4462,-73.4458,-73.4456,-73.4494,-73.4605,-73.4809,-73.5119,-73.5542,-73.6080,-73.6730,-73.7490,-73.8353,-73.9313,-74.0276,-74.0924,-74.1372,-74.1783,-74.2241,-74.2783,-74.3427,-74.4179,-74.5036,-74.5995,-74.7051,-74.8195,-74.9421,-75.0685,-75.1611,-75.2110,-75.2203,-75.1677,-75.0939,-75.0293,-74.9880,-74.9750,-74.9903,-75.0259,-75.0306,-75.0132,-74.9986,-75.0000,-75.0205,-75.0509,-75.0849,-75.1232,-75.1682,-75.2225,-75.2874,-75.3637,-75.4516,-75.5506,-75.6601,-75.7792,-75.9072,-76.0430,-76.1858,-76.3347,-76.4889,-76.6462,-76.7956,-76.9303,-77.0523,-77.1658,-77.2748,-77.3828,-77.4921,-77.5888,-77.6286,-77.6364,-77.6376,-77.6469,-77.6715,-77.7142,-77.7750,-77.8525,-77.9438,-78.0159,-78.0562,-78.0820,-78.1039,-78.0943,-78.0577,-78.0193,-77.9938,-77.9684,-77.9293,-77.8864,-77.8514,-77.8325,-77.8340,-77.8571,-77.9012,-77.9648,-78.0457,-78.1417,-78.2508,-78.3708,-78.5000,-78.6359,-78.7482,-78.8249,-78.8827,-78.9357,-78.9929,-79.0591,-79.1366,-79.2258,-79.3261,-79.4366,-79.5560,-79.6830,-79.8149,-79.9190,-79.9822,-80.0265,-80.0678,-80.0856,-80.0705,-80.0423,-80.0161,-79.9994,-79.9797,-79.9355,-79.8624,-79.7746,-79.6856,-79.6049,-79.5382,-79.4887,-79.4575,-79.4448,-79.4501,-79.4721,-79.4991,-79.5012,-79.4809,-79.4513,-79.4239,-79.4065,-79.4035,-79.4166,-79.4460,-79.4909,-79.5501,-79.6219,-79.7035,-79.7714,-79.8157,-79.8467,-79.8620,-79.8441,-79.8019,-79.7512,-79.7044,-79.6699,-79.6520,-79.6526,-79.6665,-79.6380,-79.5847,-79.5372,-79.5081,-79.5008,-79.5149,-79.5487,-79.6000,-79.6667,-79.7466,-79.8378,-79.9387,-80.0477,-80.1636,-80.2851,-80.4113,-80.5412,-80.6743,-80.8034,-80.9098,-80.9920,-81.0216,-80.9921,-80.9346,-80.8750,-80.8278,-80.7993,-80.7912,-80.8028,-80.8325,-80.8782,-80.9379,-81.0096,-81.0916,-81.1822,-81.2801,-81.3840,-81.4929,-81.6058,-81.7185,-81.7805,-81.7740,-81.7278,-81.6676,-81.6097,-81.5634,-81.5334,-81.5214,-81.5274,-81.5422,-81.5242,-81.4758,-81.4048,-81.2757,-81.1398,-81.0235,-80.9360,-80.8789,-80.8508,-80.8489,-80.8702,-80.9116,-80.9700,-81.0429,-81.1279,-81.2230,-81.3265,-81.4369,-81.5528,-81.6731,-81.7970,-81.9214,-82.0212,-82.0748,-82.0569,-81.9883,-81.9051,-81.8305,-81.7760,-81.7454,-81.7386,-81.7537,-81.7880,-81.8388,-81.9035,-81.9782,-82.0195,-81.9939,-81.9272,-81.8470,-81.7457,-81.6208,-81.4888,-81.3655,-81.2611,-81.1810,-81.1272,-81.0992,-81.0954,-81.1134,-81.1508,-81.2050,-81.2735,-81.3521,-81.4093,-81.4381,-81.4530,-81.4665,-81.4866,-81.5176,-81.5611,-81.6174,-81.6857,-81.7649,-81.8536,-81.9505,-82.0543,-82.1636,-82.2775,-82.3950,-82.5152,-82.6373,-82.7609,-82.8852,-83.0099,-83.1344,-83.2585,-83.3818,-83.5041,-83.6251,-83.7446,-83.8381,-83.8641,-83.8630,-83.8398,-83.7758,-83.6629,-83.4678,-83.2162,-82.9362,-82.6528,-82.3669,-82.0885,-81.8324,-81.6083,-81.4208,-81.2711,-81.1523,-81.0362,-80.9280,-80.8150,-80.6685,-80.5086,-80.3613,-80.2322,-80.1022,-79.9768,-79.8676,-79.7830,-79.7269,-79.7001,-79.7012,-79.7280,-79.7777,-79.8472,-79.9339,-80.0350,-80.1485,-80.2721,-80.4042,-80.5424,-80.6664,-80.7495,-80.7853,-80.7896,-80.7804,-80.7705,-80.7683,-80.7779,-80.8016,-80.8398,-80.8922,-80.9577,-81.0354,-81.1237,-81.2215,-81.3275,-81.4404,-81.5592,-81.6489,-81.6818,-81.6978,-81.7179,-81.7499,-81.7960,-81.8559,-81.9283,-82.0118,-82.1047,-82.2056,-82.3131,-82.4132,-82.4489,-82.4198,-82.3539,-82.2788,-82.2114,-82.1603,-82.1271,-82.0968,-82.0631,-82.0240,-81.9379,-81.7904,-81.6146,-81.4386,-81.2800,-81.1484,-81.0478,-80.9782,-80.9262,-80.8798,-80.8405,-80.8124,-80.7982,-80.7995,-80.8167,-80.8494,-80.8968,-80.9579,-81.0312,-81.1156,-81.2097,-81.3123,-81.4222,-81.5383,-81.6597,-81.7854,-81.9042,-81.9804,-82.0000,-81.9802,-81.9426,-81.9033,-81.8721,-81.8545,-81.8509,-81.8443,-81.8262,-81.7172,-81.5362,-81.3297,-81.1283,-80.9210,-80.6669,-80.3957,-80.1355,-79.9039,-79.7098,-79.5565,-79.4437,-79.3489,-79.2038,-79.0150,-78.8291,-78.6709,-78.5498,-78.4675,-78.4225,-78.4112,-78.3998,-78.3638,-78.3096,-78.2342,-78.1559,-78.0916,-78.0506,-78.0370,-78.0510,-78.0913,-78.1461,-78.1935,-78.2309,-78.1791,-78.0853,-78.0025,-77.9485,-77.9278,-77.9394,-77.9805,-78.0476,-78.1370,-78.2454,-78.3581,-78.4557,-78.5420,-78.6245,-78.7095,-78.8010,-78.9015,-79.0119,-79.1324,-79.2625,-79.4014,-79.5481,-79.7015,-79.8606,-80.0244,-80.1920,-80.3627,-80.5355,-80.7099,-80.8853,-81.0612,-81.2371,-81.4126,-81.5873,-81.7610,-81.9333,-82.1039,-82.2727,-82.4395,-82.6039,-82.7660,-82.9255,-83.0823,-83.2363,-83.3873,-83.5353,-83.6802,-83.8219,-83.9604,-84.0956,-84.2275,-84.3560,-84.4812,-84.6030,-84.7214,-84.8364,-84.9480,-85.0563,-85.1613,-85.2630,-85.3614,-85.4567,-85.5488,-85.6378,-85.7238,-85.8068,-85.8870,-85.9642,-86.0388,-86.1106,-86.1798,-86.2465,-86.3107,-86.3726,-86.4321,-86.4894,-86.5446,-86.5976,-86.6487,-86.6978,-86.7451,-86.7906,-86.8344,-86.8765,-86.9171,-86.9561,-86.9937,-87.0299,-87.0648,-87.0984,-87.1308,-87.1620,-87.1921,-87.2212,-87.2492,-87.2763,-87.3025,-87.3278,-87.3522,-87.3759,-87.3988,-87.4209,-87.4424,-87.4632,-87.4834,-87.5030,-87.5221,-87.5405,-87.5585,-87.5760,-87.5930,-87.6096,-87.6258,-87.6415,-87.6569,-87.6719,-87.6865,-87.7008,-87.7148,-87.7285,-87.7420,-87.7551,-87.7680,-87.7806,-87.7930,-87.7888,-87.6767,-87.5258,-87.3834,-87.2637,-87.1691,-87.0977,-87.0462,-87.0114,-86.9904,-86.9808,-86.9804,-86.9876,-87.0008,-87.0189,-87.0411,-87.0663,-87.0941,-87.1238,-87.1550,-87.1873,-87.2203,-87.2539,-87.2877,-87.3215,-87.3505,-87.3531,-87.3290,-87.2028,-87.0236,-86.8440,-86.6828,-86.5464,-86.4360,-86.3504,-86.2873,-86.2442,-86.2184,-86.2075,-86.2094,-86.2200,-86.2247,-86.2169,-86.2012,-86.1836,-86.1686,-86.1589,-86.1559,-86.1601,-86.1716,-86.1892,-86.1909,-86.1586,-86.1059,-86.0498,-86.0010,-85.9649,-85.9430,-85.9353,-85.9405,-85.9571,-85.9837,-86.0185,-86.0603,-86.1079,-86.1572,-86.1428,-86.0808,-86.0098,-85.9482,-85.9003,-85.8126,-85.6971,-85.5886,-85.5014,-85.4387,-85.4000,-85.3829,-85.3846,-85.4025,-85.4339,-85.4766,-85.5286,-85.5883,-85.6542,-85.7249,-85.7995,-85.8769,-85.9564,-86.0373,-86.1190,-86.2010,-86.2829,-86.3643,-86.4449,-86.5244,-86.6026,-86.6794,-86.7545,-86.8268,-86.8439,-86.8082,-86.7589,-86.7138,-86.6796,-86.6578,-86.6482,-86.6497,-86.6609,-86.6805,-86.7071,-86.7395,-86.7767,-86.8179,-86.8622,-86.9088,-86.9573,-87.0071,-87.0578,-87.1089,-87.1602,-87.2114,-87.2623,-87.3126,-87.3622,-87.4110,-87.4588,-87.5055,-87.5339,-87.5282,-87.5007,-87.4633,-87.4239,-87.3848,-87.3373,-87.2788,-87.1697,-87.0038,-86.8223,-86.6488,-86.4951,-86.3657,-86.2617,-86.1820,-86.1248,-86.0876,-86.0681,-86.0638,-86.0726,-86.0926,-86.1220,-86.1594,-86.2034,-86.2528,-86.3066,-86.3586,-86.3946,-86.4138,-86.4229,-86.4279,-86.4334,-86.4419,-86.4551,-86.4735,-86.4973,-86.5263,-86.5601,-86.5983,-86.6402,-86.6853,-86.7332,-86.7832,-86.8351,-86.8883,-86.9424,-86.9973,-87.0524,-87.1077,-87.1629,-87.2177,-87.2720,-87.3256,-87.3785,-87.4304,-87.4814,-87.5312,-87.5799,-87.6274,-87.6736,-87.7185,-87.7622,-87.8045,-87.8454,-87.8851,-87.9234,-87.9603,-87.9960,-88.0304,-88.0635,-88.0954,-88.1260,-88.1555,-88.1839,-88.2111,-88.2373,-88.2624,-88.2865,-88.3075,-88.3063,-88.2780,-88.2329,-88.1805,-88.1273,-88.0774,-88.0332,-87.9956,-87.9651,-87.9416,-87.9247,-87.9139,-87.9086,-87.9083,-87.9124,-87.9203,-87.9315,-87.9454,-87.9322,-87.8667,-87.7772,-87.6853,-87.6026,-87.5337,-87.4802,-87.4417,-87.4170,-87.4005,-87.3658,-87.3112,-87.2479,-87.1857,-87.1306,-87.0863,-87.0541,-87.0341,-87.0258,-87.0281,-87.0399,-87.0598,-87.0866,-87.1193,-87.1569,-87.1984,-87.2430,-87.2902,-87.3391,-87.3895,-87.4407,-87.4924,-87.5444,-87.5962,-87.6476,-87.6986,-87.7258,-87.6928,-87.6240,-87.5471,-87.4783,-87.4241,-87.3864,-87.3642,-87.3558,-87.3591,-87.3721,-87.3931,-87.4204,-87.4529,-87.4893,-87.5288,-87.5707,-87.6142,-87.6589,-87.7043,-87.7501,-87.7958,-87.8414,-87.8865,-87.9309,-87.9746,-88.0174,-88.0416,-88.0187,-87.9655,-87.9007,-87.8373,-87.7822,-87.7388,-87.7078,-87.6677,-87.5822,-87.4762,-87.3722,-87.2816,-87.2092,-87.1559,-87.1208,-87.1022,-87.0980,-87.1062,-87.1247,-87.1519,-87.1861,-87.2260,-87.2705,-87.3186,-87.3693,-87.4220,-87.4761,-87.5311,-87.5865,-87.6419,-87.6971,-87.7518,-87.8057,-87.8587,-87.9106,-87.9613,-88.0107,-88.0507,-88.0419,-87.9949,-87.9346,-87.8757,-87.8249,-87.7849,-87.7564,-87.7388,-87.7311,-87.7322,-87.7408,-87.7527,-87.7468,-87.7200,-87.6818,-87.6407,-87.6024,-87.5702,-87.5458,-87.5298,-87.5220,-87.5220,-87.5293,-87.5430,-87.5623,-87.5866,-87.6150,-87.6469,-87.6782,-87.6797,-87.6475,-87.5977,-87.5437,-87.4940,-87.4530,-87.4227,-87.4035,-87.3950,-87.3963,-87.4062,-87.4236,-87.4473,-87.4764,-87.5098,-87.5468,-87.5866,-87.6287,-87.6724,-87.7173,-87.7630,-87.8092,-87.8554,-87.9016,-87.9474,-87.9707,-87.9417,-87.8833,-87.8169,-87.7543,-87.7015,-87.6608,-87.6325,-87.6160,-87.5698,-87.4242,-87.2669,-87.1347,-87.0353,-86.9670,-86.9258,-86.9072,-86.9071,-86.9220,-86.9466,-86.9651,-86.9698,-86.9651,-86.9575,-86.9521,-86.9518,-86.9582,-86.9635,-86.8923,-86.7929,-86.7001,-86.6249,-86.5700,-86.5349,-86.5180,-86.5170,-86.5298,-86.5544,-86.5887,-86.6313,-86.6805,-86.7352,-86.7942,-86.8566,-86.9216,-86.9884,-87.0565,-87.1253,-87.1944,-87.2634,-87.3320,-87.3998,-87.4655,-87.5138,-87.5387,-87.5458,-87.5420,-87.5327,-87.5080,-87.4612,-87.4013,-87.3378,-87.2773,-87.2239,-87.1798,-87.1461,-87.1229,-87.1099,-87.1063,-87.1114,-87.1243,-87.1440,-87.1696,-87.2003,-87.2354,-87.2742,-87.3160,-87.3603,-87.4029,-87.4270,-87.4308,-87.4214,-87.4061,-87.3898,-87.3759,-87.3665,-87.3626,-87.3646,-87.3726,-87.3862,-87.4050,-87.4286,-87.4564,-87.4878,-87.5223,-87.5594,-87.5987,-87.6397,-87.6820,-87.7253,-87.7694,-87.8138,-87.8585,-87.9031,-87.9475,-87.9915,-88.0349,-88.0778,-88.1198,-88.1610,-88.2013,-88.2406,-88.2789,-88.3161,-88.3522,-88.3872,-88.4210,-88.4537,-88.4853,-88.5157,-88.5451,-88.5733,-88.6004,-88.6265,-88.6515,-88.6755,-88.6985,-88.7206,-88.7418,-88.7621,-88.7815,-88.8001,-88.8179,-88.8349,-88.8513,-88.8669,-88.8818,-88.8962,-88.9099,-88.9190,-88.9020,-88.8611,-88.8078,-88.7505,-88.6943,-88.6423,-88.5963,-88.5569,-88.5245,-88.4989,-88.4796,-88.4663,-88.4583,-88.4550,-88.4560,-88.4586,-88.4530,-88.4344,-88.4051,-88.3702,-88.3341,-88.2999,-88.2697,-88.2445,-88.2249,-88.2108,-88.2021,-88.1985,-88.1995,-88.2047,-88.2136,-88.2259,-88.2369,-88.2113,-88.1572,-88.0928,-88.0235,-87.9421,-87.8516,-87.7601,-87.6742,-87.5980,-87.5338,-87.4822,-87.4434,-87.4168,-87.4013,-87.3962,-87.4001,-87.4122,-87.4312,-87.4564,-87.4868,-87.5216,-87.5601,-87.6017,-87.6458,-87.6918,-87.7393,-87.7879,-87.8373,-87.8871,-87.9370,-87.9869,-88.0364,-88.0855,-88.1339,-88.1815,-88.2282,-88.2739,-88.3185,-88.3619,-88.4041,-88.4450,-88.4847,-88.5230,-88.5601,-88.5958,-88.6302,-88.6633,-88.6951,-88.7256,-88.7548,-88.7829,-88.8098,-88.8355,-88.8601,-88.8836,-88.9026,-88.8770,-88.8073,-88.7196,-88.6309,-88.5503,-88.4815,-88.4259,-88.3813,-88.3161,-88.2074,-88.0516,-87.8787,-87.7118,-87.5626,-87.4359,-87.3327,-87.2523,-87.1930,-87.1526,-87.1291,-87.1202,-87.1241,-87.1388,-87.1627,-87.1944,-87.2327,-87.2763,-87.3242,-87.3758,-87.4300,-87.4864,-87.5443,-87.6032,-87.6627,-87.7224,-87.7820,-87.8412,-87.8997,-87.9574,-88.0141,-88.0695,-88.1237,-88.1765,-88.2278,-88.2776,-88.3258,-88.3724,-88.4174,-88.4608,-88.5025,-88.5426,-88.5812,-88.6181,-88.6536,-88.6875,-88.7199,-88.7510,-88.7806,-88.8089,-88.8359,-88.8617,-88.8863,-88.9097,-88.9320,-88.9533,-88.9736,-88.9929,-89.0113,-89.0288,-89.0454,-89.0613,-89.0765,-89.0909,-89.1046,-89.1177,-89.1302,-89.1421,-89.1535,-89.1644,-89.1747,-89.1846,-89.1941,-89.2032,-89.2119,-89.2202,-89.2282,-89.2359,-89.2432,-89.2503,-89.2571,-89.2637,-89.2700,-89.2761,-89.2820,-89.2855,-89.2610,-89.1984,-89.1144,-89.0258,-88.9425,-88.8693,-88.8080,-88.7586,-88.7201,-88.6915,-88.6715,-88.6589,-88.6528,-88.6520,-88.6559,-88.6636,-88.6745,-88.6881,-88.7039,-88.7216,-88.7406,-88.7608,-88.7819,-88.8036,-88.8257,-88.8480,-88.8705,-88.8929,-88.9152,-88.9372,-88.9590,-88.9803,-89.0012,-89.0216,-89.0414,-89.0607,-89.0795,-89.0976,-89.1152,-89.1321,-89.1485,-89.1538,-89.0522,-88.9122,-88.7797,-88.6684,-88.5807,-88.5150,-88.4685,-88.4381,-88.4212,-88.4152,-88.4182,-88.4284,-88.4444,-88.4650,-88.4892,-88.5162,-88.5454,-88.5761,-88.6080,-88.6405,-88.6279,-88.4918,-88.2994,-88.0969,-87.8781,-87.5870,-87.2992,-87.0513,-86.8531,-86.7031,-86.5963,-86.5261,-86.4868,-86.4728,-86.4797,-86.5036,-86.5413,-86.5901,-86.6478,-86.7125,-86.7827,-86.8571,-86.9345,-87.0142,-87.0952,-87.1769,-87.2588,-87.3365,-87.3546,-87.3253,-87.2810,-87.2392,-87.2078,-87.1467,-87.0417,-86.9343,-86.8437,-86.7758,-86.7308,-86.7069,-86.7017,-86.7124,-86.7366,-86.7720,-86.8167,-86.8688,-86.9270,-86.9899,-87.0564,-87.1256,-87.1967,-87.2690,-87.3419,-87.4149,-87.4876,-87.5596,-87.6308,-87.7007,-87.7692,-87.8361,-87.9014,-87.9648,-88.0264,-88.0859,-88.1436,-88.1991,-88.2527,-88.3042,-88.3538,-88.4013,-88.4469,-88.4906,-88.5324,-88.5723,-88.6105,-88.6470,-88.6818,-88.7149,-88.7464,-88.7490,-88.7118,-88.6558,-88.5944,-88.5352,-88.4821,-88.4373,-88.4013,-88.3741,-88.3553,-88.3441,-88.3397,-88.3413,-88.3481,-88.3593,-88.3744,-88.3926,-88.4134,-88.4364,-88.4611,-88.4871,-88.5141,-88.5418,-88.5700,-88.5984,-88.6269,-88.6553,-88.6834,-88.7113,-88.7387,-88.7656,-88.7919,-88.8176,-88.8426,-88.8669,-88.8905,-88.9133,-88.9354,-88.9568,-88.9774,-88.9972,-89.0163,-89.0347,-89.0524,-89.0694,-89.0857,-89.1013,-89.1163,-89.1307,-89.1446,-89.1578,-89.1705,-89.1827,-89.1943,-89.2055,-89.2162,-89.2265,-89.2364,-89.2454,-89.1722,-89.0228,-88.8693,-88.7361,-88.6287,-88.5464,-88.4861,-88.4390,-88.3693,-88.2742,-88.1710,-88.0737,-87.9901,-87.9234,-87.8741,-87.8409,-87.8223,-87.8163,-87.8210,-87.8347,-87.8559,-87.8831,-87.9077,-87.9174,-87.9127,-87.8991,-87.8820,-87.8654,-87.8519,-87.8432,-87.8401,-87.8427,-87.8510,-87.8647,-87.8831,-87.9059,-87.9325,-87.9623,-87.9949,-88.0297,-88.0664,-88.1045,-88.1438,-88.1838,-88.2243,-88.2651,-88.3059,-88.3466,-88.3870,-88.4269,-88.4559,-88.4390,-88.3877,-88.3220,-88.2559,-88.1972,-88.1500,-88.1154,-88.0931,-88.0822,-88.0812,-88.0887,-88.1034,-88.1240,-88.1494,-88.1786,-88.2109,-88.2455,-88.2818,-88.3195,-88.3579,-88.3968,-88.4359,-88.4749,-88.5136,-88.5518,-88.5894,-88.6263,-88.6623,-88.6974,-88.7316,-88.7647,-88.7968,-88.8278,-88.8577,-88.8865,-88.9143,-88.9410,-88.9666,-88.9911,-89.0147,-89.0372,-89.0588,-89.0794,-89.0992,-89.1180,-89.1360,-89.1532,-89.1696,-89.1853,-89.1873,-89.1341,-89.0398,-88.9335,-88.8333,-88.7392,-88.6390,-88.5301,-88.3898,-88.2235,-88.0508,-87.8874,-87.7429,-87.6217,-87.5249,-87.4515,-87.3997,-87.3671,-87.3513,-87.3499,-87.3607,-87.3820,-87.4119,-87.4490,-87.4920,-87.5398,-87.5914,-87.6460,-87.7028,-87.7613,-87.8209,-87.8811,-87.9415,-88.0018,-88.0616,-88.1208,-88.1790,-88.2361,-88.2920,-88.3466,-88.3996,-88.4511,-88.5010,-88.5493,-88.5958,-88.6407,-88.6839,-88.7253,-88.7651,-88.8033,-88.8398,-88.8747,-88.9081,-88.9399,-88.9703,-88.9993,-89.0269,-89.0532,-89.0782,-89.1020,-89.1246,-89.1461,-89.1666,-89.1860,-89.2045,-89.2221,-89.2387,-89.2546,-89.2696,-89.2839,-89.2975,-89.3105,-89.3218,-89.3140,-89.2734,-89.2090,-89.1339,-89.0579,-88.9869,-88.9240,-88.8705,-88.8266,-88.7871,-88.7301,-88.6578,-88.5809,-88.5065,-88.4388,-88.3802,-88.3315,-88.2930,-88.2644,-88.2450,-88.2341,-88.2308,-88.2343,-88.2437,-88.2583,-88.2773,-88.3001,-88.3260,-88.3545,-88.3851,-88.4174,-88.4510,-88.4856,-88.5208,-88.5563,-88.5921,-88.6278,-88.6633,-88.6984,-88.7288,-88.6761,-88.5810,-88.4844,-88.3997,-88.3309,-88.2783,-88.2408,-88.2168,-88.2044,-88.2019,-88.2077,-88.2206,-88.2392,-88.2624,-88.2895,-88.3196,-88.3520,-88.3862,-88.4217,-88.4581,-88.4950,-88.5321,-88.5692,-88.6060,-88.6424,-88.6783,-88.7135,-88.7479,-88.7815,-88.8141,-88.8458,-88.8765,-88.9062,-88.9349,-88.9625,-88.9891,-88.9934,-88.9102,-88.7951,-88.6808,-88.5807,-88.4992,-88.4370,-88.3925,-88.3637,-88.3482,-88.3439,-88.3487,-88.3610,-88.3792,-88.4023,-88.4290,-88.4587,-88.4905,-88.5239,-88.5583,-88.5934,-88.6288,-88.6643,-88.6996,-88.7345,-88.7689,-88.8026,-88.8356,-88.8677,-88.8989,-88.9292,-88.9585,-88.9868,-89.0141,-89.0404,-89.0657,-89.0900,-89.1133,-89.1356,-89.1570,-89.1775,-89.1970,-89.2158,-89.2336,-89.2507,-89.2670,-89.2826,-89.2974,-89.3116,-89.3251,-89.3380,-89.3503,-89.3620,-89.3732,-89.3839,-89.3941,-89.4038,-89.4131,-89.4220,-89.4305,-89.4386,-89.4462,-89.4338,-89.3810,-89.3009,-89.2100,-89.1204,-89.0393,-88.9578,-88.8554,-88.7404,-88.6259,-88.5209,-88.4306,-88.3568,-88.2995,-88.2576,-88.2296,-88.2137,-88.1543,-88.0110,-87.8572,-87.7238,-87.6200,-87.5460,-87.4986,-87.4740,-87.4681,-87.4776,-87.4996,-87.5316,-87.5716,-87.6178,-87.6688,-87.7235,-87.7810,-87.8403,-87.9008,-87.9620,-88.0234,-88.0843,-88.1325,-88.1479,-88.1348,-88.0995,-88.0325,-87.9386,-87.8332,-87.7300,-87.6375,-87.5602,-87.4996,-87.4554,-87.4267,-87.4118,-87.4091,-87.4171,-87.4342,-87.4590,-87.4904,-87.5273,-87.5686,-87.6136,-87.6616,-87.7119,-87.7639,-87.8172,-87.8714,-87.9260,-87.9808,-88.0355,-88.0898,-88.1435,-88.1964,-88.2484,-88.2994,-88.3492,-88.3977,-88.4450,-88.4834,-88.4881,-88.4661,-88.4309,-88.3919,-88.3454,-88.1649,-87.9161,-87.6609,-87.4252,-87.2198,-87.0483,-86.9104,-86.8038,-86.7255,-86.6724,-86.6414,-86.6293,-86.6336,-86.6518,-86.6818,-86.7216,-86.7695,-86.8243,-86.8844,-86.9490,-87.0169,-87.0875,-87.1599,-87.2335,-87.3079,-87.3825,-87.4569,-87.5309,-87.6040,-87.6761,-87.7469,-87.8163,-87.8841,-87.9502,-88.0144,-88.0768,-88.1373,-88.1957,-88.2522,-88.3066,-88.3590,-88.4095,-88.4579,-88.5044,-88.5490,-88.5916,-88.6325,-88.6716,-88.7089,-88.7445,-88.7785,-88.8110,-88.8419,-88.8714,-88.8995,-88.9263,-88.9518,-88.9760,-88.9991,-89.0211,-89.0412,-89.0493,-89.0376,-89.0094,-88.9709,-88.9280,-88.8850,-88.8447,-88.8088,-88.7780,-88.7528,-88.7330,-88.7184,-88.7087,-88.7034,-88.7022,-88.7045,-88.7100,-88.7182,-88.7288,-88.7414,-88.7558,-88.7473,-88.6644,-88.5494,-88.4342,-88.3337,-88.2533,-88.1934,-88.1525,-88.1281,-88.1176,-88.1185,-88.1287,-88.1466,-88.1705,-88.1991,-88.2315,-88.2668,-88.3042,-88.3431,-88.3831,-88.4237,-88.4646,-88.5042,-88.5203,-88.5036,-88.4409,-88.3315,-88.1985,-88.0629,-87.9381,-87.8314,-87.7456,-87.6809,-87.6359,-87.6086,-87.5968,-87.5984,-87.6112,-87.6334,-87.6634,-87.6998,-87.7411,-87.7693,-87.7639,-87.7363,-87.7008,-87.6668,-87.6396,-87.6217,-87.6141,-87.6165,-87.6283,-87.6485,-87.6759,-87.7096,-87.7484,-87.7915,-87.8379,-87.8870,-87.9381,-87.9906,-88.0441,-88.0980,-88.1521,-88.2060,-88.2595,-88.3124,-88.3644,-88.4154,-88.4653,-88.5140,-88.5613,-88.6073,-88.6518,-88.6948,-88.7364,-88.7765,-88.8150,-88.8521,-88.8877,-88.9218,-88.9545,-88.9857,-89.0157,-89.0442,-89.0715,-89.0975,-89.1224,-89.1460,-89.1686,-89.1900,-89.2105,-89.2299,-89.2484,-89.2660,-89.2828,-89.2987,-89.3139,-89.3253,-89.3198,-89.2950,-89.2575,-89.2141,-89.1697,-89.1275,-89.0893,-89.0561,-89.0282,-89.0057,-88.9883,-88.9758,-88.9677,-88.9637,-88.9634,-88.9662,-88.9718,-88.9799,-88.9901,-89.0022,-89.0157,-89.0306,-89.0465,-89.0633,-89.0808,-89.0988,-89.1172,-89.1358,-89.1545,-89.1732,-89.1919,-89.2104,-89.2287,-89.2406,-89.2042,-89.1211,-89.0211,-88.9248,-88.8420,-88.7513,-88.5687,-88.3703,-88.1968,-88.0585,-87.9550,-87.8825,-87.8361,-87.8114,-87.8045,-87.8118,-87.8308,-87.8590,-87.8945,-87.9358,-87.9720,-87.9635,-87.9233,-87.8751,-87.8322,-87.8001,-87.7805,-87.7735,-87.7781,-87.7929,-87.8164,-87.8473,-87.8843,-87.9263,-87.9681,-87.9925,-87.9980,-87.9922,-87.9823,-87.9733,-87.9681,-87.9682,-87.9745,-87.9870,-88.0054,-88.0292,-88.0578,-88.0906,-88.1270,-88.1663,-88.2079,-88.2514,-88.2963,-88.3421,-88.3886,-88.4354,-88.4821,-88.5286,-88.5747,-88.6202,-88.6648,-88.7086,-88.7514,-88.7931,-88.8336,-88.8729,-88.9109,-88.9477,-88.9832,-89.0173,-89.0502,-89.0817,-89.1120,-89.1410,-89.1687,-89.1953,-89.2206,-89.2448,-89.2679,-89.2899,-89.3109,-89.3309,-89.3499,-89.3680,-89.3853,-89.4016,-89.4172,-89.4320,-89.4461,-89.4595,-89.4722,-89.4843,-89.4958,-89.5067,-89.5171,-89.5270,-89.5364,-89.5454,-89.5539,-89.5620,-89.5698,-89.5764,-89.5677,-89.5291,-89.4665,-89.3920,-89.3154,-89.2429,-89.1780,-89.1219,-89.0750,-89.0369,-89.0072,-88.9848,-88.9691,-88.9593,-88.9547,-88.9544,-88.9566,-88.9374,-88.8831,-88.8065,-88.7236,-88.6451,-88.5771,-88.5219,-88.4798,-88.4502,-88.4319,-88.4235,-88.4236,-88.4309,-88.4443,-88.4627,-88.4853,-88.5113,-88.5400,-88.5709,-88.6034,-88.6372,-88.6718,-88.7069,-88.7423,-88.7778,-88.8130,-88.8479,-88.8824,-88.9162,-88.9493,-88.9817,-89.0132,-89.0437,-89.0734,-89.1020,-89.1297,-89.1564,-89.1820,-89.2067,-89.2304,-89.2531,-89.2749,-89.2957,-89.3156,-89.3346,-89.3528,-89.3702,-89.3867,-89.4025,-89.4175,-89.4319,-89.4455,-89.4586,-89.4710,-89.4828,-89.4941,-89.5048,-89.5150,-89.5248,-89.5341,-89.5430,-89.5514,-89.5595,-89.5672,-89.5746,-89.5817,-89.5884,-89.5949,-89.6011,-89.6070,-89.6127,-89.6181,-89.6234,-89.6284,-89.6333,-89.6380,-89.6425,-89.6469,-89.6509,-89.6348,-89.5810,-89.5061,-89.4242,-89.3443,-89.2714,-89.2080,-89.1549,-89.1121,-89.0790,-89.0547,-89.0382,-89.0286,-89.0250,-89.0264,-89.0322,-89.0415,-89.0539,-89.0687,-89.0856,-89.1041,-89.1238,-89.1445,-89.1659,-89.1878,-89.2099,-89.2322,-89.2544,-89.2764,-89.2982,-89.3196,-89.3354,-89.2499,-89.1084,-88.9705,-88.8547,-88.7646,-88.6988,-88.6538,-88.6261,-88.6127,-88.6108,-88.6182,-88.6329,-88.6222,-88.4828,-88.3285,-88.1984,-88.1007,-88.0339,-87.9939,-87.9761,-87.9763,-87.9907,-88.0163,-88.0507,-88.0917,-88.1378,-88.1877,-88.2401,-88.2944,-88.3497,-88.4055,-88.4612,-88.5166,-88.5713,-88.6250,-88.6776,-88.7243,-88.7529,-88.7618,-88.7563,-88.7426,-88.7257,-88.7092,-88.6953,-88.6851,-88.6791,-88.6708,-88.6503,-88.6178,-88.5782,-88.5363,-88.4953,-88.4444,-88.3693,-88.2751,-88.1740,-88.0759,-87.9871,-87.9110,-87.8488,-87.8007,-87.7660,-87.7437,-87.7327,-87.7317,-87.7395,-87.7510,-87.7353,-87.6944,-87.6442,-87.5955,-87.5545,-87.5244,-87.5063,-87.5001,-87.5053,-87.5206,-87.5448,-87.5768,-87.6153,-87.6593,-87.7077,-87.7596,-87.8143,-87.8711,-87.9294,-87.9887,-88.0485,-88.1084,-88.1681,-88.2274,-88.2859,-88.3434,-88.3999,-88.4551,-88.5089,-88.5612,-88.6120,-88.6611,-88.7086,-88.7545,-88.7986,-88.8411,-88.8819,-88.9210,-88.9585,-88.9944,-89.0287,-89.0615,-89.0927,-89.1225,-89.1508,-89.1714,-89.1740,-89.1591,-89.1324,-89.0998,-89.0657,-89.0332,-89.0041,-88.9793,-88.9508,-88.9027,-88.8367,-88.7617,-88.6315,-88.3962,-88.1577,-87.9514,-87.7851,-87.6573,-87.5637,-87.4995,-87.4598,-87.4407,-87.4385,-87.4503,-87.4735,-87.5060,-87.5460,-87.5921,-87.6429,-87.6975,-87.7549,-87.8143,-87.8752,-87.9370,-87.9966,-88.0267,-88.0272,-88.0142,-87.9979,-87.9836,-87.9741,-87.9706,-87.9735,-87.9828,-87.9972,-88.0080,-88.0072,-87.9965,-87.9807,-87.9641,-87.9500,-87.9284,-87.8674,-87.7704,-87.6497,-87.5216,-87.3838,-87.2287,-87.0742,-86.9335,-86.8126,-86.7137,-86.6368,-86.5809,-86.5443,-86.5250,-86.5212,-86.5310,-86.5526,-86.5845,-86.6208,-86.6251,-86.4730,-86.2719,-86.0875,-85.9382,-85.8275,-85.7530,-85.7107,-85.6962,-85.7051,-85.7337,-85.7786,-85.8368,-85.9060,-85.9841,-86.0692,-86.1598,-86.2547,-86.3527,-86.4530,-86.5546,-86.6570,-86.7594,-86.8615,-86.9627,-87.0627,-87.1612,-87.2579,-87.3525,-87.3484,-87.2781,-87.2082,-87.1566,-87.1269,-87.1182,-87.1276,-87.1520,-87.1886,-87.2347,-87.2883,-87.3476,-87.4110,-87.4774,-87.5457,-87.6151,-87.6850,-87.7548,-87.8241,-87.8925,-87.9598,-88.0256,-88.0899,-88.1524,-88.2131,-88.2719,-88.3288,-88.3836,-88.4365,-88.4873,-88.5362,-88.5831,-88.6280,-88.6710,-88.7122,-88.7515,-88.7891,-88.8250,-88.8592,-88.8919,-88.9230,-88.9526,-88.9698,-88.9498,-88.9055,-88.8517,-88.7968,-88.7454,-88.6997,-88.6609,-88.6294,-88.6050,-88.5875,-88.5762,-88.5707,-88.5703,-88.5745,-88.5826,-88.5942,-88.6087,-88.6257,-88.6449,-88.6657,-88.6879,-88.7113,-88.7355,-88.7603,-88.7856,-88.8111,-88.8367,-88.8623,-88.8878,-88.8357,-88.7119,-88.5851,-88.4765,-88.3911,-88.3283,-88.2854,-88.2594,-88.2475,-88.2471,-88.2560,-88.2725,-88.2949,-88.3221,-88.3531,-88.3868,-88.4227,-88.4601,-88.4986,-88.5377,-88.5770,-88.6163,-88.6554,-88.6940,-88.7223,-88.7115,-88.6681,-88.6089,-88.5474,-88.4919,-88.4465,-88.4127,-88.3904,-88.3463,-88.2385,-88.1144,-87.9995,-87.9045,-87.8323,-87.7822,-87.7522,-87.7395,-87.7415,-87.7557,-87.7798,-87.8073,-87.7945,-87.7457,-87.6843,-87.6258,-87.5786,-87.5464,-87.5298,-87.5279,-87.5391,-87.5616,-87.5935,-87.6331,-87.6789,-87.7295,-87.7839,-87.8410,-87.9001,-87.9604,-88.0214,-88.0826,-88.1436,-88.2041,-88.2637,-88.3223,-88.3797,-88.4357,-88.4903,-88.5432,-88.5944,-88.6440,-88.6918,-88.7378,-88.7821,-88.8246,-88.8654,-88.9045,-88.9419,-88.9776,-89.0117,-89.0443,-89.0754,-89.1050,-89.1331,-89.1600,-89.1855,-89.2098,-89.2328,-89.2548,-89.2756,-89.2954,-89.3142,-89.3320,-89.3490,-89.3651,-89.3804,-89.3949,-89.4078,-89.3878,-89.3238,-89.2379,-89.1476,-89.0632,-88.9895,-88.9285,-88.8802,-88.8441,-88.8187,-88.8030,-88.7954,-88.7948,-88.8000,-88.8101,-88.8241,-88.8414,-88.8614,-88.8834,-88.9070,-88.9318,-88.9574,-88.9836,-89.0049,-89.0116,-88.9933,-88.9444,-88.8720,-88.7870,-88.6983,-88.6124,-88.5335,-88.4640,-88.4050,-88.3568,-88.3193,-88.2919,-88.2737,-88.2641,-88.2620,-88.2667,-88.2773,-88.2931,-88.3134,-88.3374,-88.3648,-88.3948,-88.4271,-88.4603,-88.4836,-88.4895,-88.4809,-88.4635,-88.4355,-88.3858,-88.3195,-88.2451,-88.1701,-88.0998,-88.0375,-87.9854,-87.9441,-87.9137,-87.8939,-87.8840,-87.8832,-87.8904,-87.9048,-87.9255,-87.9511,-87.9668,-87.9561,-87.9233,-87.8803,-87.8369,-87.7995,-87.7713,-87.7536,-87.7462,-87.7487,-87.7597,-87.7504,-87.7007,-87.6336,-87.5665,-87.5089,-87.4648,-87.4353,-87.4201,-87.4182,-87.4280,-87.4481,-87.4769,-87.5130,-87.5551,-87.6022,-87.6532,-87.7073,-87.7637,-87.8218,-87.8810,-87.9409,-88.0010,-88.0611,-88.1207,-88.1797,-88.2378,-88.2949,-88.3507,-88.4053,-88.4584,-88.5100,-88.5600,-88.6085,-88.6553,-88.7004,-88.7438,-88.7518,-88.6529,-88.5285,-88.4167,-88.3111,-88.1625,-88.0032,-87.8574,-87.7346,-87.6228,-87.4871,-87.3239,-87.1519,-86.9888,-86.8454,-86.7271,-86.6351,-86.5686,-86.5256,-86.5036,-86.4999,-86.5121,-86.5378,-86.5749,-86.6216,-86.6762,-86.7373,-86.8037,-86.8744,-86.9483,-87.0248,-87.1030,-87.1823,-87.2624,-87.3426,-87.4226,-87.5020,-87.5805,-87.6580,-87.7341,-87.8086,-87.8815,-87.9526,-88.0217,-88.0889,-88.1540,-88.2170,-88.2778,-88.3365,-88.3930,-88.4474,-88.4996,-88.5498,-88.5978,-88.6435,-88.6614,-88.6286,-88.5661,-88.4945,-88.4259,-88.3664,-88.3185,-88.2828,-88.2586,-88.2448,-88.2401,-88.2434,-88.2533,-88.2687,-88.2887,-88.3125,-88.3393,-88.3684,-88.3995,-88.4319,-88.4653,-88.4994,-88.5339,-88.5685,-88.6030,-88.6373,-88.6712,-88.7046,-88.7373,-88.7694,-88.8007,-88.8312,-88.8608,-88.8896,-88.9174,-88.9443,-88.9703,-88.9953,-89.0195,-89.0427,-89.0651,-89.0865,-89.1071,-89.1269,-89.1459,-89.1641,-89.1815,-89.1982,-89.2142,-89.2295,-89.2442,-89.2583,-89.2717,-89.2846,-89.2970,-89.3088,-89.3202,-89.3311,-89.3382,-89.3160,-89.2595,-89.1611,-89.0250,-88.8708,-88.7160,-88.5719,-88.4447,-88.3369,-88.2487,-88.1791,-88.1266,-88.0892,-88.0596,-88.0226,-87.9770,-87.9285,-87.8826,-87.8430,-87.8115,-87.7890,-87.7757,-87.7713,-87.7750,-87.7862,-87.8040,-87.8276,-87.8563,-87.8892,-87.9258,-87.9653,-88.0073,-88.0511,-88.0965,-88.1429,-88.1900,-88.2375,-88.2851,-88.3327,-88.3799,-88.4266,-88.4726,-88.5179,-88.5622,-88.6056,-88.6479,-88.6890,-88.7289,-88.7677,-88.8051,-88.8413,-88.8763,-88.9099,-88.9423,-88.9735,-89.0034,-89.0287,-89.0053,-88.9361,-88.8501,-88.7650,-88.6894,-88.6269,-88.5782,-88.5427,-88.5192,-88.5063,-88.5025,-88.5063,-88.5166,-88.5197,-88.4257,-88.2986,-88.1546,-88.0010,-87.8544,-87.7247,-87.6166,-87.5313,-87.4681,-87.4254,-87.4009,-87.3925,-87.3979,-87.4095,-87.4047,-87.3861,-87.3634,-87.3430,-87.3287,-87.3224,-87.3248,-87.3359,-87.3553,-87.3824,-87.4154,-87.4426,-87.4540,-87.4526,-87.4457,-87.4391,-87.4365,-87.4399,-87.4501,-87.4672,-87.4910,-87.5208,-87.5561,-87.5961,-87.6401,-87.6876,-87.7378,-87.7903,-87.8445,-87.8968,-87.8483,-87.7380,-87.6335,-87.5537,-87.5013,-87.4737,-87.4669,-87.4773,-87.5013,-87.5362,-87.5795,-87.6293,-87.6841,-87.7424,-87.8033,-87.8659,-87.9295,-87.9934,-88.0572,-88.1206,-88.1831,-88.2446,-88.3048,-88.3635,-88.4207,-88.4762,-88.5299,-88.5819,-88.6320,-88.6802,-88.7266,-88.7712,-88.8139,-88.8549,-88.8940,-88.9315,-88.9673,-89.0014,-89.0339,-89.0649,-89.0945,-89.1216,-89.0838,-88.9789,-88.8182,-88.5808,-88.3145,-88.0587,-87.8332,-87.6455,-87.4960,-87.3820,-87.2996,-87.2446,-87.2128,-87.2007,-87.2050,-87.2229,-87.2522,-87.2907,-87.3368,-87.3890,-87.4461,-87.5070,-87.5708,-87.6368,-87.7041,-87.7724,-87.8411,-87.9097,-87.9779,-88.0455,-88.1121,-88.1775,-88.2416,-88.2898,-88.2692,-88.2122,-88.1469,-88.0879,-88.0415,-88.0098,-87.9928,-87.9889,-87.9967,-88.0141,-88.0396,-88.0715,-88.1085,-88.1494,-88.1934,-88.2396,-88.2872,-88.3357,-88.3848,-88.4338,-88.4827,-88.5309,-88.5785,-88.6251,-88.6707,-88.7151,-88.7583,-88.8001,-88.8406,-88.8732,-88.8517,-88.7662,-88.6428,-88.5054,-88.3700,-88.2458,-88.1378,-88.0478,-87.9761,-87.9219,-87.8838,-87.8600,-87.8490,-87.8491,-87.8587,-87.8764,-87.9009,-87.9312,-87.9662,-88.0050,-88.0469,-88.0912,-88.1373,-88.1847,-88.2331,-88.2819,-88.3309,-88.3798,-88.4284,-88.4764,-88.5236,-88.5700,-88.6154,-88.6596,-88.7027,-88.7445,-88.7851,-88.8243,-88.8622,-88.8987,-88.9338,-88.9676,-89.0000,-89.0311,-89.0609,-89.0895,-89.1168,-89.1429,-89.1678,-89.1916,-89.2143,-89.2130,-89.1237,-88.9782,-88.8124,-88.6483,-88.4977,-88.3663,-88.2562,-88.1672,-88.0982,-88.0474,-88.0129,-87.9926,-87.9845,-87.9870,-87.9985,-88.0175,-88.0427,-88.0732,-88.1078,-88.1459,-88.1867,-88.2295,-88.2739,-88.3193,-88.3654,-88.4117,-88.4581,-88.5043,-88.5500,-88.5951,-88.6393,-88.6827,-88.7250,-88.7662,-88.8063,-88.8451,-88.8827,-88.9189,-88.9539,-88.9876,-89.0200,-89.0511,-89.0809,-89.1095,-89.1369,-89.1631,-89.1881,-89.2120,-89.2349,-89.2566,-89.2774,-89.2972,-89.3161,-89.3245,-89.2797,-89.1560,-88.9535,-88.7307,-88.5228,-88.3444,-88.1994,-88.0867,-88.0030,-87.9446,-87.9077,-87.8888,-87.8848,-87.8931,-87.9115,-87.9381,-87.9713,-88.0098,-88.0525,-88.0984,-88.1466,-88.1966,-88.2477,-88.2995,-88.3516,-88.4035,-88.4551,-88.5060,-88.5561,-88.6052,-88.6531,-88.6998,-88.7452,-88.7892,-88.8317,-88.8727,-88.9123,-88.9503,-88.9868,-89.0035,-88.9341,-88.7983,-88.6354,-88.4363,-88.1782,-87.9134,-87.6732,-87.4708,-87.3093,-87.1868,-87.0993,-87.0422,-87.0108,-87.0012,-87.0094,-87.0324,-87.0676,-87.1126,-87.1655,-87.2247,-87.2889,-87.3568,-87.4276,-87.5003,-87.5744,-87.6468,-87.7036,-87.7385,-87.7575,-87.7681,-87.7763,-87.7859,-87.7988,-87.8162,-87.8383,-87.8649,-87.8959,-87.9306,-87.9686,-88.0095,-88.0526,-88.0975,-88.1438,-88.1911,-88.2391,-88.2875,-88.3359,-88.3841,-88.4320,-88.4794,-88.5260,-88.5718,-88.6167,-88.6605,-88.7033,-88.7448,-88.7851,-88.8242,-88.8620,-88.8872,-88.8722,-88.8245,-88.7631,-88.7019,-88.6483,-88.6055,-88.5741,-88.5536,-88.5429,-88.5405,-88.5454,-88.5562,-88.5720,-88.5919,-88.5997,-88.5452,-88.4600,-88.3702,-88.2892,-88.2229,-88.1733,-88.1400,-88.1216,-88.1163,-88.1221,-88.1372,-88.1599,-88.1888,-88.2227,-88.2604,-88.3011,-88.3440,-88.3884,-88.4339,-88.4799,-88.5261,-88.5686,-88.5786,-88.5515,-88.3760,-88.1418,-87.9238,-87.7423,-87.6006,-87.4963,-87.4246,-87.3806,-87.3597,-87.3578,-87.3714,-87.3976,-87.4340,-87.4783,-87.5290,-87.5847,-87.6441,-87.7062,-87.7702,-87.8355,-87.9014,-87.9675,-88.0333,-88.0985,-88.1628,-88.2260,-88.2879,-88.3483,-88.4071,-88.4642,-88.5196,-88.5731,-88.6247,-88.6745,-88.7223,-88.7683,-88.8124,-88.8546,-88.8951,-88.9337,-88.9706,-89.0059,-89.0395,-89.0715,-89.1020,-89.1310,-89.1586
18,-86.0000,-86.1218,-86.5329,-87.0146,-87.5019,-87.9761,-88.4313,-88.8657,-89.2792,-89.6723,-90.0456,-90.3998,-90.7357,-91.0539,-91.3551,-91.6399,-91.9090,-92.1627,-92.3954,-92.5909,-92.7435,-92.8589,-92.9463,-93.0143,-93.0700,-93.1183,-93.1630,-93.2065,-93.2504,-93.2956,-93.3426,-93.3917,-93.4430,-93.4963,-93.5515,-93.6082,-93.6224,-93.5665,-93.4769,-93.3785,-93.2846,-93.2018,-93.1334,-93.0806,-93.0436,-93.0216,-93.0137,-93.0188,-93.0355,-93.0626,-93.0988,-93.1429,-93.1938,-93.2504,-93.3117,-93.3769,-93.4451,-93.5156,-93.5878,-93.6611,-93.7349,-93.8088,-93.8434,-93.7338,-93.5686,-93.4017,-93.2545,-93.1343,-93.0392,-92.9386,-92.8144,-92.6751,-92.5347,-92.4046,-92.2919,-92.2002,-92.1306,-92.0828,-92.0555,-92.0469,-92.0551,-92.0782,-92.1143,-92.1617,-92.2188,-92.2841,-92.3564,-92.4345,-92.5173,-92.6039,-92.6934,-92.7850,-92.8781,-92.9720,-93.0662,-93.1601,-93.2535,-93.3458,-93.4369,-93.5263,-93.6138,-93.6993,-93.7825,-93.8634,-93.9418,-94.0177,-94.0909,-94.1616,-94.2295,-94.2948,-94.3575,-94.4176,-94.4750,-94.5300,-94.5825,-94.6326,-94.6803,-94.7257,-94.7390,-94.6669,-94.5442,-94.4027,-94.2611,-94.1300,-94.0146,-93.9170,-93.8375,-93.7752,-93.7076,-93.5989,-93.4563,-93.3002,-93.1475,-93.0088,-92.8897,-92.7925,-92.7175,-92.6635,-92.6292,-92.6126,-92.5968,-92.5483,-92.4690,-92.3753,-92.2792,-92.1586,-92.0065,-91.8421,-91.6813,-91.5344,-91.4072,-91.3026,-91.2215,-91.1638,-91.1284,-91.1138,-91.1182,-91.1399,-91.1769,-91.2276,-91.2902,-91.3632,-91.4451,-91.5346,-91.6305,-91.7315,-91.8368,-91.9454,-92.0563,-92.1690,-92.2826,-92.3965,-92.5102,-92.6231,-92.7349,-92.8452,-92.9536,-93.0598,-93.1636,-93.2647,-93.3631,-93.4585,-93.5510,-93.6403,-93.7265,-93.8095,-93.8894,-93.9661,-94.0396,-94.1059,-94.1487,-94.1585,-94.1388,-94.0981,-94.0449,-93.9861,-93.9268,-93.8705,-93.8196,-93.7755,-93.7388,-93.7099,-93.6886,-93.6747,-93.6678,-93.6675,-93.6732,-93.6845,-93.7008,-93.7216,-93.7465,-93.7749,-93.8065,-93.8409,-93.8776,-93.9162,-93.9565,-93.9981,-94.0406,-94.0839,-94.1276,-94.1716,-94.2155,-94.2383,-94.1568,-94.0074,-93.8386,-93.6776,-93.5370,-93.4211,-93.3300,-93.2620,-93.2148,-93.1858,-93.1727,-93.1732,-93.1853,-93.2073,-93.2377,-93.2750,-93.3182,-93.3662,-93.4180,-93.4729,-93.5301,-93.5890,-93.6491,-93.7099,-93.7710,-93.8319,-93.8926,-93.9525,-94.0116,-94.0697,-94.1265,-94.1819,-94.2360,-94.2884,-94.3393,-94.3886,-94.4361,-94.4820,-94.5262,-94.5687,-94.6095,-94.6487,-94.6862,-94.7221,-94.7565,-94.7894,-94.8208,-94.8507,-94.8793,-94.9065,-94.9325,-94.9572,-94.9807,-95.0031,-95.0244,-95.0446,-95.0638,-95.0821,-95.0995,-95.1160,-95.1316,-95.1465,-95.1607,-95.1741,-95.1869,-95.1990,-95.2105,-95.2215,-95.2319,-95.2418,-95.2512,-95.2602,-95.2687,-95.2768,-95.2845,-95.2919,-95.2989,-95.3056,-95.3120,-95.3181,-95.3198,-95.2989,-95.2463,-95.1556,-94.9956,-94.7737,-94.5193,-94.2509,-93.9380,-93.5942,-93.2506,-92.9279,-92.6375,-92.3841,-92.1688,-91.9902,-91.8459,-91.7329,-91.6483,-91.5890,-91.5524,-91.5359,-91.5374,-91.5548,-91.5862,-91.6300,-91.6846,-91.7486,-91.8207,-91.8998,-91.9847,-92.0745,-92.1682,-92.2650,-92.3641,-92.4649,-92.5666,-92.6687,-92.7708,-92.8722,-92.9726,-93.0717,-93.1691,-93.2646,-93.3579,-93.4489,-93.5373,-93.6231,-93.7062,-93.7865,-93.8640,-93.9386,-94.0104,-94.0757,-94.0776,-94.0151,-93.9232,-93.8232,-93.7267,-93.6396,-93.5649,-93.5007,-93.3792,-93.1778,-92.9503,-92.7351,-92.5492,-92.3975,-92.2795,-92.1924,-92.1330,-92.0979,-92.0838,-92.0880,-92.1080,-92.1414,-92.1864,-92.2411,-92.3040,-92.3737,-92.4490,-92.5288,-92.6120,-92.6979,-92.7857,-92.8746,-92.9642,-93.0538,-93.1430,-93.2315,-93.3188,-93.4047,-93.4890,-93.5714,-93.6517,-93.7298,-93.8057,-93.8791,-93.9502,-94.0187,-94.0848,-94.1483,-94.1919,-94.1783,-94.1119,-93.9955,-93.8216,-93.6077,-93.3781,-93.1518,-92.9415,-92.7540,-92.5926,-92.4579,-92.3493,-92.2650,-92.2030,-92.1613,-92.1377,-92.1303,-92.1373,-92.1569,-92.1876,-92.2281,-92.2637,-92.2076,-92.0981,-91.9795,-91.8711,-91.7807,-91.7111,-91.6628,-91.6348,-91.6257,-91.6339,-91.6574,-91.6766,-91.6412,-91.5645,-91.4703,-91.3154,-91.0800,-90.8174,-90.5675,-90.3511,-90.1760,-90.0432,-89.9502,-89.8933,-89.8684,-89.8714,-89.8985,-89.9465,-90.0123,-90.0934,-90.1873,-90.2920,-90.4058,-90.5269,-90.6539,-90.7856,-90.9207,-91.0583,-91.1975,-91.3375,-91.4774,-91.6168,-91.7550,-91.8916,-92.0260,-92.1581,-92.2873,-92.4136,-92.5366,-92.6562,-92.7723,-92.8847,-92.9933,-93.0982,-93.1993,-93.2966,-93.3901,-93.4799,-93.5660,-93.6485,-93.7274,-93.8028,-93.8749,-93.9348,-93.8960,-93.7751,-93.6262,-93.4782,-93.3448,-93.2315,-93.1398,-93.0693,-93.0183,-92.9851,-92.9675,-92.9636,-92.9716,-92.9898,-93.0166,-93.0508,-93.0911,-93.1365,-93.1860,-93.2389,-93.2944,-93.3519,-93.4108,-93.4707,-93.5310,-93.5824,-93.5840,-93.5328,-93.4498,-93.3548,-93.2614,-93.1775,-93.1070,-93.0515,-93.0111,-92.9848,-92.9716,-92.9702,-92.9791,-92.9972,-93.0232,-93.0561,-93.0948,-93.1385,-93.1864,-93.2377,-93.2918,-93.3481,-93.4060,-93.4652,-93.5252,-93.5855,-93.6459,-93.7060,-93.7657,-93.8246,-93.8826,-93.9395,-93.9952,-94.0495,-94.1024,-94.1538,-94.2037,-94.2519,-94.2985,-94.3434,-94.3868,-94.4284,-94.4685,-94.5069,-94.5438,-94.5791,-94.6130,-94.6453,-94.6763,-94.7058,-94.7282,-94.6858,-94.5754,-94.4316,-94.2791,-94.1323,-93.9991,-93.8831,-93.7855,-93.7060,-93.6438,-93.5973,-93.5651,-93.5456,-93.5373,-93.5389,-93.5490,-93.5665,-93.5903,-93.6195,-93.6532,-93.6907,-93.7312,-93.7742,-93.8190,-93.8654,-93.9127,-93.9606,-94.0088,-94.0571,-94.1050,-94.1436,-94.1327,-94.0689,-93.9726,-93.8635,-93.7552,-93.6557,-93.5695,-93.4983,-93.4422,-93.3416,-93.1482,-92.9217,-92.7002,-92.5024,-92.3358,-92.2021,-92.0981,-91.9768,-91.8174,-91.6412,-91.4687,-91.3137,-91.1839,-91.0825,-91.0099,-90.9649,-90.9454,-90.9488,-90.9724,-91.0137,-91.0703,-91.1399,-91.2206,-91.3105,-91.3478,-91.2188,-91.0531,-90.9069,-90.7826,-90.6251,-90.4540,-90.2953,-90.1617,-90.0580,-89.9850,-89.9416,-89.9256,-89.9344,-89.9655,-90.0162,-90.0839,-90.1665,-90.2618,-90.3678,-90.4828,-90.6052,-90.7335,-90.8665,-91.0030,-91.1419,-91.2825,-91.4237,-91.5650,-91.7056,-91.8450,-91.9828,-92.1184,-92.2515,-92.3818,-92.5090,-92.6329,-92.7534,-92.8702,-92.9833,-93.0927,-93.1982,-93.2998,-93.3976,-93.4915,-93.5816,-93.6680,-93.7226,-93.5571,-93.3296,-93.1144,-92.9329,-92.7891,-92.6662,-92.4825,-92.2140,-91.8990,-91.5776,-91.2765,-91.0098,-90.7833,-90.5981,-90.4524,-90.3434,-90.2675,-90.2212,-90.2010,-90.2037,-90.2265,-90.2669,-90.3225,-90.3913,-90.4716,-90.5615,-90.6598,-90.7650,-90.8759,-90.9875,-91.0807,-91.1458,-91.1866,-91.2114,-91.2283,-91.2435,-91.2613,-91.2845,-91.3147,-91.3525,-91.3979,-91.4507,-91.5103,-91.5761,-91.6474,-91.7234,-91.8036,-91.8871,-91.9735,-92.0621,-92.1524,-92.2440,-92.3364,-92.4291,-92.5218,-92.6142,-92.7059,-92.7966,-92.8862,-92.9743,-93.0608,-93.1455,-93.2282,-93.3088,-93.3872,-93.4634,-93.5372,-93.6086,-93.6776,-93.7442,-93.8083,-93.8700,-93.9293,-93.9862,-94.0408,-94.0932,-94.1432,-94.1911,-94.2369,-94.2806,-94.3224,-94.3622,-94.4002,-94.4364,-94.4709,-94.5038,-94.5351,-94.5649,-94.5932,-94.6202,-94.6310,-94.5941,-94.5177,-94.4185,-94.3094,-94.1994,-94.0943,-93.9977,-93.9061,-93.7839,-93.6198,-93.4333,-93.2448,-93.0680,-92.9104,-92.7752,-92.6634,-92.5741,-92.5060,-92.4573,-92.4262,-92.4108,-92.4093,-92.4203,-92.4421,-92.4734,-92.5130,-92.5597,-92.6125,-92.6704,-92.7326,-92.7982,-92.8667,-92.9372,-92.9969,-92.9992,-92.9573,-92.8953,-92.8279,-92.7637,-92.7075,-92.6620,-92.6284,-92.6069,-92.5973,-92.5988,-92.5832,-92.4777,-92.3244,-92.1640,-92.0167,-91.8916,-91.7918,-91.7142,-91.5785,-91.3782,-91.1663,-90.9720,-90.8078,-90.6780,-90.5826,-90.5196,-90.4861,-90.4789,-90.4949,-90.5308,-90.5841,-90.6520,-90.7323,-90.8231,-90.9225,-91.0289,-91.1409,-91.2573,-91.3769,-91.4989,-91.6223,-91.7463,-91.8704,-91.9939,-92.1164,-92.2373,-92.3563,-92.4730,-92.5873,-92.6988,-92.8074,-92.9130,-93.0153,-93.1144,-93.2100,-93.2904,-93.3341,-93.3411,-93.3210,-93.2843,-93.2396,-93.1933,-93.1498,-93.1118,-93.0810,-93.0583,-93.0439,-93.0376,-93.0393,-93.0482,-93.0639,-93.0857,-93.1131,-93.1453,-93.1819,-93.2222,-93.2657,-93.3120,-93.3606,-93.4110,-93.4629,-93.5159,-93.5696,-93.6237,-93.6779,-93.7321,-93.7859,-93.8392,-93.8918,-93.9436,-93.9943,-94.0439,-94.0923,-94.1395,-94.1852,-94.2297,-94.2726,-94.3142,-94.3543,-94.3930,-94.4302,-94.4659,-94.5003,-94.5333,-94.5649,-94.5952,-94.6242,-94.6520,-94.6785,-94.7039,-94.7281,-94.7513,-94.7734,-94.7945,-94.8146,-94.8338,-94.8522,-94.8697,-94.8863,-94.8749,-94.6737,-94.4079,-94.1535,-93.9322,-93.7486,-93.6009,-93.4855,-93.3982,-93.3352,-93.2930,-93.2684,-93.2588,-93.2618,-93.2754,-93.2979,-93.3278,-93.3638,-93.4049,-93.4500,-93.4984,-93.5492,-93.6019,-93.6560,-93.7108,-93.7661,-93.8215,-93.8767,-93.9314,-93.9854,-94.0385,-94.0906,-94.1415,-94.1912,-94.2395,-94.2863,-94.3318,-94.3603,-94.3202,-94.2223,-94.0936,-93.9556,-93.8224,-93.7023,-93.5993,-93.5148,-93.4441,-93.3505,-93.2186,-93.0654,-92.9105,-92.7668,-92.6415,-92.5376,-92.4558,-92.3438,-92.1458,-91.9227,-91.7076,-91.5174,-91.3592,-91.2350,-91.1441,-91.0842,-91.0523,-91.0453,-91.0601,-91.0938,-91.1437,-91.2075,-91.2829,-91.3680,-91.4611,-91.5608,-91.6656,-91.7743,-91.8860,-91.9997,-92.1146,-92.2299,-92.3450,-92.4595,-92.5727,-92.6843,-92.7940,-92.9015,-93.0064,-93.1087,-93.2081,-93.3046,-93.3980,-93.4882,-93.5753,-93.6592,-93.7399,-93.8174,-93.8917,-93.8620,-93.6941,-93.4978,-93.3140,-93.1574,-93.0317,-92.9360,-92.8675,-92.8230,-92.7991,-92.7928,-92.8013,-92.8224,-92.8539,-92.8941,-92.9414,-92.9945,-93.0523,-93.1138,-93.1781,-93.2445,-93.3122,-93.3808,-93.4498,-93.5068,-93.4901,-93.4088,-93.2970,-93.1791,-93.0694,-92.9752,-92.8995,-92.8427,-92.8022,-92.7623,-92.7084,-92.6396,-92.5620,-92.4826,-92.4071,-92.3398,-92.2830,-92.2383,-92.2061,-92.1864,-92.1787,-92.1823,-92.1962,-92.2159,-92.1208,-91.9449,-91.7621,-91.6000,-91.4680,-91.3678,-91.2979,-91.2558,-91.2383,-91.2425,-91.2654,-91.3044,-91.3573,-91.4219,-91.4964,-91.5791,-91.6685,-91.7634,-91.8626,-91.9650,-92.0698,-92.1762,-92.2834,-92.3909,-92.4980,-92.6043,-92.7094,-92.8129,-92.9145,-93.0140,-93.1112,-93.2059,-93.2979,-93.3871,-93.4735,-93.5570,-93.6375,-93.7151,-93.7898,-93.8615,-93.9303,-93.9963,-94.0595,-94.1199,-94.1777,-94.2329,-94.2851,-94.2405,-94.0805,-93.8854,-93.6955,-93.5283,-93.3898,-93.2800,-93.1969,-93.1375,-93.0987,-93.0778,-93.0720,-93.0791,-93.0652,-92.9476,-92.7784,-92.6018,-92.4406,-92.3047,-92.1972,-92.1179,-92.0646,-92.0349,-92.0258,-92.0348,-92.0592,-92.0968,-92.1454,-92.2033,-92.2689,-92.3407,-92.4175,-92.4981,-92.5818,-92.6675,-92.7546,-92.8364,-92.8750,-92.8688,-92.8357,-92.7906,-92.7433,-92.7000,-92.6642,-92.6379,-92.6219,-92.6164,-92.6211,-92.6353,-92.6584,-92.6894,-92.7277,-92.7722,-92.8222,-92.8769,-92.9355,-92.9974,-93.0618,-93.1283,-93.1963,-93.2652,-93.3347,-93.4044,-93.4739,-93.5429,-93.6112,-93.6785,-93.7446,-93.8093,-93.8726,-93.9342,-93.9941,-94.0523,-94.1086,-94.1630,-94.2156,-94.2663,-94.3150,-94.3619,-94.4069,-94.4501,-94.4914,-94.5310,-94.5689,-94.6051,-94.6397,-94.6727,-94.7042,-94.7342,-94.7628,-94.7900,-94.8160,-94.8407,-94.8641,-94.8865,-94.9077,-94.9280,-94.9472,-94.9655,-94.9828,-94.9981,-94.9706,-94.8824,-94.7611,-94.6274,-94.4933,-94.3660,-94.2493,-94.1454,-94.0550,-93.9782,-93.9148,-93.8640,-93.8250,-93.7968,-93.7786,-93.7692,-93.7679,-93.7736,-93.7856,-93.8030,-93.8251,-93.8513,-93.8808,-93.9132,-93.9480,-93.9846,-94.0227,-94.0618,-94.1017,-94.1421,-94.1826,-94.2231,-94.2634,-94.3032,-94.3425,-94.3812,-94.4191,-94.4561,-94.4921,-94.5272,-94.5613,-94.5943,-94.6262,-94.6571,-94.6867,-94.6989,-94.6654,-94.5952,-94.5041,-94.4041,-94.3034,-94.2072,-94.1189,-94.0404,-93.9703,-93.8560,-93.6830,-93.4847,-93.2858,-93.1009,-92.8426,-92.4971,-92.1519,-91.8404,-91.5739,-91.3544,-91.1801,-91.0475,-90.9524,-90.8906,-90.8579,-90.8507,-90.8655,-90.8993,-90.9493,-91.0132,-91.0888,-91.1742,-91.2677,-91.3677,-91.4731,-91.5825,-91.6950,-91.8096,-91.9254,-92.0419,-92.1584,-92.2742,-92.3889,-92.5022,-92.6135,-92.7228,-92.8296,-92.9338,-93.0352,-93.1337,-93.2291,-93.3214,-93.4106,-93.4966,-93.5794,-93.6590,-93.7355,-93.8089,-93.8792,-93.9465,-94.0109,-94.0724,-94.1311,-94.1871,-94.2405,-94.2914,-94.3399,-94.3860,-94.4299,-94.4716,-94.5112,-94.5489,-94.5847,-94.5987,-94.4378,-94.1955,-93.9557,-93.7447,-93.5688,-93.4272,-93.3168,-93.2339,-93.1749,-93.1362,-93.1150,-93.1085,-93.1145,-93.1311,-93.1564,-93.1890,-93.2277,-93.2714,-93.3191,-93.3699,-93.4232,-93.4783,-93.5347,-93.5919,-93.6494,-93.7070,-93.7643,-93.8210,-93.8770,-93.9321,-93.9861,-94.0389,-94.0903,-94.1404,-94.1890,-94.2361,-94.2816,-94.3256,-94.3680,-94.4088,-94.4481,-94.4859,-94.5221,-94.5569,-94.5902,-94.6221,-94.6526,-94.6818,-94.7096,-94.7363,-94.7422,-94.6709,-94.5507,-94.4122,-94.2725,-94.1405,-94.0210,-93.9161,-93.8265,-93.7521,-93.6921,-93.6457,-93.6118,-93.5148,-93.2979,-93.0533,-92.8232,-92.6236,-92.4592,-92.3296,-92.2323,-92.1642,-92.1218,-92.1017,-92.1008,-92.1164,-92.1459,-92.1872,-92.2384,-92.2977,-92.3629,-92.4055,-92.3960,-92.3458,-92.2758,-92.2026,-92.1366,-92.0835,-92.0458,-92.0241,-92.0179,-92.0261,-92.0472,-92.0799,-92.1225,-92.1739,-92.2326,-92.2955,-92.3479,-92.3772,-92.3841,-92.3756,-92.3593,-92.3414,-92.3263,-92.3167,-92.3144,-92.3199,-92.3335,-92.3548,-92.3835,-92.4188,-92.4602,-92.5070,-92.5585,-92.6141,-92.6733,-92.7355,-92.8001,-92.8667,-92.9349,-93.0042,-93.0744,-93.1449,-93.2156,-93.2861,-93.3562,-93.4255,-93.4940,-93.5614,-93.6276,-93.6923,-93.7556,-93.8172,-93.8770,-93.9351,-93.9914,-94.0458,-94.0983,-94.1489,-94.1976,-94.2444,-94.2893,-94.3324,-94.3736,-94.4131,-94.4508,-94.4869,-94.5213,-94.5541,-94.5854,-94.6152,-94.6435,-94.6705,-94.6962,-94.7206,-94.7438,-94.7659,-94.7868,-94.8067,-94.8256,-94.8435,-94.8605,-94.8767,-94.8920,-94.9066,-94.9204,-94.9335,-94.9459,-94.9577,-94.9690,-94.9796,-94.9897,-94.9994,-95.0085,-95.0172,-95.0255,-95.0333,-95.0408,-95.0480,-95.0548,-95.0613,-95.0675,-95.0734,-95.0790,-95.0844,-95.0896,-95.0761,-94.9653,-94.7888,-94.5911,-94.3975,-94.2204,-94.0652,-93.9190,-93.7515,-93.5692,-93.3860,-93.2121,-93.0536,-92.9138,-92.7944,-92.6955,-92.6166,-92.5568,-92.5147,-92.4888,-92.4776,-92.4796,-92.4934,-92.5176,-92.5509,-92.5922,-92.6402,-92.6940,-92.7527,-92.8154,-92.8814,-92.9499,-93.0203,-93.0920,-93.1646,-93.2376,-93.3106,-93.3832,-93.4552,-93.5262,-93.5961,-93.5639,-93.3954,-93.1996,-93.0172,-92.8625,-92.7392,-92.6464,-92.5812,-92.5403,-92.5203,-92.5181,-92.5310,-92.5565,-92.5927,-92.6375,-92.6896,-92.7475,-92.8100,-92.8762,-92.9452,-93.0162,-93.0885,-93.1616,-93.2350,-93.3083,-93.3810,-93.4529,-93.5238,-93.5933,-93.6613,-93.7277,-93.7924,-93.8552,-93.9161,-93.9750,-94.0319,-94.0867,-94.1395,-94.1903,-94.2391,-94.2859,-94.3307,-94.3737,-94.4147,-94.4539,-94.4914,-94.5271,-94.5612,-94.5936,-94.6245,-94.6539,-94.6819,-94.7085,-94.7338,-94.7578,-94.7806,-94.8022,-94.8228,-94.8423,-94.8608,-94.8784,-94.8950,-94.9108,-94.9258,-94.8743,-94.7185,-94.5225,-94.3207,-94.1312,-93.9627,-93.8186,-93.6994,-93.6039,-93.5303,-93.4762,-93.4393,-93.4176,-93.4089,-93.4114,-93.4234,-93.4435,-93.4705,-93.5030,-93.5402,-93.5515,-93.4828,-93.3679,-93.2374,-93.1093,-92.9937,-92.8952,-92.8158,-92.7556,-92.7135,-92.6882,-92.6729,-92.6332,-92.5569,-92.4597,-92.3590,-92.2662,-92.1877,-92.1262,-92.0821,-92.0548,-92.0430,-92.0452,-92.0599,-92.0856,-92.1211,-92.1650,-92.2163,-92.2739,-92.3370,-92.4046,-92.4761,-92.5506,-92.6276,-92.6951,-92.7003,-92.6458,-92.5594,-92.4636,-92.3729,-92.2953,-92.2344,-92.1915,-92.1662,-92.1574,-92.1636,-92.1831,-92.2109,-92.1879,-92.1108,-92.0134,-91.9160,-91.8286,-91.7563,-91.7011,-91.6634,-91.6427,-91.6380,-91.6481,-91.6714,-91.7066,-91.7523,-91.8071,-91.8698,-91.9392,-92.0142,-92.0938,-92.1771,-92.2633,-92.3516,-92.4414,-92.5320,-92.5505,-92.4494,-92.3164,-92.1882,-92.0787,-91.9923,-91.9297,-91.8895,-91.8698,-91.8685,-91.8831,-91.9116,-91.9520,-92.0025,-92.0353,-91.9999,-91.9217,-91.8282,-91.7371,-91.6584,-91.5968,-91.5374,-91.3636,-91.1441,-90.9339,-90.7526,-90.6065,-90.4961,-90.4193,-90.3733,-90.3545,-90.3598,-90.3860,-90.4302,-90.4898,-90.5625,-90.6462,-90.7392,-90.8398,-90.9466,-91.0583,-91.1737,-91.2920,-91.3996,-91.3370,-91.1535,-90.8940,-90.6151,-90.3528,-90.1025,-89.8474,-89.6023,-89.3733,-89.0899,-88.7706,-88.4640,-88.1946,-87.9720,-87.7981,-87.6713,-87.5880,-87.5442,-87.5354,-87.5573,-87.6062,-87.6784,-87.7707,-87.8804,-88.0049,-88.1420,-88.2898,-88.4464,-88.6103,-88.7801,-88.9545,-89.1324,-89.3127,-89.4945,-89.6770,-89.8593,-90.0409,-90.2210,-90.3991,-90.5748,-90.7476,-90.9171,-91.0830,-91.2449,-91.4028,-91.5563,-91.7053,-91.8498,-91.9895,-92.1245,-92.2547,-92.3801,-92.5008,-92.6168,-92.7185,-92.6433,-92.4730,-92.2983,-92.1482,-92.0304,-91.9446,-91.8859,-91.7730,-91.5955,-91.3693,-91.1033,-90.8260,-90.5624,-90.3271,-90.1275,-89.9655,-89.8403,-89.7497,-89.6906,-89.6597,-89.6538,-89.6699,-89.7053,-89.7575,-89.8241,-89.9032,-89.9930,-90.0919,-90.1983,-90.3110,-90.4240,-90.4784,-90.4658,-90.4186,-90.3624,-90.3128,-90.2780,-90.2614,-90.2638,-90.2844,-90.3215,-90.3733,-90.4379,-90.5135,-90.5983,-90.6908,-90.7896,-90.8936,-91.0015,-91.1126,-91.2258,-91.3406,-91.4561,-91.5718,-91.6872,-91.8019,-91.9154,-92.0273,-92.1374,-92.2454,-92.3510,-92.4541,-92.5546,-92.6523,-92.7471,-92.8389,-92.9278,-93.0136,-93.0963,-93.1761,-93.2528,-93.3265,-93.3973,-93.4653,-93.5304,-93.5927,-93.6524,-93.7094,-93.7639,-93.8160,-93.8657,-93.9131,-93.9584,-94.0015,-94.0426,-94.0817,-94.1190,-94.1545,-94.1884,-94.2205,-94.2512,-94.2803,-94.3081,-94.3252,-94.2958,-94.2228,-94.0683,-93.7869,-93.4272,-93.0347,-92.6411,-92.2666,-91.9233,-91.6171,-91.3504,-91.1232,-90.9339,-90.7801,-90.6591,-90.5679,-90.5037,-90.4637,-90.4453,-90.4462,-90.4640,-90.4969,-90.5429,-90.6004,-90.6680,-90.7442,-90.8275,-90.9089,-90.9714,-91.0088,-91.0245,-91.0252,-90.9928,-90.8182,-90.5865,-90.3566,-90.1511,-89.9782,-89.8396,-89.7340,-89.6590,-89.6117,-89.5890,-89.5882,-89.6067,-89.6422,-89.6924,-89.7556,-89.8301,-89.9142,-90.0068,-90.1065,-90.2123,-90.3231,-90.4381,-90.5564,-90.6773,-90.8001,-90.9242,-91.0490,-91.1740,-91.2987,-91.4227,-91.5457,-91.6397,-91.5680,-91.4323,-91.2949,-91.1787,-91.0910,-91.0324,-91.0007,-90.9929,-91.0056,-91.0358,-91.0806,-91.1376,-91.1913,-91.1883,-91.1375,-91.0647,-90.9888,-90.9213,-90.8684,-90.8328,-90.8150,-90.8145,-90.8298,-90.8594,-90.9018,-90.9549,-90.9729,-90.9270,-90.8544,-90.7784,-90.7102,-90.6553,-90.6161,-90.5934,-90.5869,-90.5959,-90.6193,-90.6557,-90.7038,-90.7624,-90.8300,-90.9054,-90.9875,-91.0753,-91.1677,-91.2638,-91.3514,-91.3638,-91.3084,-91.2267,-91.1460,-91.0796,-91.0204,-90.9211,-90.7747,-90.5527,-90.2967,-90.0418,-89.8063,-89.5988,-89.4231,-89.2791,-89.1240,-88.9233,-88.7094,-88.5113,-88.3438,-88.2123,-88.1169,-88.0556,-88.0255,-88.0233,-88.0420,-88.0426,-88.0077,-87.9426,-87.8328,-87.6906,-87.4936,-87.2472,-86.9840,-86.7297,-86.5011,-86.3074,-86.1523,-86.0366,-85.9589,-85.9167,-85.9068,-85.9263,-85.9718,-86.0405,-86.1295,-86.2365,-86.3591,-86.4952,-86.6432,-86.8012,-86.9679,-87.1419,-87.3219,-87.5069,-87.6959,-87.8878,-88.0819,-88.2774,-88.4736,-88.6697,-88.8651,-89.0493,-89.1468,-89.1775,-89.1800,-89.1761,-89.1775,-89.1902,-89.2169,-89.2582,-89.3134,-89.3815,-89.4611,-89.5507,-89.6489,-89.7543,-89.8655,-89.9816,-90.1014,-90.2241,-90.3488,-90.4748,-90.6015,-90.7282,-90.8546,-90.9801,-91.1043,-91.2270,-91.3477,-91.4663,-91.5824,-91.6961,-91.7993,-91.8521,-91.8485,-91.7965,-91.6904,-91.5381,-91.3222,-91.0522,-90.7577,-90.4643,-90.1896,-89.9434,-89.7308,-89.5533,-89.4102,-89.2999,-89.2181,-89.0606,-88.8115,-88.5087,-88.1920,-87.8932,-87.6306,-87.4128,-87.2419,-87.0999,-86.8945,-86.6672,-86.4550,-86.2757,-86.1365,-86.0392,-85.9823,-85.9630,-85.9775,-86.0216,-86.0688,-86.0846,-86.0759,-86.0601,-86.0398,-86.0087,-85.9687,-85.9269,-85.8906,-85.8653,-85.8541,-85.7927,-85.6278,-85.3959,-85.1384,-84.8856,-84.6565,-84.4618,-84.3062,-84.1908,-84.1145,-84.0750,-84.0691,-84.0864,-84.1038,-84.1132,-84.1194,-84.1303,-84.1523,-84.1896,-84.2445,-84.3178,-84.4092,-84.5178,-84.6421,-84.7805,-84.9316,-85.0937,-85.2655,-85.4455,-85.6327,-85.8260,-86.0244,-86.2270,-86.4326,-86.6326,-86.8091,-86.9548,-87.0719,-87.1667,-87.2456,-87.3148,-87.3792,-87.4430,-87.5092,-87.5802,-87.6571,-87.7406,-87.8305,-87.9266,-88.0281,-88.1345,-88.2451,-88.3594,-88.4767,-88.5779,-88.6328,-88.6523,-88.6530,-88.6473,-88.6432,-88.6455,-88.6217,-88.4796,-88.2494,-87.9792,-87.7032,-87.4425,-87.2098,-87.0113,-86.8496,-86.7247,-86.6352,-86.5786,-86.5511,-86.4895,-86.3676,-86.2324,-86.1116,-86.0176,-85.9548,-85.9238,-85.9231,-85.9504,-86.0028,-86.0679,-86.1099,-86.1123,-86.0848,-86.0452,-85.9913,-85.8170,-85.5966,-85.3879,-85.2126,-85.0768,-84.9806,-84.9211,-84.8949,-84.8881,-84.8448,-84.7770,-84.7093,-84.6552,-84.6214,-84.6105,-84.6232,-84.6587,-84.7157,-84.7924,-84.8870,-84.9977,-85.1228,-85.2579,-85.3686,-85.4261,-85.4126,-85.3482,-85.2611,-85.1713,-85.0918,-85.0301,-84.9689,-84.7980,-84.5788,-84.2965,-83.9688,-83.6534,-83.3838,-83.1723,-83.0200,-82.9227,-82.8746,-82.8695,-82.9018,-82.9664,-83.0588,-83.1751,-83.3050,-83.3858,-83.4131,-83.4229,-83.4407,-83.4786,-83.5406,-83.6268,-83.7353,-83.8639,-84.0096,-84.1535,-84.2726,-84.3713,-84.4610,-84.5504,-84.6453,-84.7489,-84.8628,-84.9877,-85.1236,-85.2699,-85.4261,-85.5911,-85.7641,-85.9442,-86.1303,-86.3217,-86.5173,-86.7165,-86.9185,-87.1224,-87.3278,-87.5338,-87.7400,-87.9458,-88.1507,-88.3542,-88.5558,-88.7552,-88.9521,-89.0929,-89.0935,-89.0450,-88.9929,-88.9553,-88.9386,-88.9441,-88.9705,-89.0160,-89.0781,-89.1313,-89.1348,-89.1076,-89.0700,-89.0342,-89.0067,-88.9910,-88.9886,-89.0001,-89.0252,-89.0633,-89.1134,-89.1570,-89.1409,-89.0882,-89.0251,-88.9656,-88.9171,-88.8831,-88.8649,-88.8629,-88.8764,-88.9048,-88.9467,-89.0011,-89.0667,-89.1423,-89.2268,-89.3190,-89.4179,-89.5225,-89.6061,-89.6167,-89.5876,-89.5468,-89.5083,-89.4788,-89.4619,-89.4587,-89.4298,-89.3224,-89.1475,-88.9359,-88.7159,-88.5066,-88.3190,-88.1588,-88.0281,-87.9273,-87.8554,-87.8105,-87.7908,-87.7939,-87.8170,-87.8007,-87.7270,-87.6374,-87.5549,-87.4897,-87.4462,-87.4254,-87.4270,-87.4498,-87.4903,-87.5158,-87.5008,-87.4582,-87.3886,-87.2439,-87.0518,-86.8565,-86.6846,-86.5477,-86.4491,-86.3862,-86.3035,-86.1860,-86.0666,-85.9634,-85.8841,-85.7305,-85.4398,-85.1104,-84.7659,-84.4475,-84.1746,-83.9539,-83.7854,-83.6666,-83.5934,-83.5616,-83.5668,-83.6049,-83.6719,-83.7645,-83.8794,-84.0137,-84.1433,-84.2214,-84.2595,-84.2790,-84.2971,-84.3251,-84.3694,-84.4331,-84.5168,-84.6200,-84.7412,-84.8788,-85.0307,-85.1952,-85.3705,-85.5549,-85.7469,-85.9451,-86.1485,-86.3557,-86.5660,-86.7783,-86.9845,-87.1214,-87.1852,-87.2063,-87.1977,-87.1704,-87.1359,-87.1035,-87.0799,-87.0694,-87.0743,-87.0955,-87.1329,-87.1859,-87.2533,-87.3338,-87.4260,-87.5286,-87.6402,-87.7597,-87.8859,-88.0178,-88.1541,-88.2684,-88.3296,-88.3481,-88.3439,-88.3336,-88.3278,-88.3329,-88.3519,-88.3859,-88.4346,-88.4971,-88.5720,-88.6579,-88.7534,-88.8572,-88.9680,-89.0847,-89.2063,-89.3309,-89.4389,-89.5064,-89.5371,-89.5461,-89.5472,-89.5499,-89.5599,-89.5796,-89.6100,-89.6509,-89.7012,-89.7602,-89.8267,-89.8998,-89.9786,-90.0494,-90.0590,-89.9493,-89.6873,-89.3806,-89.0815,-88.8128,-88.5838,-88.3973,-88.2524,-88.1464,-88.0761,-88.0377,-88.0277,-88.0426,-88.0794,-88.1351,-88.2074,-88.2937,-88.3922,-88.5010,-88.6184,-88.7431,-88.8737,-89.0091,-89.1482,-89.2762,-89.3543,-89.3830,-89.3827,-89.3719,-89.3626,-89.3616,-89.3724,-89.3959,-89.4322,-89.4777,-89.4753,-89.4020,-89.2968,-89.1914,-89.1024,-89.0362,-88.9944,-88.9759,-88.9790,-89.0012,-89.0405,-89.0947,-89.1619,-89.2403,-89.3284,-89.4247,-89.5279,-89.6370,-89.7508,-89.8685,-89.9891,-90.1119,-90.2363,-90.3615,-90.4871,-90.6125,-90.7373,-90.8611,-90.9835,-91.1042,-91.2230,-91.3348,-91.3665,-91.3279,-91.2625,-91.1930,-91.1302,-91.0791,-91.0418,-91.0187,-91.0095,-91.0131,-91.0286,-91.0395,-91.0056,-90.9274,-90.8247,-90.7157,-90.6132,-90.5246,-90.4537,-90.4019,-90.3690,-90.3541,-90.3539,-90.3562,-90.3562,-90.3566,-90.3608,-90.3713,-90.3894,-90.4157,-90.4500,-90.4861,-90.4620,-90.3269,-90.1315,-89.9159,-89.7030,-89.5053,-89.3297,-89.1796,-89.0565,-88.9600,-88.8893,-88.8427,-88.8185,-88.8148,-88.8297,-88.8613,-88.9078,-88.9676,-89.0390,-89.1208,-89.2115,-89.2949,-89.3312,-89.3196,-89.2790,-89.2277,-89.1788,-89.0447,-88.7770,-88.5014,-88.2628,-88.0732,-87.9330,-87.8384,-87.7843,-87.7656,-87.7773,-87.8150,-87.8750,-87.9539,-88.0478,-88.1271,-88.1613,-88.1605,-88.1446,-88.1288,-88.1225,-88.1308,-88.1555,-88.1192,-87.9302,-87.6292,-87.2983,-86.9888,-86.7242,-86.5124,-86.3533,-86.2434,-86.1779,-86.1516,-86.1596,-86.1972,-86.2394,-86.2495,-86.2327,-86.2064,-86.1853,-86.1787,-86.1915,-86.2257,-86.2813,-86.3571,-86.4512,-86.5616,-86.6862,-86.8230,-86.9703,-87.0981,-87.1053,-86.9532,-86.6888,-86.3733,-86.0522,-85.7537,-85.4931,-85.2774,-85.1078,-84.9566,-84.8003,-84.6491,-84.5149,-84.4052,-84.3162,-84.1878,-84.0175,-83.8436,-83.6928,-83.5774,-83.5010,-83.4630,-83.4608,-83.4911,-83.5503,-83.6353,-83.7430,-83.8706,-84.0158,-84.1762,-84.3498,-84.5351,-84.7302,-84.9338,-85.1446,-85.3613,-85.5830,-85.8086,-86.0372,-86.2680,-86.4548,-86.5608,-86.6304,-86.6677,-86.6076,-86.4951,-86.3708,-86.2129,-86.0230,-85.8284,-85.6508,-85.5031,-85.3908,-85.3155,-85.2761,-85.2702,-85.2948,-85.3468,-85.4230,-85.5204,-85.6363,-85.7683,-85.9140,-86.0716,-86.2391,-86.4151,-86.5981,-86.7869,-86.9802,-87.1770,-87.3765,-87.5776,-87.7797,-87.9821,-88.1841,-88.3850,-88.5845,-88.7820,-88.9770,-89.1693,-89.3583,-89.5439,-89.7258,-89.9036,-90.0773,-90.2467,-90.4115,-90.5718,-90.7274,-90.8783,-91.0244,-91.1657,-91.3023,-91.4341,-91.5612,-91.6836,-91.8015,-91.9149,-92.0238,-92.1284,-92.2288,-92.3251,-92.4174,-92.5059,-92.5905,-92.6716,-92.7478,-92.8065,-92.8336,-92.8290,-92.8001,-92.7555,-92.7030,-92.6480,-92.5946,-92.5455,-92.5023,-92.4661,-92.4371,-92.4154,-92.4009,-92.3890,-92.3649,-92.3208,-92.2593,-92.1875,-92.1125,-92.0398,-91.9733,-91.9156,-91.8678,-91.8307,-91.8042,-91.7879,-91.7815,-91.7842,-91.7953,-91.8141,-91.8399,-91.7778,-91.6033,-91.4049,-91.2192,-91.0600,-90.9313,-90.8330,-90.7630,-90.6739,-90.4746,-90.2489,-89.9893,-89.6802,-89.3651,-89.0780,-88.8346,-88.6393,-88.4909,-88.3854,-88.3186,-88.2856,-88.2824,-88.2872,-88.1799,-88.0261,-87.8794,-87.7604,-87.6757,-87.6257,-87.6084,-87.6207,-87.6592,-87.7205,-87.8017,-87.8998,-88.0122,-88.1368,-88.2715,-88.4145,-88.5642,-88.7193,-88.8786,-89.0409,-89.2052,-89.3391,-89.3416,-89.2928,-89.2400,-89.2009,-89.1817,-89.1839,-89.2064,-89.2474,-89.2830,-89.2746,-89.2280,-89.1112,-88.7960,-88.4553,-88.1508,-87.9001,-87.7056,-87.5635,-87.4683,-87.4068,-87.3344,-87.2366,-87.1270,-87.0217,-86.9321,-86.8650,-86.8233,-86.8076,-86.8169,-86.8496,-86.9034,-86.9762,-87.0657,-87.1698,-87.2867,-87.4145,-87.5516,-87.6966,-87.8483,-88.0054,-88.1668,-88.3317,-88.4989,-88.6556,-88.7711,-88.8420,-88.8837,-88.8779,-88.7345,-88.5468,-88.3357,-87.9752,-87.5943,-87.2544,-86.9367,-86.6297,-86.3465,-86.1006,-85.8990,-85.7438,-85.6337,-85.5655,-85.5338,-85.4677,-85.3442,-85.2096,-85.0936,-85.0104,-84.9642,-84.9547,-84.9789,-85.0332,-85.1140,-85.2178,-85.3414,-85.4820,-85.6102,-85.6795,-85.7183,-85.7505,-85.7795,-85.7821,-85.7513,-85.6824,-85.5820,-85.4713,-85.3712,-85.2888,-85.1921,-85.0710,-84.9394,-84.8063,-84.6653,-84.5214,-84.3884,-84.2778,-84.1955,-84.1425,-84.1165,-84.0975,-84.0588,-84.0060,-83.9386,-83.8119,-83.6588,-83.5109,-83.3822,-83.2778,-83.1991,-83.0756,-82.7963,-82.5101,-82.2626,-82.0658,-81.9201,-81.8217,-81.7659,-81.7477,-81.7624,-81.8061,-81.8751,-81.9664,-82.0775,-82.2059,-82.3203,-82.3804,-82.4142,-82.4442,-82.4826,-82.5354,-82.6053,-82.6933,-82.7992,-82.9171,-83.0130,-83.0814,-83.1361,-83.1887,-83.2471,-83.3161,-83.3986,-83.4959,-83.6083,-83.7353,-83.8760,-84.0294,-84.1942,-84.3691,-84.5530,-84.7446,-84.9430,-85.1470,-85.3558,-85.5685,-85.7844,-86.0026,-86.2227,-86.4438,-86.6655,-86.8872,-87.1084,-87.3285,-87.5472,-87.7640,-87.9786,-88.1904,-88.3993,-88.6049,-88.8069,-89.0051,-89.1991,-89.3889,-89.5742,-89.7466,-89.7833,-89.7364,-89.6703,-89.6102,-89.5661,-89.5412,-89.5356,-89.5483,-89.5714,-89.5567,-89.4954,-89.4089,-89.3160,-89.2288,-89.1547,-89.0974,-89.0588,-89.0389,-89.0373,-89.0528,-89.0840,-89.1293,-89.1871,-89.2559,-89.3343,-89.4209,-89.5145,-89.6062,-89.6539,-89.6461,-89.6027,-89.5454,-89.4890,-89.4422,-89.4094,-89.3924,-89.3912,-89.4051,-89.4329,-89.4700,-89.4694,-89.4125,-89.3230,-89.2242,-89.1317,-89.0544,-88.9965,-88.9578,-88.9147,-88.8509,-88.7733,-88.6928,-88.6181,-88.5551,-88.5074,-88.4766,-88.4635,-88.4675,-88.4880,-88.5237,-88.5732,-88.6352,-88.7083,-88.7911,-88.8825,-88.9813,-89.0865,-89.1972,-89.3123,-89.4312,-89.5532,-89.6775,-89.8036,-89.9309,-90.0589,-90.1872,-90.3152,-90.4427,-90.5693,-90.6946,-90.8178,-90.9163,-90.9589,-90.9546,-90.9250,-90.8870,-90.8513,-90.8237,-90.8071,-90.7992,-90.7827,-90.7461,-90.6920,-90.6284,-90.5628,-90.5015,-90.4486,-90.4067,-90.3772,-90.3604,-90.3563,-90.3642,-90.3829,-90.3531,-90.2428,-90.1022,-89.9627,-89.8391,-89.7378,-89.6608,-89.6080,-89.5783,-89.5698,-89.5806,-89.6085,-89.6516,-89.7080,-89.7759,-89.8538,-89.9402,-90.0338,-90.1333,-90.2378,-90.3461,-90.4576,-90.5714,-90.6867,-90.8030,-90.9197,-91.0364,-91.1524,-91.2674,-91.3613,-91.3986,-91.3861,-91.3453,-91.2945,-91.2453,-91.2045,-91.1753,-91.1589,-91.1553,-91.1402,-91.0607,-90.9440,-90.8172,-90.6965,-90.5904,-90.5033,-90.4367,-90.3903,-90.3631,-90.3538,-90.3604,-90.3815,-90.4153,-90.4604,-90.5154,-90.5789,-90.6499,-90.6589,-90.5071,-90.3239,-90.1561,-89.9533,-89.6965,-89.3753,-89.0041,-88.6354,-88.3041,-88.0255,-87.8031,-87.6345,-87.5150,-87.4392,-87.4017,-87.3974,-87.4221,-87.4716,-87.5427,-87.6322,-87.7354,-87.8191,-87.8684,-87.8969,-87.9175,-87.9391,-87.9674,-88.0059,-88.0562,-88.1190,-88.1942,-88.2812,-88.3791,-88.4867,-88.6029,-88.7267,-88.8569,-88.9924,-89.1324,-89.2759,-89.4221,-89.5704,-89.7199,-89.8702,-90.0207,-90.1708,-90.3202,-90.4683,-90.6149,-90.7595,-90.9019,-91.0418,-91.1790,-91.3110,-91.4131,-91.4727,-91.4992,-91.5048,-91.4993,-91.4901,-91.4801,-91.4547,-91.4056,-91.3389,-91.2634,-91.1871,-91.1158,-91.0535,-91.0025,-90.9641,-90.9383,-90.9250,-90.9234,-90.9327,-90.9520,-90.9803,-91.0169,-91.0607,-91.1112,-91.1675,-91.2290,-91.2951,-91.3652,-91.4388,-91.5154,-91.5944,-91.6756,-91.7583,-91.8423,-91.9272,-92.0126,-92.0981,-92.1836,-92.2686,-92.3529,-92.4364,-92.5187,-92.5997,-92.6792,-92.7571,-92.8332,-92.9074,-92.9797,-93.0500,-93.1182,-93.1842,-93.2482,-93.3100,-93.3696,-93.4136,-93.4026,-93.3375,-93.2396,-93.1285,-93.0181,-92.9163,-92.8276,-92.7537,-92.6950,-92.6509,-92.6205,-92.6025,-92.5958,-92.5989,-92.6109,-92.6306,-92.6569,-92.6890,-92.7260,-92.7671,-92.8117,-92.8592,-92.9089,-92.9605,-93.0134,-93.0672,-93.1216,-93.1763,-93.2309,-93.2854,-93.3393,-93.3927,-93.4452,-93.4968,-93.5473,-93.5931,-93.5730,-93.4865,-93.3719,-93.2504,-93.1331,-93.0255,-92.9306,-92.8496,-92.7829,-92.7301,-92.6907,-92.6636,-92.6479,-92.6426,-92.6465,-92.6588,-92.6784,-92.7045,-92.7362,-92.7713,-92.7795,-92.7343,-92.6495,-92.5468,-92.4428,-92.3474,-92.2658,-92.2003,-92.1509,-92.1078,-92.0498,-91.9719,-91.8814,-91.7874,-91.6974,-91.6168,-91.5487,-91.4947,-91.4553,-91.4304,-91.4192,-91.4206,-91.4337,-91.4572,-91.4901,-91.5313,-91.5799,-91.6349,-91.6955,-91.7610,-91.8306,-91.9038,-91.9799,-92.0584,-92.1388,-92.2205,-92.3033,-92.3866,-92.4702,-92.5536,-92.6366,-92.7189,-92.8003,-92.8787,-92.9243,-92.9136,-92.8560,-92.7452,-92.5893,-92.4082,-92.2192,-92.0345,-91.8620,-91.7063,-91.5699,-91.4540,-91.3586,-91.2831,-91.2265,-91.1875,-91.1648,-91.1569,-91.1625,-91.1802,-91.2088,-91.2472,-91.2941,-91.3488,-91.4101,-91.4772,-91.5494,-91.6259,-91.7060,-91.7891,-91.8746,-91.9619,-92.0505,-92.1400,-92.2300,-92.3200,-92.4097,-92.4988,-92.5869,-92.6740,-92.7596,-92.8436,-92.9259,-93.0063,-93.0846,-93.1608,-93.2349,-93.3066,-93.3761,-93.4433,-93.5081,-93.5706,-93.6308,-93.6887,-93.7376,-93.7018,-93.5982,-93.4672,-93.3052,-93.1088,-92.8947,-92.6810,-92.4810,-92.3024,-92.1487,-92.0210,-91.9185,-91.8398,-91.7828,-91.7456,-91.7261,-91.7222,-91.7323,-91.7547,-91.7877,-91.8301,-91.8742,-91.8725,-91.8158,-91.7289,-91.6343,-91.5460,-91.4721,-91.4160,-91.3788,-91.3600,-91.3584,-91.3725,-91.4004,-91.4406,-91.4914,-91.5514,-91.6190,-91.6931,-91.7726,-91.8563,-91.9436,-92.0334,-92.1245,-92.2064,-92.2637,-92.2940,-92.3033,-92.2999,-92.2907,-92.2808,-92.2739,-92.2720,-92.2763,-92.2873,-92.3051,-92.3294,-92.3598,-92.3957,-92.4367,-92.4822,-92.5317,-92.5846,-92.6406,-92.6991,-92.7597,-92.8220,-92.8856,-92.9503,-93.0157,-93.0814,-93.1473,-93.2130,-93.2784,-93.3431,-93.4071,-93.4701,-93.5321,-93.5928,-93.6521,-93.7101,-93.7665,-93.7937,-93.7194,-93.5872,-93.4393,-93.2970,-93.1702,-93.0630,-92.9763,-92.9095,-92.8612,-92.8258,-92.7301,-92.5560,-92.3563,-92.1671,-92.0046,-91.8734,-91.7732,-91.7013,-91.6548,-91.6304,-91.6253,-91.6369,-91.6627,-91.7009,-91.7494,-91.8069,-91.8717,-91.9428,-92.0189,-92.0990,-92.1824,-92.2681,-92.3555,-92.4440,-92.5331,-92.6221,-92.7108,-92.7988,-92.8857,-92.9713,-93.0553,-93.1375,-93.2179,-93.2961,-93.3722,-93.4461,-93.5176,-93.5868,-93.6537,-93.7181,-93.7802,-93.8400,-93.8974,-93.9526,-94.0054,-94.0561,-94.1045,-94.1434,-94.1560,-94.1366,-94.0908,-94.0272,-93.9540,-93.8777,-93.8028,-93.7325,-93.6688,-93.6128,-93.5651,-93.5258,-93.4947,-93.4715,-93.4557,-93.4469,-93.3861,-93.2261,-93.0300,-92.8321,-92.6503,-92.4927,-92.3627,-92.2602,-92.1839,-92.1314,-92.1004,-92.0883,-92.0926,-92.1111,-92.0974,-91.9564,-91.7785,-91.6088,-91.4636,-91.3483,-91.2633,-91.2069,-91.1764,-91.1690,-91.1815,-91.2114,-91.2560,-91.3132,-91.3807,-91.4570,-91.5404,-91.6295,-91.7231,-91.8202,-91.9198,-92.0211,-92.1235,-92.2261,-92.3286,-92.4305,-92.5313,-92.6308,-92.7285,-92.8244,-92.9180,-93.0094,-93.0984,-93.1847,-93.2685,-93.3496,-93.4279,-93.5035,-93.5763,-93.6465,-93.7139,-93.7786,-93.8407,-93.9003,-93.9573,-94.0119,-94.0640,-94.1139,-94.1615,-94.2070,-94.2504,-94.2917,-94.3312,-94.3687,-94.4045,-94.4386,-94.4710,-94.5019,-94.5313,-94.5332,-94.4315,-94.2601,-94.0702,-93.8904,-93.7327,-93.6003,-93.4926,-93.4076,-93.3428,-93.2958,-93.2644,-93.2464,-93.2402,-93.2441,-93.2568,-93.2768,-93.3033,-93.3351,-93.3715,-93.4116,-93.4547,-93.5003,-93.5477,-93.5966,-93.6464,-93.6968,-93.7475,-93.7982,-93.8487,-93.8986,-93.9479,-93.9964,-94.0439,-94.0904,-94.1357,-94.1798,-94.2227,-94.2643,-94.3045,-94.3434,-94.3809,-94.4171,-94.4519,-94.4854,-94.5176,-94.5485,-94.5782,-94.6066,-94.6338,-94.6589,-94.6285,-94.5203,-94.3734,-94.2147,-94.0603,-93.9188,-93.7943,-93.6884,-93.6011,-93.5315,-93.4784,-93.4401,-93.4152,-93.4021,-93.3995,-93.4059,-93.4201,-93.4412,-93.4680,-93.4997,-93.5356,-93.5748,-93.6167,-93.6608,-93.7066,-93.7535,-93.8013,-93.8495,-93.8979,-93.9421,-93.9546,-93.9227,-93.8587,-93.7786,-93.6953,-93.6169,-93.5477,-93.4900,-93.4443,-93.4103,-93.3875,-93.3747,-93.3712,-93.3759,-93.3878,-93.4062,-93.4303,-93.4592,-93.4924,-93.5293,-93.5691,-93.6116,-93.6560,-93.7022,-93.7495,-93.7978,-93.8466,-93.8956,-93.9447,-93.9936,-94.0420,-94.0898,-94.1369,-94.1831,-94.2284,-94.2725,-94.3155,-94.3573,-94.3978,-94.4370,-94.4750,-94.5116,-94.5469,-94.5808,-94.6135,-94.6449,-94.6750,-94.7039,-94.7315,-94.7580,-94.7833,-94.8075,-94.8307,-94.8528,-94.8739,-94.8941,-94.9133,-94.9316,-94.9491,-94.9658,-94.9816,-94.9968,-95.0112,-95.0250,-95.0381,-95.0506,-95.0626,-95.0740,-95.0848,-95.0952,-95.1050,-95.1145,-95.1235,-95.1321,-95.1403,-95.1482,-95.1558,-95.1630,-95.1699,-95.1765,-95.1829,-95.1889,-95.1948,-95.2004,-95.2058,-95.2111,-95.2161,-95.2209,-95.2256,-95.2301,-95.2344,-95.2387,-95.2427,-95.2467,-95.2505,-95.2542,-95.2578,-95.2614,-95.2648,-95.2681,-95.2714,-95.2745,-95.2776,-95.2806,-95.2836,-95.2865,-95.2893,-95.2921,-95.2937,-95.2285,-95.0606,-94.8469,-94.6304,-94.4324,-94.2607,-94.1167,-93.9991,-93.9054,-93.8328,-93.7789,-93.7411,-93.7173,-93.7057,-93.7045,-93.7123,-93.7277,-93.7497,-93.7772,-93.7665,-93.6575,-93.5067,-93.3500,-93.2046,-93.0783,-92.9736,-92.8906,-92.8284,-92.7852,-92.7592,-92.7486,-92.7516,-92.7664,-92.7915,-92.8255,-92.8668,-92.8939,-92.8739,-92.8140,-92.7322,-92.6445,-92.5619,-92.4801,-92.3232,-92.0992,-91.8611,-91.6420,-91.4561,-91.3073,-91.1946,-91.1152,-91.0655,-91.0420,-91.0412,-91.0602,-91.0963,-91.1469,-91.2101,-91.2837,-91.3663,-91.4562,-91.5522,-91.6530,-91.7576,-91.8649,-91.9743,-92.0674,-92.0803,-92.0270,-91.9494,-91.8748,-91.8159,-91.7770,-91.7582,-91.7581,-91.7745,-91.8053,-91.8485,-91.9022,-91.9646,-92.0345,-92.1104,-92.1913,-92.2761,-92.3639,-92.4539,-92.5455,-92.6379,-92.7307,-92.8234,-92.8986,-92.9072,-92.8618,-92.7868,-92.7015,-92.6189,-92.5469,-92.4895,-92.4483,-92.4234,-92.4139,-92.4186,-92.4359,-92.4645,-92.5027,-92.5491,-92.6026,-92.6618,-92.7256,-92.7733,-92.7797,-92.7551,-92.7140,-92.6672,-92.6218,-92.5822,-92.5509,-92.5295,-92.5183,-92.5174,-92.5262,-92.5443,-92.5707,-92.6048,-92.6457,-92.6925,-92.7244,-92.6781,-92.5712,-92.4454,-92.3270,-92.2281,-92.1526,-92.1004,-92.0698,-92.0584,-92.0639,-92.0840,-92.1167,-92.1601,-92.2127,-92.2608,-92.2635,-92.2210,-92.1538,-92.0802,-92.0125,-91.9574,-91.9183,-91.8959,-91.8900,-91.8992,-91.9221,-91.9571,-92.0026,-92.0572,-92.1195,-92.1883,-92.2625,-92.3411,-92.4232,-92.5080,-92.5949,-92.6832,-92.7722,-92.8616,-92.9509,-93.0396,-93.1274,-93.2141,-93.2993,-93.3828,-93.4644,-93.5440,-93.6215,-93.6589,-93.5603,-93.3251,-93.0194,-92.7032,-92.4097,-92.1529,-91.8876,-91.5909,-91.3002,-91.0360,-90.8068,-90.6150,-90.4605,-90.3161,-90.1048,-89.8551,-89.6137,-89.4061,-89.2416,-89.1212,-89.0419,-88.9997,-88.9902,-89.0090,-89.0524,-89.1169,-89.1994,-89.2974,-89.4083,-89.5302,-89.6612,-89.7996,-89.9439,-90.0930,-90.2455,-90.4004,-90.5568,-90.7139,-90.8709,-91.0271,-91.1820,-91.3351,-91.4858,-91.6338,-91.7788,-91.9205,-92.0586,-92.1929,-92.3233,-92.4498,-92.5721,-92.6902,-92.8041,-92.9138,-93.0194,-93.1208,-93.2180,-93.3113,-93.4006,-93.4860,-93.5676,-93.6456,-93.7194,-93.7702,-93.7773,-93.7480,-93.6951,-93.6300,-93.5611,-93.4941,-93.4328,-93.3795,-93.3313,-93.1924,-92.9825,-92.7438,-92.4182,-92.0493,-91.6890,-91.3623,-91.0677,-90.7492,-90.4249,-90.1229,-89.8571,-89.6328,-89.4508,-89.3097,-89.2068,-89.1390,-89.1028,-89.0950,-89.1124,-89.1520,-89.2112,-89.2721,-89.2798,-89.2549,-89.2227,-89.1971,-89.1848,-89.1890,-89.2104,-89.2488,-89.3034,-89.3727,-89.4555,-89.5501,-89.6551,-89.7692,-89.8909,-90.0189,-90.1522,-90.2897,-90.4303,-90.5731,-90.7174,-90.8625,-91.0075,-91.1521,-91.2955,-91.4374,-91.5773,-91.7149,-91.8498,-91.9818,-92.1106,-92.2361,-92.3581,-92.4765,-92.5911,-92.7020,-92.8091,-92.9124,-93.0118,-93.0894,-93.0282,-92.8994,-92.7603,-92.6216,-92.4572,-92.2743,-92.0891,-91.9137,-91.7555,-91.6186,-91.5048,-91.4142,-91.3463,-91.2998,-91.2714,-91.2465,-91.2099,-91.1302,-90.9909,-90.8112,-90.6151,-90.4217,-90.2438,-90.0889,-89.9605,-89.8597,-89.7857,-89.7370,-89.7115,-89.7071,-89.7217,-89.7532,-89.7997,-89.8594,-89.9308,-90.0124,-90.1030,-90.2012,-90.3060,-90.4165,-90.5240,-90.5952,-90.6292,-90.6394,-90.6375,-90.6211,-90.5379,-90.3998,-90.2414,-90.0862,-89.9467,-89.8170,-89.6852,-89.5513,-89.4204,-89.2982,-89.1899,-89.0989,-89.0274,-88.9765,-88.9459,-88.9349,-88.9422,-88.9664,-89.0058,-89.0588,-89.1238,-89.1996,-89.2281,-89.1329,-89.0022,-88.8802,-88.7838,-88.7183,-88.6841,-88.6791,-88.7004,-88.7450,-88.8099,-88.8921,-88.9892,-89.0989,-89.2192,-89.3483,-89.4846,-89.6267,-89.7733,-89.9235,-90.0761,-90.2304,-90.3855,-90.5408,-90.6955,-90.8492,-91.0014,-91.1516,-91.2994,-91.4445,-91.5866,-91.7255,-91.8609,-91.9927,-92.1207,-92.2449,-92.3651,-92.4813,-92.5935,-92.7016,-92.8057,-92.9058,-93.0020,-93.0943,-93.1828,-93.2675,-93.3486,-93.4261,-93.5002,-93.5710,-93.6385,-93.7029,-93.7642,-93.8227,-93.8784,-93.9314,-93.9819,-94.0299,-94.0756,-94.1191,-94.1604,-94.1997,-94.2370,-94.2725,-94.3063,-94.3383,-94.3688,-94.3979,-94.4254,-94.4517,-94.4766,-94.5004,-94.4805,-94.3544,-94.1737,-93.9816,-93.8013,-93.6429,-93.4979,-93.3054,-93.0832,-92.8616,-92.6564,-92.4748,-92.3195,-92.1908,-92.0878,-92.0088,-91.9516,-91.8806,-91.7610,-91.6125,-91.4569,-91.3100,-91.1817,-91.0669,-90.9034,-90.7095,-90.5184,-90.3466,-90.2014,-90.0851,-89.9979,-89.9387,-89.9055,-89.8962,-89.9084,-89.9398,-89.9883,-90.0516,-90.1278,-90.2151,-90.3118,-90.4165,-90.5278,-90.6445,-90.7653,-90.8895,-91.0160,-91.1440,-91.2728,-91.4019,-91.5306,-91.6583,-91.7848,-91.9095,-92.0321,-92.1524,-92.2655,-92.2507,-92.1464,-92.0237,-91.9101,-91.8161,-91.7449,-91.6966,-91.6697,-91.6623,-91.6719,-91.6963,-91.7334,-91.7813,-91.8382,-91.9026,-91.9731,-92.0485,-92.1278,-92.2100,-92.2944,-92.3803,-92.4670,-92.5540,-92.6408,-92.7271,-92.8125,-92.8968,-92.9796,-93.0608,-93.1334,-93.1155,-93.0065,-92.8626,-92.7199,-92.5628,-92.3443,-92.1024,-91.8735,-91.6748,-91.5111,-91.3819,-91.2843,-91.2150,-91.1706,-91.1479,-91.1443,-91.1574,-91.1849,-91.2251,-91.2629,-91.2224,-91.1330,-91.0329,-90.9406,-90.8645,-90.8079,-90.7716,-90.7548,-90.7565,-90.7749,-90.8083,-90.8552,-90.9137,-90.9824,-91.0598,-91.1446,-91.2354,-91.3314,-91.4313,-91.5343,-91.6396,-91.7465,-91.8542,-91.9622,-92.0701,-92.1772,-92.2833,-92.3880,-92.4909,-92.5919,-92.6907,-92.7872,-92.8811,-92.9725,-93.0611,-93.1469,-93.2299,-93.3101,-93.3874,-93.4619,-93.5336,-93.6025,-93.6686,-93.7320,-93.7928,-93.8510,-93.9067,-93.9600,-94.0109,-94.0595,-94.1059,-94.1502,-94.1925,-94.2328,-94.2712,-94.3078,-94.3426,-94.3758,-94.4074,-94.4375,-94.4662,-94.4935,-94.5195,-94.5442,-94.5678,-94.5902,-94.6116,-94.6320,-94.6514,-94.6699,-94.6875,-94.7043,-94.7061,-94.6340,-94.5105,-94.3671,-94.2218,-94.0840,-93.9587,-93.8483,-93.7534,-93.6741,-93.6096,-93.5048,-93.2787,-92.9790,-92.6565,-92.3420,-92.0523,-91.7958,-91.5758,-91.3924,-91.2444,-91.1293,-91.0444,-90.9868,-90.9536,-90.9003,-90.7645,-90.5882,-90.4153,-90.2682,-90.1549,-90.0707,-89.9823,-89.8756,-89.7597,-89.6475,-89.5494,-89.4714,-89.4167,-89.3860,-89.3785,-89.3929,-89.4271,-89.4790,-89.5466,-89.6280,-89.7212,-89.8246,-89.9366,-90.0559,-90.1812,-90.3113,-90.4453,-90.5820,-90.7010,-90.7663,-90.7852,-90.7787,-90.7638,-90.7484,-90.7049,-90.6287,-90.5376,-90.4461,-90.3636,-90.2954,-90.2445,-90.2120,-90.1979,-90.2015,-90.2217,-90.2570,-90.3060,-90.3672,-90.4393,-90.5207,-90.6103,-90.7067,-90.8091,-90.9163,-91.0274,-91.1416,-91.2580,-91.3761,-91.4952,-91.6146,-91.7339,-91.8526,-91.9703,-92.0866,-92.2011,-92.3137,-92.4239,-92.5317,-92.6368,-92.7391,-92.8385,-92.9348,-93.0281,-93.1183,-93.2053,-93.2892,-93.3699,-93.4475,-93.5221,-93.5936,-93.6621,-93.7277,-93.7906,-93.8506,-93.9080,-93.9628,-94.0151,-94.0649,-94.1125,-94.1578,-94.2010,-94.2421,-94.2812,-94.3184,-94.3539,-94.3876,-94.4197,-94.4502,-94.4792,-94.5068,-94.5331,-94.5581,-94.5818,-94.6045,-94.6260,-94.6465,-94.6660,-94.6846,-94.7023,-94.7191,-94.7352,-94.7506,-94.7652,-94.7792,-94.7926,-94.8053,-94.8175,-94.8292,-94.8404,-94.8511,-94.8614,-94.8713,-94.8807,-94.8898,-94.8986,-94.9068,-94.8905,-94.8234,-94.7202,-94.5987,-94.4718,-94.3477,-94.2315,-94.1153,-93.9357,-93.6959,-93.4399,-93.1979,-92.9843,-92.8036,-92.6557,-92.5384,-92.4489,-92.3841,-92.3411,-92.3173,-92.3102,-92.3178,-92.3381,-92.3693,-92.4099,-92.4586,-92.5140,-92.5676,-92.5950,-92.5209,-92.3238,-92.0734,-91.8151,-91.5732,-91.3599,-91.1800,-91.0345,-90.9222,-90.8408,-90.7876,-90.7599,-90.7546,-90.7691,-90.8010,-90.8480,-90.9079,-90.9790,-91.0597,-91.1483,-91.2436,-91.3330,-91.3357,-91.2722,-91.1883,-91.1085,-91.0438,-90.9989,-90.9748,-90.9711,-90.9861,-91.0127,-90.9756,-90.8611,-90.7205,-90.5889,-90.4742,-90.3058,-90.1003,-89.8963,-89.6824,-89.4278,-89.1686,-88.9285,-88.7054,-88.4915,-88.2887,-88.1027,-87.9392,-87.8023,-87.6940,-87.6150,-87.5646,-87.5417,-87.5445,-87.5708,-87.6187,-87.6858,-87.7700,-87.8694,-87.9820,-88.1061,-88.2402,-88.3828,-88.5325,-88.6882,-88.8489,-89.0134,-89.1741,-89.2940,-89.3726,-89.4265,-89.4689,-89.5091,-89.5524,-89.6021,-89.6600,-89.7268,-89.8025,-89.8869,-89.9792,-90.0788,-90.1848,-90.2964,-90.4127,-90.5144,-90.4602,-90.2202,-89.9236,-89.6324,-89.3737,-89.1580,-88.9881,-88.8623,-88.7776,-88.7298,-88.7147,-88.7282,-88.7666,-88.8262,-88.9041,-88.9976,-89.1041,-89.2216,-89.3483,-89.4823,-89.6223,-89.7670,-89.9151,-90.0658,-90.2180,-90.3710,-90.5241,-90.6765,-90.8279,-90.9775,-91.1252,-91.2704,-91.4128,-91.5522,-91.6883,-91.8210,-91.9500,-92.0754,-92.1969,-92.3145,-92.4282,-92.5379,-92.6437,-92.7456,-92.8437,-92.9378,-93.0283,-93.1150,-93.1981,-93.2777,-93.3539,-93.4267,-93.4963,-93.5628,-93.6263,-93.6869,-93.7446,-93.7997,-93.8522,-93.9022,-93.9498,-93.9952,-94.0384,-94.0795,-94.1186,-94.1559,-94.1913,-94.2251,-94.2572,-94.2878,-94.3169,-94.3446,-94.3710,-94.3962,-94.4202,-94.4430,-94.4648,-94.4855,-94.5054,-94.5243,-94.5423,-94.5596,-94.5761,-94.5918,-94.6069,-94.6214,-94.6352,-94.6485,-94.6612,-94.6735,-94.6852,-94.6965,-94.7074,-94.7178,-94.7279,-94.7374,-94.6485,-94.4535,-94.2353,-94.0266,-93.8397,-93.6785,-93.5434,-93.4164,-93.2104,-92.9464,-92.6536,-92.2864,-91.9065,-91.5554,-91.2483,-90.9892,-90.7771,-90.6090,-90.4809,-90.3889,-90.3290,-90.2976,-90.2911,-90.3064,-90.3270,-90.2711,-90.1626,-90.0449,-89.9401,-89.8580,-89.8021,-89.7725,-89.7680,-89.7863,-89.8251,-89.8819,-89.9542,-90.0398,-90.1367,-90.2425,-90.3186,-90.3305,-90.3050,-90.2672,-90.2325,-90.2091,-90.2012,-90.2101,-90.2357,-90.2770,-90.3326,-90.4008,-90.4800,-90.5687,-90.6652,-90.7684,-90.8771,-90.9900,-91.1063,-91.2251,-91.3455,-91.4670,-91.5883,-91.6930,-91.7416,-91.7101,-91.6131,-91.4775,-91.3268,-91.1775,-91.0401,-90.9204,-90.8210,-90.7111,-90.5496,-90.3574,-90.1370,-89.9032,-89.6724,-89.4563,-89.2627,-89.0961,-88.9586,-88.8506,-88.7716,-88.7200,-88.6942,-88.6919,-88.7110,-88.7479,-88.6742,-88.2923,-87.8235,-87.3678,-86.9608,-86.6145,-86.3308,-86.1073,-85.9397,-85.8227,-85.7508,-85.7186,-85.7211,-85.7537,-85.8124,-85.8934,-85.9938,-86.1109,-86.2423,-86.3861,-86.5405,-86.7041,-86.8755,-87.0535,-87.2370,-87.4253,-87.6172,-87.8122,-88.0094,-88.1970,-88.3274,-88.4114,-88.4725,-88.5253,-88.5784,-88.6367,-88.7028,-88.7781,-88.8629,-88.9570,-89.0599,-89.1694,-89.2358,-89.2464,-89.2327,-89.2145,-89.2017,-89.1843,-89.1412,-89.0778,-88.9928,-88.8734,-88.7142,-88.4941,-88.2297,-87.9518,-87.6846,-87.4432,-87.2356,-87.0517,-86.8157,-86.4776,-86.0561,-85.5249,-84.9435,-84.3751,-83.8576,-83.4090,-83.0349,-82.7342,-82.5025,-82.3335,-82.2206,-82.1571,-82.1369,-82.1545,-82.2049,-82.2838,-82.3876,-82.5131,-82.6574,-82.8182,-82.9935,-83.1815,-83.3805,-83.5893,-83.8066,-84.0313,-84.2625,-84.4991,-84.7405,-84.9857,-85.2341,-85.4850,-85.7378,-85.9917,-86.2460,-86.4805,-86.6633,-86.8008,-86.9125,-87.0146,-87.1172,-87.1978,-87.1971,-87.1549,-87.1027,-87.0100,-86.8680,-86.7148,-86.5738,-86.4566,-86.3681,-86.3097,-86.2808,-86.2800,-86.3051,-86.3538,-86.4237,-86.5126,-86.6182,-86.7386,-86.8718,-87.0162,-87.1701,-87.3322,-87.5011,-87.6757,-87.8547,-88.0373,-88.2225,-88.4094,-88.5963,-88.7549,-88.8538,-88.9048,-88.8395,-88.6576,-88.4525,-88.2626,-88.1028,-87.9783,-87.8891,-87.8334,-87.8080,-87.8098,-87.8356,-87.8823,-87.9472,-88.0000,-87.9999,-87.9633,-87.9129,-87.8656,-87.8317,-87.8167,-87.8227,-87.8498,-87.8968,-87.9621,-88.0436,-88.1394,-88.2475,-88.3662,-88.4936,-88.6285,-88.7694,-88.9150,-89.0645,-89.2167,-89.3708,-89.5260,-89.6817,-89.8372,-89.9920,-90.1455,-90.2975,-90.4474,-90.5950,-90.7399,-90.8819,-91.0101,-91.0462,-90.9976,-90.9168,-90.8368,-90.7723,-90.7282,-90.7045,-90.6997,-90.7115,-90.7379,-90.7766,-90.8260,-90.8842,-90.9500,-91.0221,-91.0994,-91.1809,-91.2658,-91.3533,-91.4428,-91.5337,-91.6254,-91.7175,-91.8096,-91.9013,-91.9922,-92.0822,-92.1709,-92.2582,-92.3438,-92.4277,-92.4972,-92.5063,-92.4680,-92.4063,-92.3365,-92.2672,-92.2038,-92.1492,-92.1052,-92.0722,-92.0459,-91.9860,-91.8564,-91.6623,-91.4312,-91.1882,-90.9509,-90.7304,-90.5333,-90.3628,-90.2198,-90.1038,-90.0136,-89.9474,-89.8857,-89.7509,-89.5704,-89.3840,-89.2135,-89.0692,-88.9462,-88.8141,-88.6735,-88.5361,-88.4104,-88.3021,-88.2143,-88.1487,-88.1057,-88.0848,-88.0849,-88.1045,-88.1420,-88.1955,-88.2635,-88.3442,-88.4361,-88.5379,-88.6482,-88.7660,-88.8873,-88.9451,-88.9273,-88.8829,-88.8395,-88.8093,-88.7973,-88.8047,-88.8313,-88.8757,-88.9363,-89.0113,-89.0989,-89.1973,-89.3049,-89.4204,-89.5424,-89.6697,-89.8013,-89.9361,-90.0733,-90.2122,-90.3519,-90.4920,-90.6317,-90.7707,-90.9085,-91.0446,-91.1787,-91.3106,-91.4399,-91.5664,-91.6899,-91.8103,-91.9275,-92.0413,-92.1517,-92.2586,-92.3620,-92.4619,-92.5303,-92.5047,-92.4103,-92.2670,-92.0842,-91.8823,-91.6788,-91.4850,-91.3080,-91.1516,-91.0177,-90.9066,-90.8181,-90.7509,-90.7039,-90.6754,-90.6638,-90.6675,-90.6848,-90.7144,-90.7547,-90.8046,-90.8628,-90.9282,-90.9998,-91.0768,-91.1583,-91.2436,-91.3319,-91.4227,-91.5100,-91.5195,-91.4394,-91.3226,-91.2057,-91.1058,-91.0287,-90.9752,-90.9439,-90.9324,-90.9383,-90.9594,-90.9935,-91.0388,-91.0935,-91.1564,-91.2260,-91.3012,-91.3811,-91.4646,-91.5511,-91.6398,-91.7301,-91.8214,-91.9132,-92.0050,-92.0965,-92.1874,-92.2772,-92.3659,-92.4530,-92.5385,-92.6222,-92.7039,-92.7836,-92.8612,-92.9365,-93.0096,-93.0804,-93.1489,-93.2151,-93.2790,-93.3406,-93.4000,-93.4571,-93.5121,-93.5650,-93.6158,-93.6645,-93.7113,-93.7562,-93.7972,-93.8040,-93.7631,-93.6897,-93.5990,-93.5021,-93.4064,-93.3165,-93.2353,-93.1645,-93.1046,-93.0545,-92.9532,-92.7625,-92.5336,-92.3081,-92.1066,-91.9364,-91.7987,-91.6916,-91.6122,-91.5575,-91.5246,-91.5105,-91.5130,-91.5298,-91.5590,-91.5988,-91.6478,-91.7045,-91.7678,-91.8365,-91.9097,-91.9865,-92.0661,-92.1479,-92.2311,-92.3153,-92.3999,-92.4845,-92.5688,-92.6524,-92.7349,-92.8163,-92.8962,-92.9745,-93.0510,-93.1256,-93.1982,-93.2687,-93.3371,-93.4033,-93.4674,-93.5293,-93.5890,-93.6465,-93.7019,-93.7551,-93.8063,-93.8554,-93.8742,-93.7993,-93.6573,-93.4915,-93.3291,-93.1835,-93.0596,-92.9582,-92.8783,-92.8179,-92.7751,-92.7476,-92.7336,-92.7314,-92.7394,-92.7562,-92.7805,-92.8114,-92.8477,-92.8886,-92.9333,-92.9812,-93.0316,-93.0839,-93.1376,-93.1924,-93.2478,-93.3035,-93.3593,-93.4147,-93.4694,-93.4891,-93.4409,-93.3466,-93.2301,-93.1090,-92.9946,-92.8935,-92.8087,-92.7413,-92.6909,-92.6566,-92.6370,-92.6306,-92.6358,-92.6511,-92.6753,-92.7070,-92.7451,-92.7886,-92.8365,-92.8881,-92.9427,-92.9995,-93.0580,-93.1178,-93.1179,-92.9544,-92.7537,-92.5639,-92.4017,-92.2716,-92.1732,-92.1038,-92.0600,-92.0385,-92.0361,-92.0498,-92.0772,-92.1160,-92.1643,-92.2204,-92.2829,-92.3505,-92.4221,-92.4969,-92.5739,-92.6524,-92.7320,-92.8119,-92.8918,-92.9713,-93.0501,-93.1278,-93.2042,-93.2791,-93.3524,-93.4239,-93.4934,-93.5610,-93.6266,-93.6795,-93.6929,-93.6677,-93.6164,-93.5413,-93.4117,-93.1576,-92.7267,-92.2579,-91.8131,-91.4174,-91.0790,-90.7982,-90.5718,-90.3947,-90.2617,-90.1677,-90.1079,-90.0779,-90.0739,-90.0925,-90.1306,-90.1856,-90.2551,-90.3369,-90.4293,-90.5304,-90.6389,-90.7534,-90.8727,-90.9956,-91.1213,-91.2489,-91.3775,-91.5066,-91.6354,-91.7634,-91.8902,-92.0154,-92.1385,-92.2592,-92.3774,-92.4927,-92.6050,-92.7141,-92.8078,-92.8472,-92.8305,-92.7139,-92.4918,-92.2251,-91.9586,-91.7166,-91.5095,-91.3402,-91.2076,-91.1088,-91.0406,-90.9995,-90.9820,-90.9852,-91.0064,-91.0431,-91.0933,-91.1548,-91.2262,-91.3057,-91.3921,-91.4842,-91.5807,-91.6809,-91.7837,-91.8884,-91.9943,-92.1008,-92.2072,-92.3132,-92.4183,-92.5221,-92.6242,-92.7245,-92.8227,-92.9185,-93.0119,-93.1027,-93.1907,-93.2760,-93.3585,-93.4381,-93.5148,-93.5887,-93.6598,-93.7281,-93.7935,-93.8563,-93.9164,-93.9740,-94.0290,-94.0815,-94.1317,-94.1796,-94.2253,-94.2689,-94.3104,-94.3499,-94.3875,-94.4234,-94.4575,-94.4899,-94.5208,-94.5501,-94.5780,-94.6046,-94.6298,-94.6538,-94.6767,-94.6984,-94.7191,-94.7387,-94.7574,-94.7752,-94.7922,-94.8083,-94.8237,-94.8384,-94.8524,-94.8657,-94.8784,-94.8906,-94.9022,-94.9133,-94.9239,-94.9341,-94.9438,-94.9531,-94.9621,-94.9707,-94.9789,-94.9869,-94.9945,-95.0018,-95.0089,-95.0157,-95.0223,-95.0287,-95.0349,-95.0408,-95.0466,-95.0522,-95.0576,-95.0629,-95.0680,-95.0730,-95.0778,-95.0826,-95.0872,-95.0917,-95.0961,-95.1004,-95.1046,-95.1074,-95.0957,-95.0555,-94.9867,-94.8969,-94.7950,-94.6885,-94.5603,-94.2694,-93.9181,-93.5760,-93.2684,-93.0034,-92.7816,-92.6004,-92.4560,-92.3443,-92.2615,-92.2038,-92.1681,-92.1515,-92.1515,-92.1658,-92.1925,-92.2297,-92.2760,-92.3300,-92.3904,-92.4561,-92.5262,-92.5998,-92.6761,-92.7545,-92.8342,-92.9148,-92.9957,-93.0766,-93.1570,-93.2366,-93.3152,-93.3925,-93.4683,-93.5423,-93.6146,-93.6849,-93.7531,-93.8193,-93.8832,-93.9450,-94.0043,-94.0258,-93.9760,-93.8774,-93.7557,-93.6169,-93.4402,-93.2386,-93.0316,-92.8272,-92.6134,-92.3869,-92.1573,-91.9362,-91.7324,-91.5516,-91.3967,-91.2687,-91.1673,-91.0914,-91.0392,-91.0088,-90.9982,-91.0054,-91.0285,-91.0656,-91.1151,-91.1755,-91.2452,-91.3231,-91.4080,-91.4987,-91.5943,-91.6938,-91.7966,-91.9017,-92.0085,-92.1165,-92.2249,-92.3323,-92.4117,-92.4446,-92.4441,-92.4243,-92.3959,-92.3662,-92.3399,-92.3199,-92.3079,-92.3047,-92.3106,-92.3221,-92.3128,-92.2721,-92.2096,-92.1369,-92.0633,-91.9953,-91.9368,-91.8904,-91.8573,-91.8376,-91.8311,-91.8370,-91.8547,-91.8828,-91.9206,-91.9668,-92.0205,-92.0797,-92.1339,-92.1700,-92.1861,-92.1872,-92.1802,-92.1708,-92.1633,-92.1605,-92.1639,-92.1323,-92.0068,-91.8329,-91.6563,-91.3920,-91.0316,-90.6799,-90.3729,-90.1213,-89.9250,-89.7800,-89.6806,-89.6211,-89.5963,-89.6012,-89.6315,-89.6835,-89.7539,-89.8400,-89.9391,-90.0492,-90.1683,-90.2948,-90.4271,-90.5640,-90.7042,-90.8467,-90.9907,-91.1353,-91.2798,-91.4235,-91.5660,-91.7067,-91.8451,-91.9810,-92.1141,-92.2303,-92.1674,-92.0183,-91.8683,-91.7443,-91.6530,-91.5938,-91.5635,-91.5581,-91.5739,-91.6074,-91.6556,-91.7158,-91.7858,-91.8637,-91.9478,-92.0366,-92.1291,-92.2242,-92.3211,-92.4189,-92.5109,-92.5597,-92.5634,-92.5399,-92.5037,-92.4647,-92.4290,-92.4001,-92.3801,-92.3697,-92.3694,-92.3787,-92.3972,-92.4242,-92.4589,-92.5006,-92.5484,-92.6015,-92.6592,-92.7208,-92.7856,-92.8529,-92.9222,-92.9929,-93.0647,-93.1370,-93.2094,-93.2817,-93.3535,-93.4245,-93.4945,-93.5486,-93.5550,-93.5211,-93.4633,-93.3944,-93.3232,-93.2554,-93.1947,-93.1432,-93.1019,-93.0711,-93.0507,-93.0403,-93.0391,-93.0465,-93.0617,-93.0838,-93.1122,-93.1460,-93.1845,-93.2271,-93.2732,-93.3222,-93.3735,-93.4266,-93.4812,-93.5368,-93.5931,-93.6496,-93.7062,-93.7625,-93.8183,-93.8735,-93.9278,-93.9811,-94.0332,-94.0841,-94.1337,-94.1788,-94.1844,-94.1319,-94.0397,-93.9300,-93.8188,-93.7153,-93.6245,-93.5482,-93.4868,-93.4398,-93.4061,-93.3845,-93.3738,-93.3728,-93.3804,-93.3955,-93.4171,-93.4401,-93.3801,-93.2514,-93.1052,-92.9650,-92.8405,-92.7214,-92.5282,-92.2880,-92.0465,-91.8266,-91.6380,-91.4839,-91.3640,-91.2762,-91.2178,-91.1859,-91.1773,-91.1891,-91.2187,-91.2636,-91.3215,-91.3905,-91.4688,-91.5548,-91.6471,-91.7444,-91.8456,-91.9498,-92.0560,-92.1634,-92.2715
3,-86.0000,-86.6497,-87.1568,-87.6084,-88.0130,-88.3779,-88.7087,-89.0099,-89.2851,-89.5372,-89.7686,-89.9814,-90.1773,-90.3577,-90.5239,-90.6770,-90.8181,-90.9481,-91.0678,-91.1779,-91.2792,-91.3724,-91.4581,-91.5367,-91.6089,-91.6752,-91.7360,-91.7917,-91.8427,-91.8895,-91.9323,-91.9488,-91.8894,-91.7862,-91.6720,-91.5395,-91.3716,-91.1923,-91.0225,-90.8740,-90.7517,-90.6565,-90.5866,-90.5397,-90.5128,-90.5029,-90.5075,-90.5241,-90.5506,-90.5852,-90.6238,-90.5954,-90.4971,-90.3858,-90.2903,-90.2199,-90.1753,-90.1540,-90.1527,-90.1628,-90.1427,-90.0924,-90.0311,-89.9734,-89.9279,-89.8985,-89.8862,-89.8897,-89.8716,-89.8119,-89.6989,-89.5103,-89.3036,-89.1150,-88.9609,-88.8465,-88.7708,-88.7301,-88.7201,-88.7359,-88.7732,-88.8282,-88.8975,-88.9782,-89.0678,-89.1643,-89.2659,-89.3710,-89.4785,-89.5872,-89.6963,-89.8050,-89.9126,-90.0187,-90.1227,-90.2244,-90.3233,-90.4165,-90.4859,-90.5252,-90.5423,-90.5471,-90.5476,-90.5468,-90.5318,-90.4985,-90.4546,-90.4084,-90.3658,-90.3304,-90.3040,-90.2875,-90.2809,-90.2837,-90.2951,-90.3144,-90.3406,-90.3728,-90.4102,-90.4519,-90.4971,-90.5372,-90.5020,-90.4282,-90.3502,-90.2820,-90.2289,-90.1927,-90.1729,-90.1681,-90.1767,-90.1968,-90.2266,-90.2644,-90.3088,-90.3540,-90.3877,-90.4070,-90.4160,-90.4199,-90.4226,-90.4271,-90.4349,-90.4470,-90.4638,-90.4851,-90.5109,-90.5406,-90.5739,-90.6103,-90.6493,-90.6905,-90.7335,-90.7778,-90.8230,-90.8689,-90.9152,-90.9615,-91.0077,-91.0536,-91.0989,-91.1435,-91.1872,-91.2300,-91.2717,-91.3123,-91.3517,-91.3899,-91.4267,-91.4623,-91.4964,-91.5293,-91.5608,-91.5909,-91.6198,-91.6473,-91.6735,-91.6986,-91.7224,-91.7450,-91.7665,-91.7868,-91.8062,-91.8245,-91.8418,-91.8582,-91.8737,-91.8884,-91.9022,-91.9153,-91.9277,-91.9393,-91.9504,-91.9608,-91.9706,-91.9798,-91.9886,-91.9968,-92.0046,-92.0120,-92.0189,-92.0255,-92.0317,-92.0354,-92.0091,-91.9436,-91.8547,-91.7579,-91.6641,-91.5791,-91.5058,-91.4450,-91.3963,-91.3048,-91.1379,-90.9544,-90.7887,-90.6528,-90.5481,-90.4719,-90.4207,-90.3906,-90.3782,-90.3806,-90.3949,-90.4192,-90.4514,-90.4899,-90.5335,-90.5809,-90.6312,-90.6837,-90.7375,-90.7921,-90.8470,-90.9017,-90.9561,-91.0096,-91.0622,-91.1136,-91.1636,-91.2122,-91.2592,-91.3044,-91.3351,-91.3302,-91.2947,-91.2424,-91.1855,-91.1318,-91.0856,-91.0489,-91.0221,-91.0048,-90.9962,-90.9954,-91.0014,-91.0132,-91.0263,-91.0062,-90.9467,-90.8673,-90.7853,-90.7113,-90.6505,-90.6045,-90.5733,-90.5557,-90.5504,-90.5556,-90.5698,-90.5917,-90.6198,-90.6449,-90.6259,-90.5754,-90.5132,-90.4515,-90.3973,-90.3540,-90.3231,-90.3047,-90.2981,-90.3022,-90.3158,-90.3376,-90.3664,-90.4010,-90.4404,-90.4837,-90.5300,-90.5786,-90.6288,-90.6802,-90.7321,-90.7843,-90.8364,-90.8880,-90.9389,-90.9889,-91.0378,-91.0855,-91.1319,-91.1769,-91.2204,-91.2623,-91.3027,-91.3415,-91.3787,-91.4143,-91.4483,-91.4808,-91.5118,-91.5413,-91.5694,-91.5961,-91.6214,-91.6455,-91.6683,-91.6899,-91.7103,-91.7297,-91.7480,-91.7653,-91.7817,-91.7971,-91.8117,-91.8255,-91.8386,-91.8509,-91.8625,-91.8735,-91.8839,-91.8937,-91.9030,-91.9118,-91.9201,-91.9279,-91.9354,-91.9424,-91.9490,-91.9554,-91.9613,-91.9322,-91.8339,-91.7035,-91.5680,-91.4423,-91.3331,-91.2427,-91.1707,-91.1157,-91.0757,-91.0487,-91.0328,-91.0263,-91.0275,-91.0353,-91.0484,-91.0659,-91.0869,-91.1107,-91.1367,-91.1644,-91.1933,-91.2230,-91.2532,-91.2760,-91.1690,-91.0100,-90.8590,-90.7330,-90.6350,-90.5637,-90.5158,-90.4878,-90.4763,-90.4786,-90.4919,-90.5141,-90.5435,-90.5784,-90.6177,-90.6602,-90.7051,-90.7517,-90.7993,-90.8475,-90.8957,-90.9437,-90.9912,-91.0378,-91.0836,-91.1282,-91.1715,-91.2105,-91.2217,-91.1974,-91.1493,-91.0911,-91.0329,-90.9806,-90.9374,-90.9042,-90.8810,-90.8672,-90.8619,-90.8640,-90.8726,-90.8867,-90.9053,-90.9279,-90.9536,-90.9819,-91.0121,-91.0440,-91.0769,-91.1107,-91.1449,-91.1794,-91.2138,-91.2481,-91.2819,-91.3152,-91.3479,-91.3798,-91.4109,-91.4411,-91.4703,-91.4986,-91.5258,-91.5521,-91.5773,-91.6014,-91.6245,-91.6467,-91.6678,-91.6880,-91.7072,-91.7255,-91.7429,-91.7594,-91.7751,-91.7901,-91.8042,-91.8177,-91.8304,-91.8425,-91.8540,-91.8648,-91.8751,-91.8848,-91.8941,-91.9028,-91.9111,-91.9190,-91.9265,-91.9336,-91.9403,-91.9467,-91.9527,-91.9585,-91.9640,-91.9692,-91.9742,-91.9790,-91.9835,-91.9878,-91.9919,-91.9959,-91.9997,-92.0033,-92.0068,-92.0101,-92.0133,-92.0146,-92.0013,-91.9677,-91.9187,-91.8610,-91.8003,-91.7410,-91.6857,-91.6361,-91.5928,-91.5562,-91.5262,-91.5025,-91.4847,-91.4722,-91.4645,-91.4612,-91.4617,-91.4656,-91.4724,-91.4800,-91.4500,-91.3794,-91.2907,-91.1986,-91.1120,-91.0356,-90.9715,-90.9205,-90.8820,-90.8554,-90.8395,-90.8329,-90.8346,-90.8434,-90.8582,-90.8781,-90.9021,-90.9295,-90.9596,-90.9919,-91.0258,-91.0609,-91.0968,-91.1331,-91.1695,-91.2059,-91.2419,-91.2775,-91.3124,-91.3466,-91.3799,-91.4120,-91.3745,-91.2504,-91.1051,-90.9718,-90.8623,-90.7784,-90.7182,-90.6787,-90.6566,-90.6490,-90.6532,-90.6671,-90.6887,-90.7164,-90.7490,-90.7854,-90.8245,-90.8657,-90.8894,-90.8366,-90.7492,-90.6561,-90.5710,-90.4999,-90.4451,-90.4066,-90.3834,-90.3739,-90.3763,-90.3888,-90.4098,-90.4379,-90.4716,-90.5099,-90.5517,-90.5963,-90.6428,-90.6906,-90.7393,-90.7883,-90.8373,-90.8860,-90.9341,-90.9813,-91.0276,-91.0727,-91.1166,-91.1592,-91.2003,-91.2400,-91.2782,-91.3150,-91.3502,-91.3839,-91.4135,-91.4222,-91.4071,-91.3756,-91.3357,-91.2933,-91.2523,-91.2152,-91.1835,-91.1579,-91.1385,-91.1251,-91.1174,-91.1145,-91.0277,-90.7351,-90.3611,-90.0139,-89.7209,-89.4594,-89.2160,-88.9989,-88.8159,-88.6700,-88.5077,-88.3182,-88.1407,-87.9915,-87.8767,-87.7967,-87.7498,-87.7325,-87.7413,-87.7725,-87.8227,-87.8886,-87.9676,-88.0572,-88.1552,-88.2598,-88.3694,-88.4827,-88.5985,-88.7157,-88.8336,-88.9513,-89.0683,-89.1839,-89.2978,-89.4095,-89.5188,-89.6253,-89.7289,-89.8293,-89.9264,-90.0202,-90.1106,-90.1975,-90.2809,-90.3609,-90.4375,-90.5106,-90.5804,-90.6470,-90.7103,-90.7706,-90.8279,-90.8823,-90.9339,-90.9828,-91.0291,-91.0730,-91.1144,-91.1537,-91.1907,-91.2258,-91.2589,-91.2888,-91.2812,-91.2230,-91.1375,-91.0446,-90.9564,-90.8794,-90.8161,-90.7668,-90.7309,-90.7070,-90.6937,-90.6895,-90.6931,-90.7033,-90.7189,-90.7390,-90.7627,-90.7894,-90.8184,-90.8492,-90.8812,-90.9143,-90.9478,-90.9817,-91.0156,-91.0494,-91.0828,-91.1157,-91.1479,-91.1795,-91.2102,-91.2401,-91.2691,-91.2971,-91.3241,-91.3502,-91.3753,-91.3994,-91.4214,-91.4006,-91.3197,-91.2140,-91.1079,-91.0125,-90.9321,-90.8677,-90.8184,-90.7829,-90.7597,-90.7454,-90.7287,-90.7026,-90.6682,-90.6301,-90.5925,-90.5587,-90.5306,-90.5086,-90.4701,-90.3958,-90.2997,-90.1999,-90.1084,-90.0315,-89.9715,-89.9284,-89.9013,-89.8886,-89.8887,-89.8998,-89.9204,-89.9490,-89.9844,-90.0253,-90.0708,-90.1199,-90.1719,-90.2260,-90.2818,-90.3386,-90.3959,-90.4535,-90.5109,-90.5678,-90.6240,-90.6793,-90.7334,-90.7863,-90.8378,-90.8877,-90.9361,-90.9829,-91.0279,-91.0713,-91.1127,-91.1242,-91.0829,-91.0101,-90.9263,-90.8450,-90.7733,-90.7147,-90.6698,-90.6381,-90.6187,-90.6100,-90.6106,-90.6191,-90.6343,-90.6550,-90.6802,-90.7091,-90.7409,-90.7749,-90.8107,-90.8477,-90.8855,-90.9237,-90.9621,-91.0004,-91.0384,-91.0759,-91.1127,-91.1487,-91.1838,-91.2180,-91.2511,-91.2832,-91.3142,-91.3440,-91.3727,-91.4002,-91.4266,-91.4519,-91.4568,-91.3584,-91.2050,-91.0293,-90.8478,-90.6638,-90.4775,-90.2965,-90.0888,-89.7970,-89.5031,-89.2411,-89.0223,-88.8483,-88.7168,-88.6237,-88.5643,-88.5339,-88.5284,-88.5440,-88.5771,-88.6250,-88.6850,-88.7550,-88.8329,-88.9173,-89.0066,-89.0997,-89.1954,-89.2930,-89.3915,-89.4903,-89.5889,-89.6866,-89.7831,-89.8780,-89.9710,-90.0501,-90.0765,-90.0614,-90.0287,-89.9944,-89.9669,-89.9502,-89.9454,-89.9521,-89.9694,-89.9959,-90.0301,-90.0707,-90.1165,-90.1664,-90.2195,-90.2749,-90.3320,-90.3900,-90.4485,-90.4787,-90.4430,-90.3638,-90.2050,-90.0133,-89.8292,-89.6699,-89.5410,-89.4429,-89.3735,-89.3296,-89.3081,-89.3058,-89.3198,-89.3474,-89.3864,-89.4346,-89.4904,-89.5522,-89.6188,-89.6889,-89.7616,-89.8361,-89.9117,-89.9877,-90.0636,-90.1390,-90.2135,-90.2868,-90.3586,-90.4288,-90.4970,-90.5567,-90.5956,-90.6139,-90.6177,-90.6135,-90.6063,-90.5996,-90.5954,-90.5951,-90.5991,-90.6076,-90.6205,-90.6373,-90.6421,-90.6101,-90.5488,-90.4751,-90.4025,-90.3295,-90.2214,-90.0887,-89.9522,-89.8267,-89.7201,-89.6360,-89.5746,-89.5347,-89.5144,-89.5112,-89.5229,-89.5472,-89.5820,-89.6256,-89.6764,-89.7329,-89.7939,-89.8585,-89.9256,-89.9945,-90.0646,-90.1352,-90.2058,-90.2755,-90.3314,-90.3612,-90.3321,-90.1126,-89.8079,-89.5042,-89.2328,-88.9739,-88.7199,-88.4899,-88.2941,-88.1358,-88.0148,-87.9290,-87.8752,-87.8497,-87.8492,-87.8702,-87.9096,-87.9646,-88.0327,-88.1115,-88.1993,-88.2941,-88.3946,-88.4995,-88.6075,-88.7177,-88.8291,-88.9411,-89.0530,-89.1641,-89.2741,-89.3824,-89.4888,-89.5928,-89.6944,-89.7931,-89.8890,-89.9818,-90.0713,-90.1457,-90.1898,-90.2070,-90.2071,-90.1992,-90.1639,-90.0130,-89.8267,-89.6537,-89.5101,-89.3993,-89.3197,-89.2679,-89.2400,-89.2324,-89.2417,-89.2650,-89.2999,-89.3442,-89.3960,-89.4539,-89.5165,-89.5827,-89.6515,-89.7222,-89.7940,-89.8664,-89.9388,-90.0108,-90.0821,-90.1508,-90.2007,-90.2222,-90.2211,-90.2071,-90.1882,-90.1700,-90.1561,-90.1482,-90.1470,-90.1526,-90.1647,-90.1827,-90.2059,-90.2337,-90.2654,-90.3004,-90.3380,-90.3778,-90.4192,-90.4619,-90.5054,-90.5495,-90.5938,-90.6381,-90.6822,-90.7259,-90.7689,-90.8112,-90.8527,-90.8931,-90.9326,-90.9709,-91.0081,-91.0440,-91.0787,-91.1122,-91.1444,-91.1754,-91.2051,-91.2333,-91.2390,-91.2030,-91.1380,-91.0605,-90.9824,-90.9063,-90.7651,-90.5792,-90.3877,-90.1370,-89.8264,-89.4441,-89.0632,-88.7300,-88.4596,-88.2519,-88.1009,-87.9992,-87.9394,-87.9147,-87.9191,-87.9476,-87.9957,-88.0600,-88.1372,-88.2248,-88.3205,-88.4226,-88.5294,-88.6396,-88.7521,-88.8658,-88.9799,-89.0937,-89.2067,-89.3182,-89.4279,-89.5354,-89.6403,-89.7425,-89.8417,-89.9379,-90.0308,-90.1204,-90.2067,-90.2895,-90.3691,-90.4452,-90.5180,-90.5876,-90.6539,-90.7172,-90.7773,-90.8345,-90.8889,-90.9404,-90.9893,-91.0357,-91.0796,-91.1211,-91.1604,-91.1976,-91.2327,-91.2659,-91.2972,-91.3268,-91.3547,-91.3811,-91.4060,-91.4294,-91.4516,-91.4725,-91.4922,-91.5109,-91.5284,-91.5451,-91.5608,-91.5756,-91.5896,-91.6029,-91.6154,-91.6273,-91.6386,-91.6492,-91.6594,-91.6690,-91.6781,-91.6868,-91.6951,-91.7030,-91.7105,-91.7176,-91.7245,-91.7310,-91.7373,-91.7356,-91.6040,-91.4204,-91.2454,-91.0958,-90.9750,-90.8814,-90.8121,-90.7633,-90.7319,-90.7149,-90.7097,-90.7142,-90.7266,-90.7453,-90.7690,-90.7967,-90.8275,-90.8607,-90.8955,-90.9315,-90.9683,-91.0054,-91.0425,-91.0795,-91.1161,-91.1520,-91.1873,-91.2217,-91.2551,-91.2807,-91.2218,-91.0964,-90.9598,-90.8381,-90.7398,-90.6654,-90.6127,-90.5790,-90.5611,-90.5563,-90.5624,-90.5774,-90.5994,-90.6272,-90.6595,-90.6876,-90.6699,-90.6129,-90.5392,-90.4652,-90.4005,-90.3494,-90.3131,-90.2913,-90.2828,-90.2858,-90.2989,-90.3205,-90.3490,-90.3833,-90.4221,-90.4569,-90.4244,-90.3499,-90.2692,-90.1983,-90.1429,-90.1043,-90.0818,-90.0738,-90.0786,-90.0944,-90.1194,-90.1522,-90.1912,-90.2353,-90.2835,-90.3347,-90.3882,-90.4433,-90.4971,-90.5398,-90.5660,-90.5785,-90.5822,-90.5821,-90.5814,-90.5825,-90.5867,-90.5945,-90.6062,-90.6218,-90.6411,-90.6636,-90.6877,-90.6724,-90.6067,-90.5179,-90.4264,-90.3441,-90.2766,-90.2257,-90.1914,-90.1724,-90.1567,-90.1120,-90.0411,-89.9620,-89.8883,-89.8278,-89.7837,-89.7562,-89.7446,-89.7472,-89.7622,-89.7879,-89.8223,-89.8402,-89.8163,-89.7685,-89.7102,-89.6262,-89.5225,-89.4158,-89.3182,-89.2369,-89.1752,-89.1338,-89.1119,-89.1081,-89.1203,-89.1467,-89.1852,-89.2339,-89.2912,-89.3555,-89.4254,-89.4998,-89.5775,-89.6578,-89.7397,-89.8226,-89.9059,-89.9890,-90.0715,-90.1531,-90.2332,-90.3118,-90.3886,-90.4633,-90.5358,-90.6061,-90.6739,-90.7393,-90.8006,-90.8402,-90.8514,-90.8422,-90.8206,-90.7842,-90.7301,-90.6639,-90.5931,-90.5240,-90.4610,-90.4065,-90.3618,-90.3275,-90.3032,-90.2886,-90.2828,-90.2853,-90.2950,-90.3111,-90.3329,-90.3595,-90.3904,-90.4247,-90.4620,-90.5017,-90.5432,-90.5862,-90.6302,-90.6526,-90.6169,-90.5466,-90.4656,-90.3887,-90.3235,-90.2733,-90.2385,-90.2184,-90.2116,-90.2164,-90.2310,-90.2539,-90.2835,-90.2995,-90.2797,-90.2352,-90.1816,-90.1302,-90.0876,-90.0567,-90.0386,-90.0329,-90.0384,-90.0518,-90.0278,-89.9565,-89.8657,-89.7765,-89.7004,-89.6424,-89.6037,-89.5833,-89.5794,-89.5872,-89.5627,-89.4985,-89.4185,-89.3407,-89.2751,-89.2265,-89.1959,-89.1828,-89.1855,-89.2023,-89.2311,-89.2701,-89.3176,-89.3721,-89.4272,-89.4627,-89.4769,-89.4779,-89.4734,-89.4689,-89.4680,-89.4727,-89.4841,-89.5024,-89.5276,-89.5592,-89.5965,-89.6390,-89.6858,-89.7364,-89.7900,-89.8460,-89.9039,-89.9632,-90.0234,-90.0840,-90.1448,-90.2054,-90.2655,-90.3249,-90.3834,-90.4408,-90.4969,-90.5517,-90.6050,-90.6567,-90.7068,-90.7553,-90.8021,-90.8469,-90.8895,-90.9298,-90.9680,-91.0042,-91.0383,-91.0705,-91.1009,-91.1295,-91.1562,-91.1699,-91.1580,-91.1247,-91.0777,-91.0241,-90.9692,-90.9167,-90.8688,-90.8270,-90.7919,-90.7635,-90.7416,-90.7260,-90.7159,-90.7110,-90.7106,-90.7143,-90.7214,-90.7291,-90.6066,-90.4205,-90.2418,-90.0910,-89.9727,-89.8850,-89.8241,-89.7861,-89.7670,-89.7627,-89.7453,-89.6915,-89.6160,-89.5364,-89.4644,-89.4060,-89.3634,-89.3360,-89.2959,-89.2262,-89.1415,-89.0564,-88.9749,-88.8749,-88.7622,-88.6509,-88.5506,-88.4667,-88.4015,-88.3556,-88.3281,-88.3177,-88.3227,-88.3414,-88.3720,-88.4128,-88.4623,-88.5190,-88.5818,-88.6494,-88.7208,-88.7951,-88.8716,-88.9496,-89.0284,-89.1075,-89.1865,-89.2649,-89.3424,-89.4187,-89.4935,-89.5667,-89.6381,-89.7074,-89.7747,-89.8398,-89.9026,-89.9631,-90.0069,-90.0009,-89.9549,-89.8915,-89.8272,-89.7704,-89.7249,-89.6917,-89.6701,-89.6592,-89.6577,-89.6641,-89.6774,-89.6964,-89.7202,-89.7478,-89.7785,-89.8118,-89.8470,-89.8837,-89.9214,-89.9598,-89.9986,-90.0375,-90.0763,-90.1147,-90.1526,-90.1899,-90.2264,-90.2620,-90.2967,-90.3304,-90.3629,-90.3944,-90.4247,-90.4539,-90.4819,-90.5087,-90.5344,-90.5589,-90.5823,-90.6046,-90.6258,-90.6460,-90.6651,-90.6832,-90.7004,-90.7166,-90.7319,-90.7464,-90.7601,-90.7730,-90.7851,-90.7966,-90.8073,-90.8174,-90.8269,-90.8357,-90.8441,-90.8519,-90.8542,-90.8110,-90.7206,-90.6077,-90.4910,-90.3813,-90.2839,-90.2008,-90.1321,-90.0772,-90.0347,-90.0034,-89.9818,-89.9687,-89.9628,-89.9630,-89.9685,-89.9784,-89.9919,-90.0084,-90.0274,-90.0484,-90.0710,-90.0947,-90.1193,-90.1437,-90.0524,-89.8919,-89.7304,-89.5895,-89.4753,-89.3877,-89.3244,-89.2820,-89.2574,-89.2438,-89.2218,-89.1845,-89.1373,-89.0879,-89.0423,-89.0042,-88.9755,-88.9568,-88.9480,-88.9481,-88.9375,-88.8938,-88.8275,-88.7538,-88.6840,-88.6246,-88.5786,-88.5471,-88.5297,-88.5252,-88.5325,-88.5499,-88.5762,-88.6099,-88.6499,-88.6950,-88.7443,-88.7970,-88.8523,-88.9096,-88.9682,-89.0277,-89.0877,-89.1478,-89.2076,-89.2669,-89.3255,-89.3830,-89.4395,-89.4946,-89.5484,-89.6006,-89.6513,-89.7004,-89.6898,-89.5497,-89.3909,-89.2503,-89.1375,-89.0528,-88.9937,-88.9564,-88.9123,-88.8076,-88.6836,-88.5643,-88.4605,-88.3766,-88.3136,-88.2705,-88.2457,-88.2372,-88.2427,-88.2602,-88.2878,-88.3238,-88.3666,-88.4151,-88.4679,-88.5242,-88.5831,-88.6438,-88.7059,-88.7686,-88.8316,-88.8944,-88.9569,-89.0186,-89.0674,-89.0463,-88.9746,-88.8866,-88.8029,-88.7333,-88.6813,-88.6468,-88.6284,-88.6241,-88.6319,-88.6497,-88.6758,-88.7086,-88.7467,-88.7892,-88.8349,-88.8831,-88.9332,-88.9844,-89.0364,-89.0887,-89.1410,-89.1929,-89.2443,-89.2861,-89.2800,-89.2406,-89.1894,-89.1320,-89.0334,-88.8966,-88.7466,-88.6018,-88.4726,-88.3634,-88.2736,-88.1719,-88.0566,-87.9422,-87.8379,-87.7488,-87.6772,-87.6237,-87.5877,-87.5682,-87.5638,-87.5728,-87.5937,-87.6249,-87.6651,-87.7127,-87.7545,-87.7162,-87.6398,-87.5605,-87.4938,-87.4458,-87.4179,-87.4093,-87.4180,-87.4420,-87.4788,-87.5265,-87.5830,-87.6467,-87.7152,-87.7584,-87.7553,-87.7251,-87.6872,-87.6532,-87.6294,-87.6182,-87.6200,-87.6343,-87.6599,-87.6953,-87.7393,-87.7904,-87.8473,-87.9090,-87.9744,-88.0428,-88.1132,-88.1852,-88.2245,-88.1817,-88.1102,-88.0384,-87.9785,-87.9353,-87.9098,-87.9011,-87.9075,-87.9270,-87.9577,-87.9976,-88.0450,-88.0985,-88.1569,-88.2189,-88.2836,-88.3503,-88.4182,-88.4868,-88.5556,-88.6241,-88.6855,-88.7215,-88.7322,-88.7263,-88.7117,-88.6945,-88.6784,-88.6659,-88.6584,-88.6565,-88.6517,-88.6265,-88.5814,-88.5252,-88.4668,-88.4125,-88.3664,-88.3304,-88.3052,-88.2908,-88.2865,-88.2915,-88.3048,-88.3255,-88.3525,-88.3850,-88.4222,-88.4632,-88.5075,-88.5543,-88.6032,-88.6537,-88.7053,-88.7577,-88.8106,-88.8636,-88.9164,-88.9689,-89.0209,-89.0722,-89.1226,-89.1721,-89.2204,-89.2676,-89.3135,-89.3582,-89.4015,-89.4434,-89.4840,-89.5232,-89.5609,-89.5973,-89.6323,-89.6659,-89.6982,-89.7292,-89.7589,-89.7873,-89.8145,-89.8406,-89.8655,-89.8892,-89.9107,-89.9100,-89.8731,-89.8094,-89.7329,-89.6546,-89.5813,-89.5167,-89.4624,-89.4187,-89.3849,-89.3605,-89.3443,-89.3279,-89.2603,-89.1536,-89.0229,-88.8455,-88.6405,-88.4356,-88.2485,-88.0877,-87.9562,-87.8537,-87.7783,-87.7273,-87.6976,-87.6864,-87.6911,-87.7093,-87.7388,-87.7777,-87.8244,-87.8776,-87.9359,-87.9984,-88.0642,-88.1323,-88.2022,-88.2732,-88.3449,-88.4168,-88.4885,-88.5596,-88.6300,-88.6993,-88.7674,-88.8340,-88.8991,-88.9625,-89.0242,-89.0840,-89.1419,-89.1980,-89.2521,-89.3042,-89.3544,-89.4027,-89.4491,-89.4936,-89.5363,-89.5771,-89.6163,-89.6537,-89.6894,-89.7236,-89.7561,-89.7872,-89.8169,-89.8452,-89.8721,-89.8977,-89.9222,-89.9454,-89.9676,-89.9887,-90.0088,-90.0279,-90.0461,-90.0634,-90.0799,-90.0956,-90.1105,-90.0902,-90.0004,-89.8765,-89.7454,-89.6221,-89.5136,-89.4227,-89.3494,-89.2925,-89.2503,-89.2208,-89.2025,-89.1935,-89.1925,-89.1981,-89.2094,-89.2253,-89.2450,-89.2678,-89.2932,-89.3205,-89.3494,-89.3795,-89.4104,-89.4418,-89.4736,-89.5054,-89.5372,-89.5687,-89.5999,-89.6306,-89.6607,-89.6902,-89.7191,-89.7471,-89.7744,-89.8009,-89.8266,-89.8514,-89.8754,-89.8986,-89.9210,-89.9425,-89.9632,-89.9832,-90.0023,-90.0207,-90.0384,-90.0554,-90.0716,-90.0873,-90.1022,-90.1166,-90.1303,-90.1435,-90.1562,-90.1683,-90.1800,-90.1911,-90.2018,-90.2121,-90.2090,-90.1669,-90.0928,-90.0019,-89.9069,-89.8164,-89.7349,-89.6646,-89.6062,-89.5594,-89.5118,-89.4401,-89.3468,-89.2443,-89.1440,-89.0531,-88.9685,-88.8743,-88.7697,-88.6633,-88.5634,-88.4752,-88.4013,-88.3427,-88.2989,-88.2673,-88.2331,-88.1880,-88.1364,-88.0846,-88.0377,-87.9986,-87.9692,-87.9460,-87.9179,-87.8817,-87.8413,-87.8016,-87.7665,-87.7387,-87.7195,-87.7096,-87.7089,-87.7172,-87.7339,-87.7583,-87.7896,-87.8270,-87.8639,-87.8905,-87.9046,-87.9093,-87.8849,-87.8217,-87.7392,-87.6517,-87.5685,-87.4948,-87.4338,-87.3868,-87.3539,-87.3257,-87.2819,-87.2272,-87.1707,-87.1191,-87.0763,-87.0445,-87.0247,-87.0158,-86.9951,-86.9270,-86.7546,-86.5188,-86.2362,-85.8878,-85.4647,-85.0360,-84.6028,-84.1526,-83.6874,-83.1429,-82.5279,-81.9481,-81.4515,-81.0521,-80.7477,-80.5290,-80.3852,-80.3050,-80.2715,-80.2664,-80.2730,-80.2575,-80.2260,-80.1864,-80.1258,-80.0576,-79.9996,-79.9633,-79.9547,-79.9755,-80.0247,-80.0929,-80.1577,-80.2178,-80.2796,-80.3492,-80.4305,-80.5254,-80.6345,-80.7473,-80.8329,-80.8939,-80.9450,-80.9984,-81.0435,-81.0459,-81.0264,-81.0091,-81.0085,-81.0317,-81.0807,-81.1546,-81.2512,-81.3677,-81.5013,-81.6475,-81.7670,-81.8285,-81.8472,-81.8468,-81.8455,-81.8546,-81.8803,-81.9250,-81.9890,-82.0714,-82.1705,-82.2846,-82.4116,-82.5466,-82.6732,-82.7857,-82.8884,-82.9870,-83.0858,-83.1877,-83.2944,-83.4060,-83.5142,-83.6103,-83.6947,-83.7720,-83.8465,-83.9217,-83.9972,-84.0409,-84.0542,-84.0580,-84.0643,-84.0725,-84.0505,-83.9965,-83.9287,-83.8633,-83.8104,-83.7758,-83.7615,-83.7678,-83.7935,-83.8370,-83.8964,-83.9663,-84.0202,-84.0474,-84.0592,-84.0688,-84.0844,-84.0859,-84.0518,-83.9511,-83.8001,-83.6338,-83.4748,-83.3361,-83.2240,-83.1413,-83.0866,-83.0197,-82.8610,-82.6301,-82.3649,-82.1002,-81.8488,-81.6142,-81.4023,-81.2185,-81.0662,-80.9291,-80.7362,-80.4892,-80.2255,-79.9804,-79.7737,-79.6129,-79.4990,-79.4294,-79.4000,-79.4064,-79.4440,-79.5068,-79.5052,-79.4543,-79.4130,-79.4012,-79.4222,-79.3973,-79.2556,-79.0822,-78.9212,-78.7913,-78.6992,-78.6463,-78.6274,-78.5758,-78.4970,-78.4283,-78.3878,-78.3819,-78.4110,-78.4714,-78.5205,-78.5407,-78.5372,-78.4887,-78.3717,-78.2049,-77.9641,-77.6267,-77.2954,-77.0065,-76.7715,-76.5617,-76.3250,-76.0841,-75.7503,-75.3631,-74.9650,-74.5968,-74.2828,-74.0329,-73.8480,-73.7244,-73.6564,-73.6373,-73.6608,-73.7209,-73.8124,-73.9293,-74.0499,-74.1606,-74.2431,-74.2815,-74.2766,-74.1775,-73.9940,-73.7697,-73.5442,-73.3440,-73.1804,-73.0546,-72.9634,-72.9021,-72.8666,-72.8535,-72.8599,-72.8730,-72.8347,-72.7516,-72.6407,-72.5203,-72.3379,-72.0510,-71.7268,-71.4088,-71.0798,-70.7572,-70.4525,-70.1573,-69.8798,-69.6288,-69.3983,-69.1929,-68.9928,-68.7937,-68.6121,-68.4566,-68.3045,-68.1483,-68.0045,-67.8833,-67.7890,-67.7087,-67.5915,-67.4340,-67.2623,-67.0984,-66.9411,-66.7756,-66.6176,-66.4792,-66.3659,-66.2798,-66.2205,-66.1868,-66.1769,-66.1889,-66.2208,-66.2680,-66.3154,-66.3610,-66.4091,-66.4627,-66.5235,-66.5897,-66.6474,-66.6889,-66.6722,-66.5910,-66.4907,-66.3952,-66.3171,-66.2625,-66.2337,-66.2307,-66.2524,-66.2972,-66.3629,-66.4476,-66.5493,-66.6654,-66.7391,-66.7437,-66.6963,-66.6153,-66.5212,-66.4296,-66.3503,-66.2856,-66.2228,-66.1595,-66.0998,-66.0485,-66.0098,-65.9866,-65.9704,-65.9245,-65.8535,-65.7793,-65.7184,-65.6802,-65.6686,-65.6846,-65.7272,-65.7946,-65.8848,-65.9956,-66.1249,-66.2705,-66.3799,-66.4310,-66.4405,-66.4283,-66.3757,-66.2902,-66.1976,-66.1178,-66.0624,-66.0367,-66.0422,-66.0783,-66.1432,-66.2314,-66.3270,-66.4214,-66.5148,-66.6104,-66.7108,-66.8185,-66.9352,-67.0298,-67.0644,-67.0751,-67.0866,-67.1122,-67.1580,-67.2262,-67.3169,-67.4288,-67.5536,-67.6583,-67.7017,-67.6135,-67.4414,-67.2375,-67.0351,-66.8529,-66.7000,-66.5758,-66.4527,-66.3250,-66.2069,-66.1101,-66.0408,-66.0013,-65.9915,-66.0102,-66.0559,-66.0873,-66.0785,-66.0538,-66.0011,-65.9205,-65.7684,-65.5749,-65.3792,-65.2011,-65.0501,-64.9307,-64.8440,-64.7895,-64.7658,-64.7711,-64.8031,-64.8408,-64.8548,-64.8519,-64.8327,-64.7914,-64.7395,-64.6919,-64.6600,-64.6247,-64.5482,-64.4699,-64.4115,-64.3832,-64.3888,-64.4290,-64.5026,-64.6075,-64.7413,-64.9011,-65.0844,-65.2868,-65.4969,-65.7065,-65.9147,-66.1233,-66.3347,-66.5505,-66.7722,-66.9970,-67.2161,-67.4248,-67.6235,-67.8148,-67.9818,-68.0930,-68.1593,-68.1858,-68.1830,-68.1502,-68.0862,-68.0117,-67.9420,-67.8864,-67.8505,-67.8344,-67.8214,-67.8081,-67.8002,-67.8026,-67.8184,-67.8069,-67.7453,-67.6391,-67.4939,-67.3283,-67.1615,-67.0078,-66.8762,-66.7714,-66.6954,-66.6481,-66.6286,-66.6352,-66.6661,-66.7168,-66.7581,-66.7746,-66.7752,-66.7707,-66.7503,-66.6743,-66.5179,-66.2357,-65.8693,-65.4683,-65.0655,-64.6758,-64.2907,-63.9115,-63.5476,-63.2077,-62.8977,-62.6211,-62.3793,-62.1559,-61.8871,-61.5720,-61.2418,-60.9209,-60.6243,-60.3424,-60.0089,-59.6713,-59.3615,-59.0930,-58.8713,-58.6983,-58.5739,-58.4887,-58.4275,-58.3867,-58.3670,-58.3706,-58.3762,-58.3605,-58.3335,-58.2950,-58.2215,-58.1200,-58.0115,-57.9054,-57.7985,-57.7001,-57.6118,-57.4244,-57.0869,-56.6767,-56.2215,-55.6573,-55.0430,-54.4085,-53.7646,-53.1132,-52.4508,-51.7692,-51.0516,-50.2663,-49.3684,-48.2741,-46.7856,-44.5442,-40.3769,-24.3537,19.4006,-31.4875,-48.1095,-57.7971,-64.1782,-67.5961,-69.2799,-70.2229,-70.8622,-71.3400,-71.7309,-72.0456,-72.2680,-72.4168,-72.5208,-72.6051,-72.6871,-72.7776,-72.8823,-73.0036,-73.1420,-73.2970,-73.4676,-73.6522,-73.8338,-73.9932,-74.1321,-74.2591,-74.3822,-74.5071,-74.6329,-74.7423,-74.8358,-74.9217,-75.0072,-75.0974,-75.1962,-75.3063,-75.4295,-75.5671,-75.7196,-75.8872,-76.0699,-76.2670,-76.4778,-76.7011,-76.9290,-77.0860,-77.1655,-77.2028,-77.2277,-77.2595,-77.3088,-77.3798,-77.4736,-77.5893,-77.7239,-77.8426,-77.9111,-77.9110,-77.8428,-77.7284,-77.6060,-77.5028,-77.4323,-77.3592,-77.1718,-76.9587,-76.7653,-76.5926,-76.4413,-76.3195,-76.2312,-76.1775,-76.1574,-76.1515,-76.1184,-76.0322,-75.9115,-75.7809,-75.6579,-75.5533,-75.4727,-75.4177,-75.3900,-75.3865,-75.3968,-75.4156,-75.4431,-75.4813,-75.5317,-75.5955,-75.6731,-75.7644,-75.8694,-75.9873,-76.1175,-76.2594,-76.4119,-76.5744,-76.7356,-76.8576,-76.9116,-76.9045,-76.8622,-76.8088,-76.7611,-76.7296,-76.7199,-76.7312,-76.7388,-76.6976,-76.6063,-76.4952,-76.3895,-76.3041,-76.2463,-76.2144,-76.0933,-75.9456,-75.8261,-75.7494,-75.7171,-75.7260,-75.7714,-75.8484,-75.9526,-76.0799,-76.2271,-76.3910,-76.5533,-76.6824,-76.7862,-76.8829,-76.9789,-77.0468,-77.0811,-77.0936,-77.0849,-77.0489,-76.9973,-76.9362,-76.7950,-76.5688,-76.3427,-76.1451,-75.9857,-75.8665,-75.7864,-75.7432,-75.7337,-75.7551,-75.8044,-75.8787,-75.9756,-76.0928,-76.2215,-76.2920,-76.3320,-76.3738,-76.4317,-76.5109,-76.6124,-76.7353,-76.8776,-77.0370,-77.2112,-77.3983,-77.5961,-77.8031,-78.0176,-78.2384,-78.4643,-78.6944,-78.9277,-79.1636,-79.4013,-79.6403,-79.8801,-80.1202,-80.3603,-80.5942,-80.7779,-80.9123,-80.9985,-81.0463,-81.0780,-81.1093,-81.1495,-81.2034,-81.2727,-81.3579,-81.4581,-81.5721,-81.6983,-81.8354,-81.9817,-82.1358,-82.2966,-82.4627,-82.6331,-82.8070,-82.9834,-83.1616,-83.3409,-83.5208,-83.7007,-83.8801,-84.0585,-84.2357,-84.4113,-84.5850,-84.7564,-84.9198,-85.0347,-85.0937,-85.0868,-85.0237,-84.9415,-84.8660,-84.8069,-84.7479,-84.6796,-84.6105,-84.5507,-84.5070,-84.4751,-84.4345,-84.3867,-84.3407,-84.3038,-84.2804,-84.2728,-84.2814,-84.3060,-84.3456,-84.3966,-84.4211,-84.4015,-84.3464,-84.2426,-84.0986,-83.9397,-83.7864,-83.6372,-83.4080,-83.1313,-82.8000,-82.3982,-81.9622,-81.5132,-81.0678,-80.6546,-80.2936,-79.9919,-79.7351,-79.4976,-79.2759,-79.0780,-78.9117,-78.7818,-78.6899,-78.6355,-78.6166,-78.6302,-78.6733,-78.7425,-78.8347,-78.9471,-79.0769,-79.2217,-79.3794,-79.5483,-79.6961,-79.7757,-79.8334,-79.8937,-79.9618,-80.0326,-80.1049,-80.1815,-80.2656,-80.3597,-80.4571,-80.5307,-80.5682,-80.4699,-80.2635,-80.0010,-79.7252,-79.4474,-79.1609,-78.8882,-78.6480,-78.4018,-78.1323,-77.8839,-77.6800,-77.5290,-77.3917,-77.2440,-77.1199,-77.0329,-76.9872,-76.9820,-77.0114,-77.0343,-77.0340,-77.0304,-77.0415,-77.0770,-77.1405,-77.2315,-77.3480,-77.4869,-77.6453,-77.8199,-77.9822,-78.1089,-78.2126,-78.3081,-78.4066,-78.5150,-78.6369,-78.7737,-78.9255,-79.0913,-79.2698,-79.4595,-79.6588,-79.8661,-80.0800,-80.2993,-80.5227,-80.7336,-80.8991,-81.0284,-81.1377,-81.2402,-81.3447,-81.4563,-81.5777,-81.7100,-81.8529,-82.0057,-82.1674,-82.3366,-82.5121,-82.6927,-82.8772,-83.0646,-83.2090,-83.2818,-83.3272,-83.3696,-83.4208,-83.4855,-83.5652,-83.6593,-83.7663,-83.8847,-84.0125,-84.1481,-84.2899,-84.4272,-84.5297,-84.6072,-84.6725,-84.7342,-84.7973,-84.8649,-84.9384,-85.0186,-85.1054,-85.1985,-85.2820,-85.3125,-85.2962,-85.2370,-85.1191,-84.9495,-84.6632,-84.2829,-83.8415,-83.3773,-82.9347,-82.5225,-82.0892,-81.6820,-81.3288,-81.0386,-80.8114,-80.6430,-80.4682,-80.2489,-80.0533,-79.9052,-79.8088,-79.7610,-79.7560,-79.7777,-79.7273,-79.5690,-79.3606,-79.1527,-78.9728,-78.8327,-78.7351,-78.6785,-78.6595,-78.6740,-78.7182,-78.7881,-78.8807,-78.9929,-79.1222,-79.2664,-79.4233,-79.5913,-79.7689,-79.9546,-80.1471,-80.3455,-80.5488,-80.7560,-80.9030,-80.8958,-80.7653,-80.5503,-80.2984,-80.0444,-79.7923,-79.5244,-79.1732,-78.7678,-78.3704,-78.0172,-77.7248,-77.4978,-77.3244,-77.1586,-76.9931,-76.8426,-76.7169,-76.6217,-76.5593,-76.5300,-76.5321,-76.5425,-76.5343,-76.5116,-76.4865,-76.4693,-76.4559,-76.4381,-76.4213,-76.4134,-76.4201,-76.4451,-76.4899,-76.5553,-76.6407,-76.7451,-76.8674,-77.0060,-77.1594,-77.3260,-77.5042,-77.6755,-77.7725,-77.8302,-77.8893,-77.9672,-78.0684,-78.1924,-78.3366,-78.4983,-78.6747,-78.8634,-79.0623,-79.2696,-79.4838,-79.7036,-79.9238,-80.1103,-80.2507,-80.3582,-80.4482,-80.5329,-80.6208,-80.7171,-80.8245,-80.9443,-81.0766,-81.2208,-81.3759,-81.5407,-81.7139,-81.8943,-82.0805,-82.2715,-82.4660,-82.6631,-82.8620,-83.0618,-83.2619,-83.4617,-83.6606,-83.8521,-83.9892,-84.0734,-84.1299,-84.1777,-84.2282,-84.2872,-84.3572,-84.4385,-84.5306,-84.6322,-84.7420,-84.8585,-84.9804,-85.1067,-85.2361,-85.3678,-85.5010,-85.6350,-85.7691,-85.9029,-86.0359,-86.1677,-86.2980,-86.4266,-86.5531,-86.6773,-86.7991,-86.9165,-87.0174,-87.0960,-87.1550,-87.2000,-87.2365,-87.2689,-87.3004,-87.3332,-87.3684,-87.4068,-87.4486,-87.4939,-87.5424,-87.5940,-87.6481,-87.7046,-87.7629,-87.8228,-87.8840,-87.9461,-88.0088,-88.0719,-88.1351,-88.1983,-88.2612,-88.3236,-88.3856,-88.4468,-88.5071,-88.5666,-88.6250,-88.6823,-88.7385,-88.7934,-88.8471,-88.8995,-88.9506,-89.0003,-89.0487,-89.0957,-89.1414,-89.1858,-89.2264,-89.2297,-89.1857,-89.1169,-89.0418,-88.9711,-88.9101,-88.8607,-88.8234,-88.7977,-88.7825,-88.7768,-88.7793,-88.7889,-88.8046,-88.8256,-88.8510,-88.8800,-88.9120,-88.9466,-88.9831,-89.0166,-89.0084,-88.9559,-88.8816,-88.8025,-88.7288,-88.6657,-88.6152,-88.5779,-88.5532,-88.5400,-88.5372,-88.5435,-88.5578,-88.5788,-88.6057,-88.6374,-88.6732,-88.7124,-88.7543,-88.7983,-88.8441,-88.8809,-88.8764,-88.8330,-88.7691,-88.6749,-88.5239,-88.3452,-88.1659,-88.0025,-87.8631,-87.7505,-87.6643,-87.6028,-87.5634,-87.5436,-87.5406,-87.5522,-87.5760,-87.6104,-87.6534,-87.7038,-87.7603,-87.8217,-87.8871,-87.9557,-88.0267,-88.0996,-88.1738,-88.2487,-88.3240,-88.3994,-88.4744,-88.5488,-88.6223,-88.6949,-88.7662,-88.8361,-88.9046,-88.9714,-89.0366,-89.1000,-89.1617,-89.2215,-89.2795,-89.3356,-89.3899,-89.4423,-89.4930,-89.5418,-89.5888,-89.6341,-89.6777,-89.7197,-89.7600,-89.7988,-89.8361,-89.8719,-89.9063,-89.9393,-89.9710,-90.0015,-90.0307,-90.0588,-90.0858,-90.1117,-90.1367,-90.1606,-90.1836,-90.2058,-90.2271,-90.2465,-90.2111,-90.1173,-90.0021,-89.8869,-89.7826,-89.6936,-89.6213,-89.5651,-89.5239,-89.4961,-89.4798,-89.4737,-89.4760,-89.4855,-89.5011,-89.5216,-89.5463,-89.5743,-89.6049,-89.6377,-89.6684,-89.6247,-89.5105,-89.3821,-89.2675,-89.1758,-89.1082,-89.0624,-89.0358,-89.0022,-88.9098,-88.7979,-88.6934,-88.6071,-88.5417,-88.4969,-88.4710,-88.4620,-88.4677,-88.4859,-88.5147,-88.5525,-88.5976,-88.6489,-88.7050,-88.7650,-88.8280,-88.8932,-88.9600,-89.0278,-89.0961,-89.1645,-89.2326,-89.3002,-89.3669,-89.4326,-89.4971,-89.5601,-89.6216,-89.6816,-89.7398,-89.7963,-89.8510,-89.9040,-89.9551,-90.0043,-90.0518,-90.0975,-90.1414,-90.1836,-90.2241,-90.2629,-90.3001,-90.3358,-90.3699,-90.4026,-90.4338,-90.4637,-90.4923,-90.5196,-90.5458,-90.5707,-90.5946,-90.6174,-90.6392,-90.6601,-90.6800,-90.6991,-90.7174,-90.7349,-90.7516,-90.7658,-90.7517,-90.6992,-90.6197,-90.5063,-90.3589,-90.1948,-90.0310,-89.8794,-89.7462,-89.6250,-89.4966,-89.3620,-89.2312,-89.1016,-88.9537,-88.7962,-88.6438,-88.5069,-88.3912,-88.2989,-88.2299,-88.1828,-88.1557,-88.1465,-88.1436,-88.1267,-88.0961,-88.0609,-88.0290,-88.0059,-87.9942,-87.9950,-88.0081,-88.0162,-87.9761,-87.9014,-87.8193,-87.7317,-87.6333,-87.5340,-87.4435,-87.3684,-87.3120,-87.2752,-87.2577,-87.2585,-87.2758,-87.3080,-87.3532,-87.4098,-87.4761,-87.5505,-87.6319,-87.7188,-87.8103,-87.9053,-88.0029,-88.1025,-88.2032,-88.3045,-88.4059,-88.5068,-88.6069,-88.7058,-88.8032,-88.8886,-88.9390,-88.9563,-88.9536,-88.9431,-88.9332,-88.9286,-88.9316,-88.9430,-88.9626,-88.9897,-89.0235,-89.0631,-89.1075,-89.1560,-89.2076,-89.2618,-89.3179,-89.3754,-89.4338,-89.4927,-89.5518,-89.6108,-89.6693,-89.7273,-89.7844,-89.8405,-89.8923,-89.9116,-89.8925,-89.8496,-89.7974,-89.7456,-89.7002,-89.6641,-89.6383,-89.6229,-89.6172,-89.6202,-89.6311,-89.6486,-89.6719,-89.7000,-89.7321,-89.7675,-89.8055,-89.8456,-89.8873,-89.9302,-89.9731,-90.0059,-90.0197,-90.0161,-90.0009,-89.9795,-89.9568,-89.9359,-89.9188,-89.9068,-89.9004,-89.8996,-89.9043,-89.9141,-89.9286,-89.9472,-89.9695,-89.9839,-89.9562,-89.9022,-89.8388,-89.7666,-89.6599,-89.5254,-89.3825,-89.2468,-89.1276,-89.0293,-88.9529,-88.8978,-88.8623,-88.8444,-88.8419,-88.8460,-88.7796,-88.6584,-88.5347,-88.4327,-88.3594,-88.3141,-88.2733,-88.2157,-88.1486,-88.0837,-88.0295,-87.9909,-87.9699,-87.9664,-87.9794,-88.0074,-88.0484,-88.1007,-88.1624,-88.2320,-88.3079,-88.3888,-88.4737,-88.5616,-88.6514,-88.7426,-88.8345,-88.9265,-89.0180,-89.1088,-89.1984,-89.2866,-89.3731,-89.4576,-89.5400,-89.6203,-89.6981,-89.7735,-89.8465,-89.9137,-89.9352,-89.9145,-89.8731,-89.8253,-89.7795,-89.7403,-89.7102,-89.6899,-89.6793,-89.6778,-89.6845,-89.6985,-89.7189,-89.7446,-89.7748,-89.7547,-89.6208,-89.4741,-89.3471,-89.2483,-89.1779,-89.1331,-89.1105,-89.1065,-89.1179,-89.1419,-89.1761,-89.2184,-89.2671,-89.3209,-89.3784,-89.4388,-89.5012,-89.5648,-89.6291,-89.6935,-89.7578,-89.8214,-89.8842,-89.9459,-90.0064,-90.0654,-90.1228,-90.1607,-90.0952,-89.9839,-89.8695,-89.7701,-89.6921,-89.6365,-89.6015,-89.5847,-89.5834,-89.5947,-89.6166,-89.6468,-89.6837,-89.7258,-89.7719,-89.8210,-89.8723,-89.9251,-89.9787,-90.0327,-90.0493,-89.9269,-89.7768,-89.6433,-89.5380,-89.4621,-89.4127,-89.3862,-89.3749,-89.3480,-89.3002,-89.2122,-89.0808,-88.9325,-88.7901,-88.6663,-88.5664,-88.4916,-88.4408,-88.4119,-88.4025,-88.4095,-88.4184,-88.4125,-88.3938,-88.3705,-88.3498,-88.3368,-88.3087,-88.2416,-88.1557,-88.0710,-87.9997,-87.9480,-87.9176,-87.9081,-87.9179,-87.9447,-87.9862,-88.0402,-88.1046,-88.1776,-88.2356,-88.2282,-88.1825,-88.0180,-87.7957,-87.5879,-87.4005,-87.2355,-87.0975,-86.9897,-86.9130,-86.8663,-86.8475,-86.8536,-86.8816,-86.9285,-86.9915,-87.0680,-87.1115,-87.0977,-87.0683,-87.0434,-87.0322,-87.0383,-87.0625,-87.1038,-87.1606,-87.2309,-87.3128,-87.4042,-87.5034,-87.6088,-87.7188,-87.8323,-87.9481,-88.0654,-88.1833,-88.3011,-88.4181,-88.5340,-88.6483,-88.7606,-88.8705,-88.9779,-89.0825,-89.1842,-89.2828,-89.3783,-89.4705,-89.5016,-89.4016,-89.2815,-89.1781,-89.1009,-89.0505,-89.0243,-89.0185,-89.0298,-89.0548,-89.0908,-89.1354,-89.1869,-89.2434,-89.3038,-89.3670,-89.4319,-89.4577,-89.3858,-89.2743,-89.0632,-88.8095,-88.5793,-88.3930,-88.2532,-88.1563,-88.0967,-88.0684,-88.0662,-88.0853,-88.1218,-88.1723,-88.2341,-88.3048,-88.3824,-88.4653,-88.5521,-88.6418,-88.7332,-88.8256,-88.9184,-89.0109,-89.1026,-89.1931,-89.2822,-89.3695,-89.4548,-89.5379,-89.6036,-89.5360,-89.4222,-89.3126,-89.2235,-89.1590,-89.1185,-89.0993,-89.0443,-88.8874,-88.7271,-88.5942,-88.4955,-88.4302,-88.3945,-88.3840,-88.3945,-88.4223,-88.4641,-88.5172,-88.5792,-88.6481,-88.7223,-88.8005,-88.8815,-88.9643,-89.0345,-89.0533,-89.0328,-88.9960,-88.9583,-88.9281,-88.9092,-88.9029,-88.9088,-88.9260,-88.9532,-88.9889,-89.0319,-89.0807,-89.1344,-89.1918,-89.2522,-89.3148,-89.3788,-89.4438,-89.5093,-89.5747,-89.6399,-89.7044,-89.7681,-89.8307,-89.8920,-89.9519,-90.0102,-90.0669,-90.1220,-90.1752,-90.2267,-90.2764,-90.3243,-90.3704,-90.4147,-90.4572,-90.4980,-90.5370,-90.5744,-90.6102,-90.6445,-90.6772,-90.7084,-90.7382,-90.7667,-90.7939,-90.8198,-90.8444,-90.8601,-90.8488,-90.8111,-90.7563,-90.6940,-90.6315,-90.5734,-90.5222,-90.4792,-90.4447,-90.4185,-90.4002,-90.3889,-90.3840,-90.3847,-90.3904,-90.4004,-90.4141,-90.4309,-90.4503,-90.4720,-90.4955,-90.5204,-90.5464,-90.5734,-90.6009,-90.6289,-90.6571,-90.6853,-90.7134,-90.7414,-90.7653,-90.7513,-90.6935,-90.6117,-90.5238,-90.4409,-90.3688,-90.3098,-90.2641,-90.2293,-90.1727,-90.0727,-89.9067,-89.6033,-89.2755,-88.9726,-88.7122,-88.4988,-88.3311,-88.2052,-88.1163,-88.0482,-87.9649,-87.8694,-87.7765,-87.6975,-87.6386,-87.5999,-87.5702,-87.5427,-87.5190,-87.5026,-87.4964,-87.5021,-87.5202,-87.5505,-87.5924,-87.6449,-87.7068,-87.7771,-87.8429,-87.8667,-87.8578,-87.8358,-87.8148,-87.8031,-87.8047,-87.8209,-87.8515,-87.8952,-87.9506,-88.0161,-88.0901,-88.1710,-88.2575,-88.3483,-88.4426,-88.5317,-88.5868,-88.6087,-88.6116,-88.6082,-88.6073,-88.6136,-88.6294,-88.6553,-88.6909,-88.7353,-88.7873,-88.8459,-88.9099,-88.9782,-89.0494,-89.1166,-89.1709,-89.2114,-89.2421,-89.2676,-89.2914,-89.3160,-89.3429,-89.3729,-89.4062,-89.4430,-89.4831,-89.5261,-89.5716,-89.6004,-89.5810,-89.5297,-89.4681,-89.4099,-89.3614,-89.3037,-89.2199,-89.1226,-89.0266,-88.9419,-88.8739,-88.8246,-88.7941,-88.7810,-88.7838,-88.8005,-88.8291,-88.8680,-88.9154,-88.9699,-89.0301,-89.0950,-89.1635,-89.2347,-89.3079,-89.3166,-89.2252,-89.1157,-89.0204,-88.9493,-88.9037,-88.8815,-88.8796,-88.8947,-88.9238,-88.9643,-89.0139,-89.0707,-89.1330,-89.1996,-89.2693,-89.3411,-89.4142,-89.4879,-89.5618,-89.6354,-89.7081,-89.7798,-89.8502,-89.9179,-89.9560,-89.9450,-89.9039,-89.8536,-89.8066,-89.7621,-89.7012,-89.6258,-89.5456,-89.4689,-89.4010,-89.3446,-89.2803,-89.1887,-89.0810,-88.9508,-88.7867,-88.6078,-88.4354,-88.2833,-88.1581,-88.0617,-87.9933,-87.9509,-87.9316,-87.9327,-87.9514,-87.9851,-88.0315,-88.0887,-88.1547,-88.2280,-88.3073,-88.3913,-88.4790,-88.5694,-88.6617,-88.7553,-88.8494,-88.9436,-89.0375,-89.1304,-89.2223,-89.3126,-89.4012,-89.4879,-89.5724,-89.6546,-89.7344,-89.8118,-89.8478,-89.8162,-89.7553,-89.6892,-89.6300,-89.5835,-89.5513,-89.5335,-89.5289,-89.5361,-89.5534,-89.5793,-89.6123,-89.6511,-89.6945,-89.7416,-89.7914,-89.8432,-89.8965,-89.9506,-90.0051,-90.0596,-90.1139,-90.1676,-90.2204,-90.2723,-90.3231,-90.3726,-90.4208,-90.4676,-90.5129,-90.5567,-90.5989,-90.6396,-90.6788,-90.7165,-90.7526,-90.7873,-90.8205,-90.8523,-90.8827,-90.9117,-90.9395,-90.9660,-90.9913,-91.0155,-91.0386,-91.0605,-91.0815,-91.1015,-91.1206,-91.1388,-91.1561,-91.1727,-91.1840,-91.1658,-91.1128,-91.0383,-90.9564,-90.8769,-90.8051,-90.7437,-90.6932,-90.6534,-90.6236,-90.6028,-90.5899,-90.5841,-90.5842,-90.5896,-90.5994,-90.6130,-90.6297,-90.6491,-90.6706,-90.6939,-90.7186,-90.7444,-90.7709,-90.7980,-90.8255,-90.8530,-90.8806,-90.9080,-90.9351,-90.9618,-90.9880,-91.0137,-91.0388,-91.0632,-91.0870,-91.1101,-91.1324,-91.1539,-91.1748,-91.1949,-91.2142,-91.2328,-91.2507,-91.2679,-91.2844,-91.3002,-91.3154,-91.3299,-91.3439,-91.3572,-91.3701,-91.3823,-91.3941,-91.4053,-91.4161,-91.4265,-91.4364,-91.4459,-91.4550,-91.4638,-91.4722,-91.4803,-91.4881,-91.4956,-91.5028,-91.5098,-91.5165,-91.5229,-91.5292,-91.5352,-91.5411,-91.5467,-91.5522,-91.5575,-91.5627,-91.4744,-91.2831,-91.0869,-90.9147,-90.7738,-90.6638,-90.5814,-90.5226,-90.4836,-90.4609,-90.4516,-90.4531,-90.4635,-90.4809,-90.5039,-90.5314,-90.5623,-90.5959,-90.6314,-90.6682,-90.7060,-90.7442,-90.7826,-90.8209,-90.8588,-90.8961,-90.9328,-90.9687,-91.0037,-91.0377,-91.0707,-91.1025,-91.1333,-91.1630,-91.1915,-91.2189,-91.2452,-91.2704,-91.2923,-91.2798,-91.2330,-91.1693,-91.1001,-91.0328,-90.9716,-90.9187,-90.8750,-90.8407,-90.8154,-90.7986,-90.7893,-90.7868,-90.7903,-90.7988,-90.8118,-90.8286,-90.8484,-90.8708,-90.8952,-90.9213,-90.9486,-90.9769,-91.0057,-91.0349,-91.0642,-91.0935,-91.1226,-91.1513,-91.1796,-91.2073,-91.2344,-91.2607,-91.2863,-91.3112,-91.3352,-91.3583,-91.3807,-91.4022,-91.4228,-91.4426,-91.4616,-91.4798,-91.4972,-91.5048,-91.4442,-91.3339,-91.2072,-91.0838,-90.9739,-90.8815,-90.8073,-90.7504,-90.7090,-90.6813,-90.6652,-90.6591,-90.6598,-90.6415,-90.5908,-90.5199,-90.4429,-90.3698,-90.3065,-90.2559,-90.2187,-90.1945,-90.1825,-90.1812,-90.1894,-90.2056,-90.2288,-90.2576,-90.2911,-90.3262,-90.3525,-90.3645,-90.3647,-90.3579,-90.3490,-90.3411,-90.3364,-90.3359,-90.3402,-90.3494,-90.3633,-90.3815,-90.4036,-90.4292,-90.4578,-90.4890,-90.5223,-90.5573,-90.5938,-90.6313,-90.6695,-90.7083,-90.7473,-90.7864,-90.8254,-90.8640,-90.9022,-90.9398,-90.9767,-91.0129,-91.0482,-91.0825,-91.1159,-91.1483,-91.1796,-91.2099,-91.2391,-91.1410,-90.8168,-90.4607,-90.1413,-89.8783,-89.6729,-89.5197,-89.3584,-89.1626,-88.9754,-88.8170,-88.6944,-88.6079,-88.5547,-88.5310,-88.5324,-88.5551,-88.5953,-88.6499,-88.7161,-88.7914,-88.8739,-88.9618,-89.0537,-89.1484,-89.2448,-89.3420,-89.4394,-89.5363,-89.6322,-89.7266,-89.8192,-89.9098,-89.9979,-90.0836,-90.1667,-90.2469,-90.3243,-90.3988,-90.4704,-90.5391,-90.6049,-90.6664,-90.6935,-90.6758,-90.6304,-90.5735,-90.5159,-90.4643,-90.4220,-90.3904,-90.3696,-90.3589,-90.3575,-90.3642,-90.3234,-90.1711,-90.0085,-89.8684,-89.7589,-89.6800,-89.6287,-89.6011,-89.5935,-89.6025,-89.6249,-89.6583,-89.7004,-89.7494,-89.8038,-89.8622,-89.9237,-89.9871,-90.0519,-90.1174,-90.1830,-90.2483,-90.3130,-90.3766,-90.4390,-90.5000,-90.5594,-90.6170,-90.6729,-90.7269,-90.7789,-90.8290,-90.8771,-90.9232,-90.9670,-90.9655,-90.8946,-90.7920,-90.6859,-90.5911,-90.5136,-90.4548,-90.4138,-90.3885,-90.3769,-90.3744,-90.3633,-90.3345,-90.2932,-90.2475,-90.2042,-90.1673,-90.1160,-89.9417,-89.7061,-89.4589,-89.2280,-89.0276,-88.8622,-88.7167,-88.5794,-88.4542,-88.3463,-88.2592,-88.1939,-88.1506,-88.1279,-88.1244,-88.1382,-88.1673,-88.2098,-88.2639,-88.3278,-88.4000,-88.4790,-88.5636,-88.6526,-88.7451,-88.8401,-88.9368,-89.0345,-89.1326,-89.2306,-89.3279,-89.4242,-89.5191,-89.6123,-89.7035,-89.7166,-89.6257,-89.5247,-89.4413,-89.3825,-89.3483,-89.3363,-89.3430,-89.3654,-89.4003,-89.4454,-89.4983,-89.5574,-89.6209,-89.6878,-89.7570,-89.8275,-89.8987,-89.9700,-90.0346,-90.0214,-89.9532,-89.8707,-89.7944,-89.7333,-89.6908,-89.6666,-89.6592,-89.6665,-89.6861,-89.7160,-89.7542,-89.7989,-89.8488,-89.9022,-89.9485,-89.9779,-89.9913,-89.9937,-89.9908,-89.9867,-89.9847,-89.9866,-89.9934,-90.0056,-90.0232,-90.0458,-90.0731,-90.1045,-90.1394,-90.1774,-90.2179,-90.2604,-90.2885,-90.2369,-90.1251,-89.9626,-89.7831,-89.6121,-89.4629,-89.3411,-89.2475,-89.1809,-89.1387,-89.1181,-89.1161,-89.1301,-89.1575,-89.1962,-89.2440,-89.2994,-89.3609,-89.4271,-89.4970,-89.5696,-89.6442,-89.7198,-89.7961,-89.8724,-89.9483,-90.0226,-90.0316,-89.9843,-89.9238,-89.8675,-89.8229,-89.7926,-89.7767,-89.7744,-89.7762,-89.7563,-89.7133,-89.6600,-89.6082,-89.5655,-89.5354,-89.5192,-89.5163,-89.5254,-89.5329,-89.5233,-89.4987,-89.4674,-89.4368,-89.4122,-89.3965,-89.3912,-89.3963,-89.4115,-89.4360,-89.4687,-89.5086,-89.5547,-89.6059,-89.6614,-89.7203,-89.7818,-89.8454,-89.9104,-89.9763,-90.0426,-90.1090,-90.1750,-90.2404,-90.3050,-90.3684,-90.4305,-90.4912,-90.5503,-90.6077,-90.6633,-90.7171,-90.7690,-90.8190,-90.8671,-90.9132,-90.9575,-90.9998,-91.0403,-91.0790,-91.1158,-91.1510,-91.1845,-91.2163,-91.2466,-91.2753,-91.3027,-91.3286,-91.3531,-91.3733,-91.3766,-91.3591,-91.3163,-91.2437,-91.1382,-90.9529,-90.7186,-90.4746,-90.2442,-90.0395,-89.8651,-89.7220,-89.6085,-89.5222,-89.4602,-89.4196,-89.3976,-89.3917,-89.3996,-89.4192,-89.4487,-89.4866,-89.5315,-89.5821,-89.6374,-89.6964,-89.7582,-89.8223,-89.8878,-89.9543,-90.0213,-90.0883,-90.1549,-90.2210,-90.2861,-90.3126,-90.1987,-90.0563,-89.9298,-89.8311,-89.7614,-89.7179,-89.6970,-89.6948,-89.7079,-89.7333,-89.7685,-89.8114,-89.8602,-89.9135,-89.9701,-89.9567,-89.8295,-89.6933,-89.5437,-89.3604,-89.1787,-89.0188,-88.8894,-88.7924,-88.7265,-88.6889,-88.6759,-88.6840,-88.7097,-88.7501,-88.8024,-88.8643,-88.9340,-89.0096,-89.0897,-89.1731,-89.2589,-89.3460,-89.4338,-89.5216,-89.6090,-89.6954,-89.7804,-89.8639,-89.9455,-90.0251,-90.0950,-90.0781,-90.0110,-89.9337,-89.8642,-89.8098,-89.7727,-89.7527,-89.7480,-89.7569,-89.7772,-89.8071,-89.8447,-89.8885,-89.9372,-89.9895,-90.0447,-90.1017,-90.1599,-90.2188,-90.2778,-90.3365,-90.3946,-90.4519,-90.5081,-90.5630,-90.6164,-90.6684,-90.7187,-90.7673,-90.8142,-90.8594,-90.9028,-90.9444,-90.9844,-91.0226,-91.0591,-91.0940,-91.1273,-91.1590,-91.1893,-91.2181,-91.2455,-91.2715,-91.2963,-91.3198,-91.3422,-91.3634,-91.3835,-91.4027,-91.4208,-91.4381,-91.4544,-91.4699,-91.4847,-91.4987,-91.5120,-91.5247,-91.5367,-91.5481,-91.5590,-91.5693,-91.5792,-91.5886,-91.5976,-91.6061,-91.6143,-91.6221,-91.6296,-91.6368,-91.6436,-91.6502,-91.6565,-91.6585,-91.6451,-91.6139,-91.5699,-91.5191,-91.4663,-91.4149,-91.3672,-91.3244,-91.2871,-91.2555,-91.2297,-91.2092,-91.1939,-91.1833,-91.1769,-91.1744,-91.1754,-91.1794,-91.1861,-91.1951,-91.2062,-91.2190,-91.2332,-91.2487,-91.2652,-91.2824,-91.3002,-91.3185,-91.3371,-91.3558,-91.3746,-91.3933,-91.4119,-91.4303,-91.4484,-91.4661,-91.4835,-91.5005,-91.5170,-91.5330,-91.5485,-91.5636,-91.5781,-91.5921,-91.6056,-91.6186,-91.6260,-91.5778,-91.4784,-91.3626,-91.2510,-91.1524,-91.0700,-91.0038,-90.9530,-90.9159,-90.8909,-90.8763,-90.8706,-90.8725,-90.8806,-90.8941,-90.9118,-90.9331,-90.9572,-90.9835,-91.0116,-91.0409,-91.0711,-91.1019,-91.1329,-91.1557,-91.1532,-91.1282,-91.0899,-91.0462,-91.0027,-90.9630,-90.9292,-90.9021,-90.8822,-90.8693,-90.8625,-90.8358,-90.7684,-90.6765,-90.5791,-90.4773,-90.3598,-90.2343,-90.1117,-89.9999,-89.9035,-89.8245,-89.7633,-89.7193,-89.6914,-89.6780,-89.6777,-89.6887,-89.7097,-89.7393,-89.7761,-89.8190,-89.8670,-89.9192,-89.9746,-90.0319,-90.0313,-89.8564,-89.6154,-89.3760,-89.1671,-88.9984,-88.8706,-88.7805,-88.7235,-88.6950,-88.6905,-88.7059,-88.7379,-88.7835,-88.8400,-88.9054,-88.9778,-89.0557,-89.1376,-89.2226,-89.3096,-89.3977,-89.4864,-89.5750,-89.6630,-89.7500,-89.8356,-89.9195,-90.0015,-90.0814,-90.1590,-90.2343,-90.3070,-90.3772,-90.4448,-90.5098,-90.5721,-90.6319,-90.6891,-90.7438,-90.7961,-90.8459,-90.8933,-90.9385,-90.9815,-91.0223,-91.0455,-91.0050,-90.9149,-90.7985,-90.6732,-90.5476,-90.3813,-90.1777,-89.9684,-89.7735,-89.6034,-89.4624,-89.3511,-89.2679,-89.2104,-89.1719,-89.1263,-89.0645,-88.9961,-88.9323,-88.8806,-88.8449,-88.8264,-88.8245,-88.8380,-88.8651,-88.9041,-88.9532,-89.0107,-89.0752,-89.1453,-89.2198,-89.2978,-89.3783,-89.4605,-89.5438,-89.6276,-89.7112,-89.7944,-89.8767,-89.9579,-90.0375,-90.1154,-90.1914,-90.2654,-90.3372,-90.4067,-90.4738,-90.5385,-90.6008,-90.6607,-90.7181,-90.7731,-90.8257,-90.8759,-90.9239,-90.9696,-91.0131,-91.0545,-91.0938,-91.1312,-91.1667,-91.1999,-91.2007,-91.1518,-91.0740,-90.9863,-90.9011,-90.8256,-90.7629,-90.7139,-90.6781,-90.6544,-90.6416,-90.6381,-90.6425,-90.6537,-90.6705,-90.6918,-90.7169,-90.7449,-90.7753,-90.8075,-90.8409,-90.8753,-90.9102,-90.9453,-90.9804,-91.0154,-91.0499,-91.0838,-91.1171,-91.1496,-91.1813,-91.2112,-91.2067,-91.1513,-91.0675,-90.9755,-90.8879,-90.8114,-90.7487,-90.7004,-90.6657,-90.6433,-90.6318,-90.6298,-90.6306,-90.5840,-90.4925,-90.3892,-90.2936,-90.2138,-90.1522,-90.1087,-90.0818,-90.0695,-90.0479,-89.9852,-89.8992,-89.8108,-89.7326,-89.6707,-89.6270,-89.6012,-89.5921,-89.5977,-89.6160,-89.6451,-89.6833,-89.7288,-89.7804,-89.8367,-89.8967,-89.9595,-90.0242,-90.0902,-90.1568,-90.2237,-90.2903,-90.3563,-90.4214,-90.4853,-90.5478,-90.6087,-90.6680,-90.7254,-90.7810,-90.8324,-90.8486,-90.8297,-90.7928,-90.7493,-90.7065,-90.6686,-90.6379,-90.6153,-90.6010,-90.5947,-90.5958,-90.6035,-90.6171,-90.6358,-90.6588,-90.6855,-90.7151,-90.7471,-90.7810,-90.8163,-90.8527,-90.8897,-90.9270,-90.9645,-91.0017,-91.0387,-91.0752,-91.1110,-91.1460,-91.1802,-91.2135,-91.2458,-91.2771,-91.3073,-91.3364,-91.3644,-91.3913,-91.4172,-91.4419,-91.4656,-91.4883,-91.5099,-91.5305,-91.5502,-91.5690,-91.5869,-91.6039,-91.6200,-91.6354,-91.6501,-91.6640,-91.6772,-91.6897,-91.7016,-91.7130,-91.7238,-91.7340,-91.7437,-91.7530,-91.7618,-91.7702,-91.7781,-91.7857,-91.7928,-91.7940,-91.7784,-91.7451,-91.6994,-91.6474,-91.5937,-91.5416,-91.4932,-91.4496,-91.4115,-91.3792,-91.3525,-91.3313,-91.3152,-91.3038,-91.2967,-91.2935,-91.2938,-91.2972,-91.3033,-91.3118,-91.3223,-91.3346,-91.3484,-91.3635,-91.3795,-91.3964,-91.4139,-91.4319,-91.4502,-91.4686,-91.4871,-91.5056,-91.5239,-91.5420,-91.5599,-91.5774,-91.5945,-91.6112,-91.6275,-91.6433,-91.6586,-91.6734,-91.6877,-91.7014,-91.7147,-91.7274,-91.7396,-91.7513,-91.7626,-91.7733,-91.7836,-91.7935,-91.8029,-91.8054,-91.7885,-91.7525,-91.7035,-91.6479,-91.5908,-91.5359,-91.4852,-91.4403,-91.4016,-91.3693,-91.3382,-91.2686,-91.1630,-91.0426,-90.9238,-90.8162,-90.7216,-90.6292,-90.5360,-90.4455,-90.3622,-90.2894,-90.2289,-90.1815,-90.1472,-90.1254,-90.1151,-90.1154,-90.1142,-89.9731,-89.7929,-89.6319,-89.5057,-89.4159,-89.3595,-89.3320,-89.3286,-89.3451,-89.3778,-89.4235,-89.4795,-89.5435,-89.6138,-89.6887,-89.7671,-89.8477,-89.9297,-90.0123,-90.0949,-90.1769,-90.2580,-90.3377,-90.4157,-90.4919,-90.5660,-90.6020,-90.5355,-90.4301,-90.3280,-90.2456,-90.1691,-90.0240,-89.8295,-89.6245,-89.4332,-89.2680,-89.1335,-89.0306,-88.9577,-88.9120,-88.8905,-88.8902,-88.9079,-88.9410,-88.9843,-88.9192,-88.8003,-88.6928,-88.6134,-88.5508,-88.4946,-88.4307,-88.2203,-87.8674,-87.5129,-87.2076,-86.9657,-86.7872,-86.6663,-86.5957,-86.5680,-86.5763,-86.6145,-86.6774,-86.7605,-86.8559,-86.9496,-87.0362,-87.1174,-87.1966,-87.2767,-87.3595,-87.4462,-87.5374,-87.6331,-87.7331,-87.8370,-87.9443,-88.0543,-88.1665,-88.2803,-88.3950,-88.5103,-88.6255,-88.7402,-88.8541,-88.9667,-89.0778,-89.1870,-89.2942,-89.3991,-89.5016,-89.6014,-89.6985,-89.7928,-89.8841,-89.9725,-90.0579,-90.1402,-90.2195,-90.2958,-90.3604,-90.3238,-90.2302,-90.1282,-90.0389,-89.9698,-89.9225,-89.8957,-89.8868,-89.8930,-89.9118,-89.9408,-89.9778,-90.0211,-90.0693,-90.1211,-90.1755,-90.2317,-90.2889,-90.3466,-90.3852,-90.3433,-90.2697,-90.1938,-90.1275,-90.0756,-90.0394,-90.0183,-90.0110,-90.0160,-90.0315,-90.0559,-90.0876,-90.1254,-90.1679,-90.2143,-90.2634,-90.3147,-90.3674,-90.4209,-90.4749,-90.5288,-90.5823,-90.6353,-90.6873,-90.7384,-90.7882,-90.8351,-90.8506,-90.8181,-90.7576,-90.6899,-90.6270,-90.5748,-90.5350,-90.5077,-90.4918,-90.4860,-90.4889,-90.4967,-90.4712,-90.3920,-90.2760,-90.1440,-90.0121,-89.8905,-89.7846,-89.6970,-89.6283,-89.5779,-89.5446,-89.5268,-89.5229,-89.5312,-89.5501,-89.5782,-89.6141,-89.6566,-89.7046,-89.7572,-89.8134,-89.8725,-89.9338,-89.9968,-90.0597,-90.0906,-90.0374,-89.9127,-89.7557,-89.5956,-89.4499,-89.3272,-89.2308,-89.1591,-89.0993,-89.0421,-88.9879,-88.9400,-88.9017,-88.8752,-88.8616,-88.8610,-88.8730,-88.8967,-88.9310,-88.9746,-89.0264,-89.0850,-89.1495,-89.2187,-89.2899,-89.3513,-89.3969,-89.4279,-89.4416,-89.4373,-89.4202,-89.3971,-89.3736,-89.3539,-89.3263,-89.2668,-89.1828,-89.0915,-89.0063,-88.9351,-88.8815,-88.8463,-88.8288,-88.8276,-88.8409,-88.8669,-88.9039,-88.9502,-89.0045,-89.0653,-89.1315,-89.2022,-89.2763,-89.3532,-89.4320,-89.5121,-89.5931,-89.6743,-89.7554,-89.8360,-89.9158,-89.9944,-90.0716,-90.1472,-90.2210,-90.2929,-90.3627,-90.4303,-90.4957,-90.5589,-90.6197,-90.6781,-90.7343,-90.7881,-90.8396,-90.8888,-90.9358,-90.9807,-91.0234,-91.0641,-91.1028,-91.1395,-91.1744,-91.2076,-91.2390,-91.2688,-91.2970,-91.3238,-91.3491,-91.3731,-91.3958,-91.4173,-91.4376,-91.4569,-91.4751,-91.4924,-91.5087,-91.5242,-91.5388,-91.5527,-91.5658,-91.5783,-91.5902,-91.6014,-91.6121,-91.6222,-91.6319,-91.6411,-91.6498,-91.6582,-91.6662,-91.6738,-91.6810,-91.6880,-91.6947,-91.7011,-91.7072,-91.7131,-91.7187,-91.7242,-91.7295,-91.7345,-91.7394,-91.7442,-91.7488,-91.7532,-91.7575,-91.7617,-91.7658,-91.7698,-91.7736,-91.7774,-91.7674,-91.7212,-91.6479,-91.5620,-91.4742,-91.3915,-91.3176,-91.2400,-91.1335,-91.0050,-90.8631,-90.6265,-90.3569,-90.1048,-89.8878,-89.7109,-89.5733,-89.4716,-89.4017,-89.3485,-89.1717,-88.9688,-88.7953,-88.6644,-88.5764,-88.5267,-88.5097,-88.5200,-88.5525,-88.6029,-88.6677,-88.7437,-88.8284,-88.9198,-89.0161,-89.1157,-89.2176,-89.3206,-89.4240,-89.5270,-89.6289,-89.7295,-89.8281,-89.9238,-89.9837,-89.9913,-89.9689,-89.9362,-89.9059,-89.8844,-89.8743,-89.8763,-89.8894,-89.9127,-89.9445,-89.9836,-90.0285,-90.0782,-90.1314,-90.1874,-90.2454,-90.3046,-90.3645,-90.4247,-90.4847,-90.5442,-90.6028,-90.6605,-90.7168,-90.7718,-90.8252,-90.8770,-90.9271,-90.9755,-91.0221,-91.0668,-91.1098,-91.1510,-91.1903,-91.2280,-91.2639,-91.2981,-91.3307,-91.3618,-91.3913,-91.4193,-91.4459,-91.4711,-91.4951,-91.5178,-91.5393,-91.5596,-91.5789,-91.5972,-91.6144,-91.6308,-91.6463,-91.6609,-91.6748,-91.6879,-91.7004,-91.7122,-91.7233,-91.7339,-91.7439,-91.7534,-91.7625,-91.7710,-91.7792,-91.7869,-91.7943,-91.8013,-91.8080,-91.8144,-91.8205,-91.8263,-91.8318,-91.8372,-91.8423,-91.8471,-91.8518,-91.8563,-91.8607,-91.8649,-91.8689,-91.8728,-91.8224,-91.6972,-91.5523,-91.4130,-91.2901,-91.1873,-91.1049,-91.0417,-90.9955,-90.9642,-90.9456,-90.9377,-90.9387,-90.9472,-90.9617,-90.9811,-91.0044,-91.0308,-91.0596,-91.0902,-91.1221,-91.1548,-91.1880,-91.2213,-91.2425,-91.2171,-91.1202,-90.9747,-90.8094,-90.6450,-90.4942,-90.3635,-90.2554,-90.1703,-90.1069,-90.0634,-90.0375,-90.0271,-90.0291,-90.0147,-89.9639,-89.8927,-89.8192,-89.7547,-89.7051,-89.6724,-89.6564,-89.6558,-89.6690,-89.6941,-89.7291,-89.7726,-89.8228,-89.8786,-89.9386,-90.0020,-90.0678,-90.1353,-90.2038,-90.2728,-90.3417,-90.4102,-90.4780,-90.5446,-90.6099,-90.6737,-90.7354,-90.7825,-90.8035,-90.8034,-90.7908,-90.7727,-90.7538,-90.7373,-90.7249,-90.7174,-90.7152,-90.7183,-90.7264,-90.7390,-90.7513,-90.7462,-90.7228,-90.6884,-90.6497,-90.6120,-90.5786,-90.5512,-90.5310,-90.5181,-90.5126,-90.5139,-90.5217,-90.5351,-90.5536,-90.5766,-90.6033,-90.6333,-90.6661,-90.7010,-90.7377,-90.7758,-90.8148,-90.8545,-90.8947,-90.9349,-90.9751,-91.0150,-91.0544,-91.0932,-91.1312,-91.1603,-91.1220,-91.0298,-90.9202,-90.8152,-90.7256,-90.6548,-90.6030,-90.5687,-90.5496,-90.5435,-90.5483,-90.5620,-90.5831,-90.6101,-90.6417,-90.6770,-90.7151,-90.7553,-90.7969,-90.8395,-90.8825,-90.9257,-90.9688,-91.0113,-91.0533,-91.0944,-91.1346,-91.1738,-91.2117,-91.2485,-91.2840,-91.3182,-91.3511,-91.3827,-91.4130,-91.4420,-91.4698,-91.4962,-91.5215,-91.5455,-91.5684,-91.5902,-91.6109,-91.6306,-91.6493,-91.6670,-91.6839,-91.6998,-91.7150,-91.7293,-91.7429,-91.7558,-91.7680,-91.7795,-91.7905,-91.8009,-91.7341,-91.5509,-91.3575,-91.1865,-91.0465,-90.9376,-90.8566,-90.7994,-90.7623,-90.7416,-90.7344,-90.7380,-90.7504,-90.7698,-90.7947,-90.8239,-90.8564,-90.8915,-90.9283,-90.9663,-91.0050,-91.0441,-91.0832,-91.1220,-91.1603,-91.1980,-91.2348,-91.2707,-91.3056,-91.3395,-91.3721,-91.4037,-91.4340,-91.4631,-91.4911,-91.5178,-91.5434,-91.5678,-91.5827,-91.5527,-91.4800,-91.3877,-91.2935,-91.2071,-91.1327,-91.0715,-91.0235,-90.9875,-90.9623,-90.9466,-90.9392,-90.9388,-90.9445,-90.9554,-90.9705,-90.9892,-91.0108,-91.0349,-91.0608,-91.0883,-91.1168,-91.1461,-91.1759,-91.2060,-91.2361,-91.2661,-91.2958,-91.3250,-91.3537,-91.3818,-91.4092,-91.4358,-91.4616,-91.4692,-91.4299,-91.3644,-91.2894,-91.2149,-91.1466,-91.0873,-91.0383,-90.9996,-90.9710,-90.9516,-90.9406,-90.9371,-90.9400,-90.9485,-90.9617,-90.9790,-90.9996,-91.0190,-90.9982,-90.9187,-90.7709,-90.5937,-90.4178,-90.2588,-90.1231,-90.0125,-89.9267,-89.8639,-89.8218,-89.7900,-89.7401,-89.6742,-89.6049,-89.5417,-89.4905,-89.4541,-89.4334,-89.4278,-89.4363,-89.4574,-89.4896,-89.5312,-89.5808,-89.6369,-89.6984,-89.7641,-89.8331,-89.9044,-89.9774,-90.0514,-90.1257,-90.2000,-90.2739,-90.3468,-90.4186,-90.4890,-90.5578,-90.6247,-90.6898,-90.7528,-90.8136,-90.8723,-90.9287,-90.9830,-91.0349,-91.0847,-91.1323,-91.1776,-91.2209,-91.2618,-91.2811,-91.2596,-91.2081,-91.1422,-91.0738,-91.0103,-90.9558,-90.9119,-90.8789,-90.8564,-90.8434,-90.8388,-90.8417,-90.8509,-90.8655,-90.8845,-90.9073,-90.9330,-90.9517,-90.9484,-90.9261,-90.8923,-90.8537,-90.8156,-90.7813,-90.7529,-90.7314,-90.7173,-90.7103,-90.7101,-90.7161,-90.7223,-90.6685,-90.5703,-90.4612,-90.3135,-90.0428,-89.7716,-89.5403,-89.3583,-89.2240,-89.1323,-89.0722,-88.9418,-88.7726,-88.6191
7,-94.0000,-95.7858,-96.4523,-96.8757,-97.1803,-97.4152,-97.6048,-97.7629,-97.8927,-97.9800,-98.0165,-98.0146,-97.9900,-97.9552,-97.9184,-97.8831,-97.8127,-97.6611,-97.4790,-97.3025,-97.1420,-96.9709,-96.7995,-96.6439,-96.5024,-96.3732,-96.2538,-96.1344,-96.0073,-95.8755,-95.7465,-95.6276,-95.5241,-95.4390,-95.3737,-95.3283,-95.3019,-95.2934,-95.2997,-95.3061,-95.2535,-95.1690,-95.0872,-95.0231,-94.9695,-94.9047,-94.8394,-94.7864,-94.7525,-94.7000,-94.5632,-94.4273,-94.3247,-94.2572,-94.2196,-94.2075,-94.2181,-94.2491,-94.2983,-94.3638,-94.4400,-94.4772,-94.4803,-94.4805,-94.4932,-94.5236,-94.5695,-94.6235,-94.6796,-94.7358,-94.7925,-94.8515,-94.8231,-94.6844,-94.5135,-94.3319,-94.1445,-93.9666,-93.8121,-93.6885,-93.5982,-93.5404,-93.5129,-93.5126,-93.5365,-93.5815,-93.6448,-93.7238,-93.8048,-93.8370,-93.8439,-93.8560,-93.8280,-93.7343,-93.6445,-93.5509,-93.4645,-93.3785,-93.2792,-93.1787,-93.0909,-93.0177,-92.9289,-92.7756,-92.5682,-92.3402,-92.1193,-91.9230,-91.7607,-91.6360,-91.5496,-91.4998,-91.4840,-91.4966,-91.5312,-91.5834,-91.6512,-91.7340,-91.8313,-91.9425,-92.0665,-92.2023,-92.3485,-92.5037,-92.6665,-92.8357,-93.0056,-93.1411,-93.2373,-93.3122,-93.3801,-93.4499,-93.5263,-93.6100,-93.6405,-93.6241,-93.6007,-93.5883,-93.5954,-93.6243,-93.6741,-93.7427,-93.8269,-93.9096,-93.9484,-93.8938,-93.7694,-93.6261,-93.4638,-93.1492,-92.7016,-92.2948,-91.9712,-91.7345,-91.5766,-91.4861,-91.4517,-91.4538,-91.4603,-91.4632,-91.4688,-91.4850,-91.5139,-91.5456,-91.5719,-91.5938,-91.6162,-91.6352,-91.6496,-91.6664,-91.6930,-91.7342,-91.7924,-91.8681,-91.9610,-92.0684,-92.1322,-92.1558,-92.1700,-92.1886,-92.2086,-92.1474,-92.0559,-91.9751,-91.9164,-91.8464,-91.7501,-91.6516,-91.5698,-91.5135,-91.4855,-91.4355,-91.2645,-91.1114,-91.0097,-90.9425,-90.8633,-90.7690,-90.6796,-90.6103,-90.5686,-90.5556,-90.5686,-90.6050,-90.6626,-90.7360,-90.8193,-90.9103,-91.0091,-91.0726,-90.9935,-90.8483,-90.7166,-90.6126,-90.5238,-90.4493,-90.3541,-90.2101,-90.0482,-89.8838,-89.6752,-89.4517,-89.2481,-89.0799,-88.9434,-88.7716,-88.5150,-88.2295,-87.9282,-87.6211,-87.3213,-87.0422,-86.7919,-86.5590,-86.2066,-85.8280,-85.4967,-85.1012,-84.7148,-84.4026,-84.1724,-84.0184,-83.9307,-83.8565,-83.7133,-83.5594,-83.4327,-83.3497,-83.3073,-83.2919,-83.3037,-83.3467,-83.4230,-83.5315,-83.6671,-83.8244,-83.8828,-83.8748,-83.8930,-83.9484,-84.0352,-84.1534,-84.2847,-84.4070,-84.4951,-84.5763,-84.6750,-84.7969,-84.9316,-85.0691,-85.2037,-85.3359,-85.4686,-85.6021,-85.7382,-85.8793,-86.0210,-86.1281,-86.0927,-86.0464,-85.9044,-85.7512,-85.6392,-85.5594,-85.5174,-85.5105,-85.5321,-85.5792,-85.6511,-85.7222,-85.7472,-85.7617,-85.7883,-85.8338,-85.8885,-85.8697,-85.8026,-85.6719,-85.5106,-85.3323,-85.1638,-85.0355,-84.9604,-84.9385,-84.9584,-84.9965,-85.0191,-85.0267,-85.0282,-85.0184,-85.0137,-85.0099,-84.9615,-84.8827,-84.8129,-84.7752,-84.7787,-84.8226,-84.7955,-84.6758,-84.5581,-84.4772,-84.4448,-84.4629,-84.5290,-84.6328,-84.7652,-84.9204,-85.0905,-85.2709,-85.4550,-85.6396,-85.8268,-86.0193,-86.2185,-86.4253,-86.6397,-86.8610,-87.0882,-87.3209,-87.5590,-87.7994,-88.0362,-88.2673,-88.4878,-88.6619,-88.7994,-88.9254,-89.0551,-89.1957,-89.3502,-89.5192,-89.7017,-89.8941,-90.0902,-90.2857,-90.4789,-90.6612,-90.8210,-90.9496,-91.0561,-91.1533,-91.2498,-91.3500,-91.4559,-91.5681,-91.6871,-91.8129,-91.9444,-92.0733,-92.1965,-92.2140,-92.1329,-92.0412,-91.9678,-91.9174,-91.8488,-91.7546,-91.6532,-91.5602,-91.4853,-91.4336,-91.4071,-91.4056,-91.4059,-91.3698,-91.3258,-91.2882,-91.2623,-91.2535,-91.2654,-91.2993,-91.3531,-91.4193,-91.4917,-91.5495,-91.5309,-91.4528,-91.3555,-91.2647,-91.1940,-91.1496,-91.1336,-91.1451,-91.1761,-91.2141,-91.2510,-91.2846,-91.3175,-91.3506,-91.3551,-91.3333,-91.3080,-91.2928,-91.2041,-91.0664,-90.9463,-90.8546,-90.7885,-90.7456,-90.7248,-90.7077,-90.5207,-90.2658,-90.0309,-89.8424,-89.7065,-89.6213,-89.5781,-89.5130,-89.4150,-89.3239,-89.2586,-89.2251,-89.1526,-89.0281,-88.9265,-88.8663,-88.8286,-88.7983,-88.7796,-88.7770,-88.7906,-88.8170,-88.8438,-88.8333,-88.8070,-88.7031,-88.5557,-88.4092,-88.2773,-88.1674,-88.0507,-87.8780,-87.7009,-87.5459,-87.4214,-87.3169,-87.2226,-87.1181,-86.9847,-86.8434,-86.7151,-86.6020,-86.5000,-86.4100,-86.3388,-86.2297,-85.9451,-85.5709,-85.2323,-84.9742,-84.8045,-84.7057,-84.6548,-84.6474,-84.6832,-84.7589,-84.8649,-84.9745,-85.0481,-85.0888,-85.1146,-85.1189,-85.1106,-85.0969,-85.0507,-84.9205,-84.7558,-84.6043,-84.4896,-84.4207,-84.3989,-84.4220,-84.4865,-84.5884,-84.7235,-84.8882,-85.0791,-85.2930,-85.5273,-85.7704,-85.9822,-86.1597,-86.3219,-86.4842,-86.6558,-86.8414,-87.0430,-87.2608,-87.4940,-87.7413,-88.0003,-88.2659,-88.5321,-88.7961,-89.0575,-89.3173,-89.5767,-89.7974,-89.9268,-90.0210,-90.0843,-90.1219,-90.1511,-90.1010,-89.9895,-89.8943,-89.8366,-89.8138,-89.8201,-89.8527,-89.9100,-89.9839,-89.9923,-89.9615,-89.9313,-89.9193,-89.9335,-89.9766,-90.0483,-90.0273,-89.9423,-89.8867,-89.8794,-89.9181,-89.9942,-90.1001,-90.2304,-90.3794,-90.5308,-90.6716,-90.8041,-90.9346,-91.0571,-91.1550,-91.2289,-91.2897,-91.3481,-91.4114,-91.4600,-91.4815,-91.4976,-91.5242,-91.5613,-91.5193,-91.4324,-91.3308,-91.2045,-91.0557,-90.9220,-90.8224,-90.7511,-90.6723,-90.5867,-90.5122,-90.4550,-90.3630,-90.2611,-90.1812,-90.0974,-90.0175,-89.9645,-89.9484,-89.9706,-90.0256,-90.1000,-90.1791,-90.2567,-90.3337,-90.3483,-90.3146,-90.2870,-90.2864,-90.3151,-90.3646,-90.4300,-90.5106,-90.6067,-90.7187,-90.8462,-90.9883,-91.1438,-91.3113,-91.4893,-91.6761,-91.8702,-92.0701,-92.2726,-92.4514,-92.6012,-92.7377,-92.8722,-93.0104,-93.1340,-93.1913,-93.2207,-93.2302,-93.2306,-93.2357,-93.2440,-93.2464,-93.2456,-93.2486,-93.2612,-93.2828,-93.2469,-93.1192,-92.9259,-92.7359,-92.5777,-92.4607,-92.3855,-92.3495,-92.3484,-92.3776,-92.4328,-92.5101,-92.6062,-92.7179,-92.8426,-92.9782,-92.9844,-92.9207,-92.8826,-92.8874,-92.9342,-93.0164,-93.1267,-93.2562,-93.3844,-93.5032,-93.6172,-93.7310,-93.8368,-93.8649,-93.7996,-93.7122,-93.6421,-93.5941,-93.4490,-93.2907,-93.1722,-93.1006,-93.0719,-93.0801,-93.1188,-93.1825,-93.2613,-93.3401,-93.4154,-93.4887,-93.5622,-93.6377,-93.7164,-93.7973,-93.8763,-93.9438,-93.9841,-93.9830,-93.9510,-93.9056,-93.8573,-93.7991,-93.6769,-93.5066,-93.3280,-93.1435,-92.9487,-92.7532,-92.5689,-92.4058,-92.2708,-92.1655,-92.0229,-91.7943,-91.5802,-91.4081,-91.2767,-91.1731,-91.0883,-91.0211,-90.9741,-90.9376,-90.8799,-90.8198,-90.7776,-90.7630,-90.7791,-90.8250,-90.8984,-90.9963,-91.1156,-91.2532,-91.4064,-91.5724,-91.7473,-91.9271,-92.1096,-92.2938,-92.4791,-92.6652,-92.8517,-93.0384,-93.2249,-93.4093,-93.5654,-93.6658,-93.7094,-93.7229,-93.7289,-93.7404,-93.7637,-93.8004,-93.8463,-93.8916,-93.9202,-93.9309,-93.9332,-93.8911,-93.7709,-93.6412,-93.4926,-93.2890,-93.0840,-92.8969,-92.7279,-92.5472,-92.3581,-92.1795,-92.0172,-91.8716,-91.7456,-91.6381,-91.5427,-91.4537,-91.2910,-91.0656,-90.8340,-90.5416,-90.2361,-89.9669,-89.7511,-89.5915,-89.4790,-89.3795,-89.2811,-89.1930,-89.1266,-89.0888,-89.0824,-89.0322,-88.9409,-88.8684,-88.8313,-88.8305,-88.8592,-88.8830,-88.8547,-88.8206,-88.8106,-88.8350,-88.8950,-88.9874,-89.1063,-89.2455,-89.3940,-89.5202,-89.6019,-89.6365,-89.5741,-89.4619,-89.3503,-89.2634,-89.2110,-89.1950,-89.1773,-89.1438,-89.1233,-89.1309,-89.1713,-89.2443,-89.3474,-89.4774,-89.6305,-89.8036,-89.9934,-90.1971,-90.4123,-90.6365,-90.7456,-90.7796,-90.8270,-90.9065,-91.0062,-91.0978,-91.1853,-91.2616,-91.3295,-91.3974,-91.4666,-91.5376,-91.6122,-91.6913,-91.7720,-91.8511,-91.9287,-92.0058,-92.0828,-92.1611,-92.2425,-92.3283,-92.3952,-92.4296,-92.4526,-92.4797,-92.5174,-92.5079,-92.4138,-92.3210,-92.2582,-92.2092,-92.1182,-92.0304,-91.9084,-91.7588,-91.6374,-91.5622,-91.5286,-91.5264,-91.5284,-91.5225,-91.5220,-91.5370,-91.5721,-91.6275,-91.6982,-91.7710,-91.8361,-91.8929,-91.9462,-92.0017,-92.0638,-92.1357,-92.2170,-92.3044,-92.3969,-92.4951,-92.5999,-92.7118,-92.8308,-92.9566,-93.0886,-93.2261,-93.3684,-93.5143,-93.6594,-93.7987,-93.9301,-94.0441,-94.1047,-94.1189,-94.1051,-94.0787,-94.0509,-94.0286,-94.0159,-94.0149,-94.0263,-94.0501,-94.0786,-94.0551,-93.9669,-93.8468,-93.7228,-93.6111,-93.5199,-93.4525,-93.4094,-93.3857,-93.3632,-93.3238,-93.2724,-93.2200,-93.1754,-93.1440,-93.1286,-93.1301,-93.1484,-93.1826,-93.2316,-93.2942,-93.3689,-93.4544,-93.5494,-93.6522,-93.6885,-93.6661,-93.6430,-93.5487,-93.2539,-92.9566,-92.7228,-92.5616,-92.4227,-92.2490,-92.1054,-92.0071,-91.9531,-91.9388,-91.9589,-92.0082,-92.0822,-92.1769,-92.2851,-92.3886,-92.4805,-92.5522,-92.5990,-92.6158,-92.6003,-92.5564,-92.4939,-92.4257,-92.3626,-92.3123,-92.2762,-92.2517,-92.2377,-92.2347,-92.2443,-92.2679,-92.3063,-92.3597,-92.4278,-92.5090,-92.5961,-92.6774,-92.7323,-92.7466,-92.7264,-92.6862,-92.6401,-92.5985,-92.5678,-92.5440,-92.5201,-92.4987,-92.4840,-92.4788,-92.4732,-92.4480,-92.4150,-92.3879,-92.3737,-92.3737,-92.3783,-92.3724,-92.3531,-92.3231,-92.2869,-92.2507,-92.2207,-92.2016,-92.1959,-92.2018,-92.2160,-92.2381,-92.2691,-92.3104,-92.3629,-92.2933,-92.1575,-92.0508,-91.9898,-91.9698,-91.9829,-92.0176,-91.9843,-91.9197,-91.8730,-91.8540,-91.8555,-91.8707,-91.8929,-91.9173,-91.9113,-91.7593,-91.5696,-91.4041,-91.2763,-91.1835,-91.1241,-91.0970,-91.1010,-91.1338,-91.1931,-91.2761,-91.3802,-91.5026,-91.6410,-91.7931,-91.9567,-92.1298,-92.3108,-92.4979,-92.6845,-92.8485,-92.8822,-92.7453,-92.5808,-92.4113,-92.2613,-92.1296,-91.9682,-91.7886,-91.6175,-91.4705,-91.3547,-91.2686,-91.2077,-91.1686,-91.1503,-91.1526,-91.1756,-91.2188,-91.2814,-91.3622,-91.4598,-91.5727,-91.6992,-91.8378,-91.9869,-92.1450,-92.3097,-92.4744,-92.6334,-92.7790,-92.9071,-93.0210,-93.1260,-93.2270,-93.3259,-93.4216,-93.5149,-93.6076,-93.7015,-93.7979,-93.8974,-94.0007,-94.1076,-94.2180,-94.3317,-94.4481,-94.5670,-94.6877,-94.7944,-94.8442,-94.8677,-94.8903,-94.9221,-94.9509,-94.9526,-94.9300,-94.9019,-94.8633,-94.7986,-94.6999,-94.5640,-94.3262,-94.0562,-93.7979,-93.5647,-93.3536,-93.1617,-92.9932,-92.8354,-92.6862,-92.5593,-92.4616,-92.3951,-92.3570,-92.3164,-92.2618,-92.1885,-92.1031,-92.0182,-91.9447,-91.8645,-91.6828,-91.4289,-91.1129,-90.8178,-90.5788,-90.3996,-90.2744,-90.1972,-90.1614,-90.1523,-90.1605,-90.1861,-90.2310,-90.2959,-90.3806,-90.4836,-90.5793,-90.6484,-90.6765,-90.6704,-90.6556,-90.6462,-90.6496,-90.6638,-90.6845,-90.7128,-90.7516,-90.8017,-90.8626,-90.9349,-91.0200,-91.0404,-90.9311,-90.8014,-90.6991,-90.6380,-90.5517,-90.4611,-90.3999,-90.3730,-90.3799,-90.4183,-90.4843,-90.5713,-90.6721,-90.7801,-90.8903,-91.0022,-91.1177,-91.2388,-91.3667,-91.5020,-91.6447,-91.7943,-91.9502,-92.1115,-92.1950,-92.1642,-92.1407,-92.1464,-92.1733,-92.2152,-92.2639,-92.3079,-92.3376,-92.3386,-92.1688,-91.8840,-91.5854,-91.2962,-91.0370,-90.8243,-90.6631,-90.5238,-90.3845,-90.2618,-90.1688,-90.1108,-90.0875,-90.0903,-90.1079,-90.1322,-90.1577,-90.1804,-90.2025,-90.2241,-90.2247,-90.2049,-90.1837,-90.1731,-90.1762,-90.1658,-90.1260,-90.0754,-90.0285,-89.9932,-89.9740,-89.9733,-89.9828,-89.9311,-89.8370,-89.7242,-89.6179,-89.5260,-89.3787,-89.2229,-89.1027,-89.0313,-89.0096,-89.0334,-89.0973,-89.1956,-89.3230,-89.4744,-89.6295,-89.7655,-89.8842,-89.9949,-90.1064,-90.2236,-90.3214,-90.3751,-90.3227,-90.1845,-90.0620,-89.9763,-89.9221,-89.9011,-89.9142,-89.9589,-89.9833,-89.9369,-89.8634,-89.7883,-89.7345,-89.7085,-89.6992,-89.6853,-89.6772,-89.6830,-89.7050,-89.7431,-89.7889,-89.8329,-89.8759,-89.9237,-89.9813,-90.0524,-90.1388,-90.2413,-90.3590,-90.4395,-90.4694,-90.4877,-90.5143,-90.5578,-90.6214,-90.7053,-90.7956,-90.8480,-90.8064,-90.6994,-90.6053,-90.5401,-90.4662,-90.4080,-90.3853,-90.4033,-90.4600,-90.5509,-90.6705,-90.8142,-90.9773,-91.1550,-91.3292,-91.4545,-91.5518,-91.6451,-91.7465,-91.8607,-91.9883,-92.1277,-92.2755,-92.3417,-92.3304,-92.2705,-92.2081,-92.1699,-92.1638,-92.1886,-92.2400,-92.3137,-92.4058,-92.5009,-92.4401,-92.2284,-91.8937,-91.4769,-91.0476,-90.6496,-90.3036,-90.0037,-89.7371,-89.5052,-89.3123,-89.1422,-88.9173,-88.6708,-88.4439,-88.2468,-88.0723,-87.9324,-87.8356,-87.7814,-87.7634,-87.7759,-87.8129,-87.8432,-87.8642,-87.8915,-87.9310,-87.9826,-88.0447,-88.1166,-88.1995,-88.2952,-88.3042,-88.2346,-88.1885,-88.1656,-88.1038,-88.0371,-87.9891,-87.9709,-87.9334,-87.8162,-87.6873,-87.5847,-87.5223,-87.4861,-87.4699,-87.4721,-87.4850,-87.5123,-87.5608,-87.6344,-87.7343,-87.8561,-87.9926,-88.1430,-88.3076,-88.4868,-88.6794,-88.8809,-89.0858,-89.2214,-89.2938,-89.3696,-89.4606,-89.5616,-89.6550,-89.7286,-89.7967,-89.8716,-89.9598,-90.0637,-90.1711,-90.2295,-90.2680,-90.3150,-90.3817,-90.4715,-90.5836,-90.7158,-90.8602,-91.0061,-91.1483,-91.2861,-91.4211,-91.5548,-91.6872,-91.8181,-91.9482,-92.0786,-92.2062,-92.3165,-92.4073,-92.4861,-92.5586,-92.6286,-92.6985,-92.7656,-92.8245,-92.8756,-92.9223,-92.9671,-93.0083,-93.0443,-93.0319,-92.9451,-92.8398,-92.7360,-92.6417,-92.5613,-92.4939,-92.4379,-92.3896,-92.3456,-92.3063,-92.2183,-92.0043,-91.8000,-91.6428,-91.5356,-91.4604,-91.3797,-91.2931,-91.2175,-91.1641,-91.1372,-91.1378,-91.1646,-91.2086,-91.2380,-91.2550,-91.2746,-91.3068,-91.3546,-91.4097,-91.4458,-91.4081,-91.1489,-90.7976,-90.4592,-90.1450,-89.7854,-89.4488,-89.1560,-88.8851,-88.6304,-88.4034,-88.2133,-88.0648,-87.9589,-87.8944,-87.8687,-87.8786,-87.9208,-87.9920,-88.0889,-88.2087,-88.3484,-88.5057,-88.6782,-88.8637,-89.0604,-89.2665,-89.4804,-89.7006,-89.9257,-90.1529,-90.3728,-90.5798,-90.7744,-90.9561,-91.0863,-91.1460,-91.1698,-91.1373,-91.0314,-90.9162,-90.8219,-90.7597,-90.7316,-90.7361,-90.7698,-90.8290,-90.9100,-91.0096,-91.1249,-91.2533,-91.3856,-91.4786,-91.5315,-91.5670,-91.6024,-91.6370,-91.6468,-91.6350,-91.6137,-91.5939,-91.5832,-91.5863,-91.6048,-91.6364,-91.6774,-91.7256,-91.7787,-91.8096,-91.7989,-91.7534,-91.6683,-91.5429,-91.3904,-91.2290,-91.0741,-90.9367,-90.8234,-90.7376,-90.6801,-90.6506,-90.6475,-90.6690,-90.7128,-90.7768,-90.8586,-90.9563,-91.0676,-91.1854,-91.3002,-91.4058,-91.4914,-91.5606,-91.6225,-91.6843,-91.7504,-91.8235,-91.8997,-91.9286,-91.9234,-91.9149,-91.9130,-91.9038,-91.8752,-91.8298,-91.7765,-91.7241,-91.6796,-91.6474,-91.6300,-91.6224,-91.5757,-91.4731,-91.3455,-91.2140,-91.0898,-90.9750,-90.8693,-90.7756,-90.6980,-90.6342,-90.5776,-90.5262,-90.4821,-90.4482,-90.3984,-90.1971,-89.9600,-89.7225,-89.4911,-89.2454,-88.9812,-88.7162,-88.4692,-88.2521,-88.0659,-87.9074,-87.7618,-87.5889,-87.3700,-87.1145,-86.8743,-86.6595,-86.4756,-86.3279,-86.2184,-86.1470,-86.1120,-86.1098,-86.1344,-86.1793,-86.2387,-86.3090,-86.3895,-86.4803,-86.5769,-86.6628,-86.7293,-86.7817,-86.8235,-86.7562,-86.6512,-86.5689,-86.5264,-86.5051,-86.4376,-86.3000,-86.1260,-85.9437,-85.7752,-85.6336,-85.5255,-85.4530,-85.4160,-85.4128,-85.4410,-85.4980,-85.5810,-85.6867,-85.8112,-85.9494,-86.0936,-86.2346,-86.3679,-86.4917,-86.6027,-86.7025,-86.7964,-86.8900,-86.9876,-87.0924,-87.2049,-87.3118,-87.4077,-87.5003,-87.5967,-87.7017,-87.8151,-87.9346,-88.0592,-88.1894,-88.1945,-88.1246,-88.0750,-88.0662,-88.0995,-88.1611,-88.1729,-88.1645,-88.1690,-88.1975,-88.2522,-88.3312,-88.4270,-88.4987,-88.4895,-88.4239,-88.3451,-88.2771,-88.2312,-88.2116,-88.2188,-88.2516,-88.3080,-88.3854,-88.4817,-88.5944,-88.7193,-88.8313,-88.9244,-89.0114,-89.1021,-89.1996,-89.2941,-89.3781,-89.4490,-89.5092,-89.5643,-89.6152,-89.6573,-89.6893,-89.7141,-89.7362,-89.7509,-89.7518,-89.7447,-89.7384,-89.7394,-89.7497,-89.7567,-89.7583,-89.7340,-89.6420,-89.5162,-89.3783,-89.2436,-89.0817,-88.8525,-88.5916,-88.3429,-88.1293,-87.9597,-87.8354,-87.7545,-87.7128,-87.7035,-87.6611,-87.4935,-87.3335,-87.2182,-87.1535,-87.1318,-87.1369,-87.1491,-87.1633,-87.1828,-87.2126,-87.2562,-87.3160,-87.3929,-87.4868,-87.5971,-87.7226,-87.8619,-88.0137,-88.1762,-88.3316,-88.4620,-88.5758,-88.6791,-88.7731,-88.7915,-88.6159,-88.3251,-88.0548,-87.8289,-87.6420,-87.4750,-87.3316,-87.0779,-86.8086,-86.5845,-86.4190,-86.3110,-86.2528,-86.2347,-86.2226,-86.1324,-86.0118,-85.8490,-85.6590,-85.4719,-85.3027,-85.1577,-85.0341,-84.9273,-84.8366,-84.7444,-84.6315,-84.5077,-84.3051,-84.0760,-83.7924,-83.4296,-83.0534,-82.7206,-82.3563,-82.0192,-81.7546,-81.5693,-81.4573,-81.4093,-81.4156,-81.4675,-81.5431,-81.5598,-81.4601,-81.2826,-81.1092,-80.9836,-80.8982,-80.8345,-80.8004,-80.7974,-80.8246,-80.8804,-80.9636,-81.0720,-81.2025,-81.3450,-81.4750,-81.5888,-81.6956,-81.8048,-81.9224,-82.0263,-82.0159,-81.9359,-81.8303,-81.7371,-81.6736,-81.6462,-81.6558,-81.6791,-81.6615,-81.6456,-81.6526,-81.6861,-81.7453,-81.8293,-81.9366,-82.0658,-82.2153,-82.3657,-82.4925,-82.6085,-82.7287,-82.8619,-83.0122,-83.1808,-83.3671,-83.5603,-83.7418,-83.9082,-84.0430,-84.1480,-84.2410,-84.3361,-84.4417,-84.5618,-84.6979,-84.8477,-85.0022,-85.1552,-85.3043,-85.4475,-85.5821,-85.7012,-85.8095,-85.9153,-86.0247,-86.1419,-86.2680,-86.3988,-86.5329,-86.6713,-86.8155,-86.9633,-87.0947,-87.2150,-87.3341,-87.4473,-87.5470,-87.6358,-87.7206,-87.8022,-87.8619,-87.9001,-87.9079,-87.8765,-87.8204,-87.7243,-87.5855,-87.4365,-87.2980,-87.1840,-87.0963,-87.0154,-86.9248,-86.8221,-86.7190,-86.6228,-86.5356,-86.3447,-86.0964,-85.8525,-85.6341,-85.4517,-85.3092,-85.2069,-85.1428,-85.1140,-85.1173,-85.1495,-85.1948,-85.2400,-85.2945,-85.3647,-85.4521,-85.5540,-85.6657,-85.7846,-85.9098,-86.0017,-86.0017,-85.9703,-85.9412,-85.9298,-85.9420,-85.9790,-86.0398,-86.1227,-86.2254,-86.3458,-86.4817,-86.6312,-86.7925,-86.9641,-87.1444,-87.3312,-87.5214,-87.7129,-87.9042,-88.0949,-88.2822,-88.4532,-88.6018,-88.7325,-88.8529,-88.9697,-89.0849,-89.1462,-89.1611,-89.1205,-89.0318,-88.9456,-88.8670,-88.7692,-88.6605,-88.5576,-88.4638,-88.3659,-88.2728,-88.1953,-88.1393,-88.1072,-88.0992,-88.1142,-88.1492,-88.1994,-88.2565,-88.3138,-88.3695,-88.4251,-88.4805,-88.5337,-88.5846,-88.6353,-88.6873,-88.7403,-88.7955,-88.8525,-88.8980,-88.9255,-88.8836,-88.7850,-88.6683,-88.5408,-88.4089,-88.2815,-88.1647,-88.0566,-87.9518,-87.8482,-87.7481,-87.6565,-87.5782,-87.5170,-87.4702,-87.4309,-87.3970,-87.3681,-87.3444,-87.3278,-87.3204,-87.3195,-87.3210,-87.3190,-87.2857,-87.2260,-87.1602,-87.0997,-87.0092,-86.8810,-86.7351,-86.5844,-86.4292,-86.2290,-85.9773,-85.7010,-85.4195,-85.1477,-84.8967,-84.6711,-84.4736,-84.3061,-84.1664,-84.0504,-83.9423,-83.8104,-83.6657,-83.5304,-83.4185,-83.2948,-83.0763,-82.8077,-82.5315,-82.2776,-81.9145,-81.4987,-81.0922,-80.6794,-80.3151,-80.0239,-79.8048,-79.6475,-79.5422,-79.4784,-79.4388,-79.4074,-79.3418,-79.2285,-79.0957,-78.9708,-78.8132,-78.6261,-78.4539,-78.3184,-78.2274,-78.1765,-78.1278,-78.0485,-77.9676,-77.9101,-77.8877,-77.9037,-77.9561,-78.0402,-78.1519,-78.2877,-78.4350,-78.5508,-78.6297,-78.6906,-78.7504,-78.8205,-78.9075,-79.0147,-79.1434,-79.2932,-79.4579,-79.6278,-79.8011,-79.9803,-80.1683,-80.3638,-80.5121,-80.6266,-80.7415,-80.8512,-80.9569,-81.0730,-81.2081,-81.3652,-81.5389,-81.7152,-81.8938,-82.0790,-82.2742,-82.4806,-82.6527,-82.7441,-82.8249,-82.9258,-83.0466,-83.1792,-83.3171,-83.4598,-83.6059,-83.7465,-83.8752,-83.9931,-84.1054,-84.2150,-84.3220,-84.4232,-84.4416,-84.3968,-84.3313,-84.2633,-84.2050,-84.1640,-84.1441,-84.1395,-83.9949,-83.7539,-83.5179,-83.3224,-83.1770,-83.0799,-83.0257,-83.0086,-82.9826,-82.8983,-82.8205,-82.7745,-82.7489,-82.7134,-82.6082,-82.4335,-82.2629,-82.1278,-82.0389,-81.9972,-81.9996,-82.0410,-82.1165,-82.2215,-82.3516,-82.4994,-82.6557,-82.8169,-82.9829,-83.1251,-83.2054,-83.2671,-83.3197,-83.3405,-83.3200,-83.2796,-83.2399,-83.2141,-83.2085,-83.1078,-82.8366,-82.5691,-82.3567,-82.1844,-82.0194,-81.8748,-81.7609,-81.6783,-81.6250,-81.5995,-81.5939,-81.5807,-81.5636,-81.5510,-81.5425,-81.5358,-81.5286,-81.4946,-81.4249,-81.2828,-81.0995,-80.9163,-80.7530,-80.5938,-80.3678,-80.1283,-79.9092,-79.7264,-79.5853,-79.4861,-79.4260,-79.3976,-79.3936,-79.4056,-79.4269,-79.4497,-79.4661,-79.4789,-79.4950,-79.5202,-79.5593,-79.6159,-79.6804,-79.7104,-79.6968,-79.6460,-79.5383,-79.4106,-79.3020,-79.1291,-78.9305,-78.7707,-78.6572,-78.5736,-78.5143,-78.4228,-78.2665,-78.1088,-77.9789,-77.8898,-77.8454,-77.8453,-77.8865,-77.9653,-78.0775,-78.2193,-78.3863,-78.5018,-78.5724,-78.6537,-78.7663,-78.9017,-79.0391,-79.1833,-79.3306,-79.3660,-79.2568,-79.1103,-78.9514,-78.7774,-78.6094,-78.4655,-78.3547,-78.2317,-78.1061,-78.0075,-77.9391,-77.8951,-77.8773,-77.8894,-77.9303,-77.9095,-77.8379,-77.7756,-77.7175,-77.6275,-77.5246,-77.4348,-77.3689,-77.3273,-77.2958,-77.1954,-76.9445,-76.6360,-76.3446,-76.0879,-75.8748,-75.7125,-75.6035,-75.5465,-75.5379,-75.5726,-75.6363,-75.6891,-75.7417,-75.8047,-75.8545,-75.9047,-75.9734,-76.0340,-76.0477,-76.0394,-76.0238,-75.9909,-75.9472,-75.9103,-75.8936,-75.9044,-75.9203,-75.9175,-75.8843,-75.8362,-75.8060,-75.8102,-75.8541,-75.8924,-75.9137,-75.9430,-75.8972,-75.7905,-75.6793,-75.5816,-75.5081,-75.4307,-75.3462,-75.2875,-75.2559,-75.2419,-75.2478,-75.2787,-75.3379,-75.4266,-75.5442,-75.6894,-75.8602,-76.0543,-76.2698,-76.5045,-76.7565,-77.0202,-77.2841,-77.5471,-77.8121,-78.0814,-78.3566,-78.6385,-78.9272,-79.2217,-79.5198,-79.8203,-80.1204,-80.4160,-80.7049,-80.9805,-81.2276,-81.4393,-81.6224,-81.7829,-81.9031,-81.9629,-81.9549,-81.8853,-81.7625,-81.5387,-81.1725,-80.7599,-80.3690,-80.0274,-79.7450,-79.5226,-79.3571,-79.2438,-79.1774,-79.1515,-79.1492,-79.1587,-79.1262,-79.0654,-79.0028,-78.9320,-78.8495,-78.7544,-78.6498,-78.5463,-78.4570,-78.3915,-78.3559,-78.3530,-78.3550,-78.3288,-78.2977,-78.2767,-78.2775,-78.3068,-78.3672,-78.4585,-78.5733,-78.6809,-78.7675,-78.8457,-78.9290,-79.0263,-79.1420,-79.2760,-79.4171,-79.5602,-79.7086,-79.8664,-80.0367,-80.2208,-80.4156,-80.6156,-80.8134,-80.9772,-81.1145,-81.2464,-81.3845,-81.5234,-81.6360,-81.7070,-81.7581,-81.8078,-81.8661,-81.9382,-82.0207,-81.9765,-81.7988,-81.6053,-81.4430,-81.3271,-81.2562,-81.2187,-81.2023,-81.2003,-81.2024,-81.2029,-81.2063,-81.2118,-81.1886,-81.0975,-80.9877,-80.8978,-80.8436,-80.8286,-80.8507,-80.9038,-80.9603,-81.0075,-81.0467,-81.0758,-81.0360,-80.9394,-80.8321,-80.7200,-80.5505,-80.3545,-80.1721,-80.0238,-79.9166,-79.8513,-79.8259,-79.8349,-79.8681,-79.9202,-79.9906,-80.0798,-80.1879,-80.3056,-80.4070,-80.4898,-80.5665,-80.6476,-80.7249,-80.7249,-80.6618,-80.5621,-80.4352,-80.3140,-80.2202,-80.1619,-80.1366,-80.1355,-80.1451,-80.1592,-80.1789,-80.2071,-80.2469,-80.3010,-80.3718,-80.4604,-80.5671,-80.6781,-80.7788,-80.8614,-80.9159,-80.9517,-80.9783,-81.0062,-81.0433,-81.0904,-81.1183,-81.0302,-80.8482,-80.5957,-80.3389,-80.1101,-79.9220,-79.6867,-79.4406,-79.2407,-79.1025,-79.0213,-78.9593,-78.9030,-78.8630,-78.8487,-78.8650,-78.9126,-78.9889,-79.0887,-79.2077,-79.3354,-79.3627,-79.3601,-79.3802,-79.4346,-79.4749,-79.4911,-79.4951,-79.4979,-79.4348,-79.3264,-79.2379,-79.1759,-79.0988,-79.0230,-78.9688,-78.9466,-78.9600,-79.0089,-79.0916,-79.2045,-79.3382,-79.4765,-79.5850,-79.6728,-79.7593,-79.8508,-79.9477,-80.0474,-80.1493,-80.2563,-80.3701,-80.4868,-80.5942,-80.6846,-80.7610,-80.8274,-80.8732,-80.8843,-80.7942,-80.6507,-80.5104,-80.3981,-80.3230,-80.2870,-80.2805,-80.2877,-80.3050,-80.3354,-80.3713,-80.3655,-80.3454,-80.3398,-80.3617,-80.4154,-80.5005,-80.6149,-80.7485,-80.8801,-81.0005,-81.1069,-81.2002,-81.2855,-81.3695,-81.4547,-81.5377,-81.6093,-81.6552,-81.6698,-81.6601,-81.6337,-81.6004,-81.5545,-81.4949,-81.4345,-81.3852,-81.3532,-81.3380,-81.3298,-81.3192,-81.3098,-81.3088,-81.3222,-81.3352,-81.3031,-81.2648,-81.2425,-81.2445,-81.2742,-81.3325,-81.4183,-81.5292,-81.6606,-81.8090,-81.9720,-82.1471,-82.3004,-82.3166,-82.3094,-82.3052,-82.2945,-82.2786,-82.2660,-82.2652,-82.2823,-82.3209,-82.3815,-82.4115,-82.3160,-82.1130,-81.9168,-81.7595,-81.6464,-81.5757,-81.5432,-81.5451,-81.5786,-81.6307,-81.6260,-81.6083,-81.6144,-81.6495,-81.6880,-81.7345,-81.8014,-81.8950,-82.0154,-82.1598,-82.3251,-82.5086,-82.7052,-82.8998,-83.0783,-83.2437,-83.4030,-83.5444,-83.6653,-83.7776,-83.8925,-84.0176,-84.1567,-84.3074,-84.4617,-84.6209,-84.7196,-84.7555,-84.7595,-84.6733,-84.5533,-84.4593,-84.4079,-84.3986,-84.4232,-84.4322,-84.4213,-84.3968,-84.3644,-84.3355,-84.3194,-84.2994,-84.2318,-84.1413,-84.0504,-83.9704,-83.9073,-83.8650,-83.8459,-83.8511,-83.8809,-83.9328,-83.9195,-83.8662,-83.8291,-83.8273,-83.8645,-83.9376,-84.0186,-84.0869,-84.1365,-84.1367,-84.0995,-84.0516,-84.0124,-83.9173,-83.7003,-83.4568,-83.1708,-82.8352,-82.5070,-82.1837,-81.8561,-81.5618,-81.3142,-81.1172,-80.9585,-80.7899,-80.6373,-80.5243,-80.4596,-80.4437,-80.4730,-80.5417,-80.6444,-80.7761,-80.9328,-81.1042,-81.2779,-81.4476,-81.6058,-81.7454,-81.8572,-81.8071,-81.6968,-81.5799,-81.4763,-81.3995,-81.3562,-81.3486,-81.3758,-81.4340,-81.5054,-81.5820,-81.6687,-81.7711,-81.8914,-82.0288,-82.1574,-82.1982,-82.1284,-81.9331,-81.6851,-81.4430,-81.2363,-81.0770,-80.9682,-80.9081,-80.8891,-80.8898,-80.9016,-80.9283,-80.9746,-81.0417,-81.1274,-81.2300,-81.3480,-81.4744,-81.5406,-81.5101,-81.3560,-81.1121,-80.8196,-80.5129,-80.1679,-79.6995,-79.1476,-78.5859,-78.0846,-77.6692,-77.3439,-77.1032,-76.9385,-76.8400,-76.7784,-76.6839,-76.5832,-76.4994,-76.4447,-76.4243,-76.4397,-76.4899,-76.5679,-76.6631,-76.7708,-76.8898,-77.0166,-77.1492,-77.2841,-77.4154,-77.5468,-77.6845,-77.8326,-77.9928,-78.1654,-78.3506,-78.5023,-78.6053,-78.7039,-78.8135,-78.9343,-79.0577,-79.1599,-79.1726,-79.0885,-78.9846,-78.8915,-78.7841,-78.6470,-78.4529,-78.1608,-77.8464,-77.5659,-77.3430,-77.1835,-77.0850,-77.0422,-77.0487,-77.0988,-77.1870,-77.3090,-77.4607,-77.6389,-77.8408,-78.0638,-78.3027,-78.4480,-78.5399,-78.6086,-78.6476,-78.6741,-78.7017,-78.6777,-78.6319,-78.6037,-78.5959,-78.6117,-78.6377,-78.6296,-78.5786,-78.5029,-78.4346,-78.3928,-78.3844,-78.4102,-78.4687,-78.5557,-78.6394,-78.6844,-78.6719,-78.4560,-78.1401,-77.8152,-77.5182,-77.2602,-77.0429,-76.8663,-76.7300,-76.6334,-76.5756,-76.5548,-76.5654,-76.6023,-76.6647,-76.7477,-76.8245,-76.8957,-76.9752,-77.0727,-77.1913,-77.3256,-77.4609,-77.5573,-77.5485,-77.3802,-77.2054,-77.0754,-76.9968,-76.9661,-76.9788,-77.0256,-77.0975,-77.1944,-77.3172,-77.4657,-77.6389,-77.8351,-78.0525,-78.2891,-78.5431,-78.8128,-79.0967,-79.3931,-79.6923,-79.8631,-79.9964,-80.1427,-80.3140,-80.5120,-80.7348,-80.9685,-81.1844,-81.3801,-81.5416,-81.6716,-81.7859,-81.8990,-81.9863,-82.0078,-82.0236,-82.0562,-82.1082,-82.1763,-82.2568,-82.3493,-82.4553,-82.5769,-82.7143,-82.8602,-82.9453,-82.9917,-83.0262,-83.0661,-83.1265,-83.2141,-83.3155,-83.4023,-83.4799,-83.5606,-83.6533,-83.7632,-83.8922,-84.0408,-84.2082,-84.3137,-84.3538,-84.4045,-84.4875,-84.6059,-84.7559,-84.9024,-84.9890,-85.0172,-85.0277,-85.0474,-85.0844,-85.1315,-85.1873,-85.2550,-85.3377,-85.4363,-85.5499,-85.6756,-85.7968,-85.8787,-85.9046,-85.9040,-85.8960,-85.8099,-85.6581,-85.4686,-85.2845,-85.1335,-85.0273,-84.9612,-84.9001,-84.8242,-84.6941,-84.5404,-84.3366,-84.1076,-83.8860,-83.6870,-83.5163,-83.3756,-83.2650,-83.1846,-83.1345,-83.1146,-83.1239,-83.1613,-83.2251,-83.3135,-83.4180,-83.5236,-83.6304,-83.7443,-83.8699,-84.0100,-84.1655,-84.3364,-84.5040,-84.5517,-84.5339,-84.5149,-84.5212,-84.5612,-84.6355,-84.7416,-84.8757,-85.0311,-85.1994,-85.3741,-85.5441,-85.6713,-85.7101,-85.6900,-85.6416,-85.5860,-85.5376,-85.5009,-85.4720,-85.4501,-85.4389,-85.4045,-85.2927,-85.1239,-84.8612,-84.5712,-84.3197,-84.1228,-83.9803,-83.8588,-83.7382,-83.6444,-83.5903,-83.5771,-83.5619,-83.4607,-83.2752,-83.0801,-82.9276,-82.8356,-82.8004,-82.8061,-82.7896,-82.7015,-82.6266,-82.5942,-82.6105,-82.6676,-82.7389,-82.7089,-82.5760,-82.4403,-82.3395,-82.2867,-82.2842,-82.3287,-82.4065,-82.5028,-82.6157,-82.7475,-82.8998,-83.0696,-83.2502,-83.4350,-83.6203,-83.8080,-84.0014,-84.2031,-84.4144,-84.6336,-84.8562,-85.0747,-85.2812,-85.4093,-85.4393,-85.3910,-85.3266,-85.2038,-85.0508,-84.9340,-84.8726,-84.8673,-84.9129,-85.0021,-85.1279,-85.2839,-85.4556,-85.6205,-85.7676,-85.8910,-85.9949,-86.0896,-86.1852,-86.2891,-86.4056,-86.5373,-86.6850,-86.8478,-87.0175,-87.1817,-87.3153,-87.3698,-87.3910,-87.4151,-87.4582,-87.5206,-87.5240,-87.4905,-87.4513,-87.4142,-87.3822,-87.3591,-87.3489,-87.3485,-87.3187,-87.1781,-86.9438,-86.7041,-86.3531,-86.0074,-85.7285,-85.5274,-85.4000,-85.3372,-85.3296,-85.3686,-85.4469,-85.5583,-85.6977,-85.8589,-86.0180,-86.1758,-86.3411,-86.5087,-86.5990,-86.6493,-86.7028,-86.7739,-86.8659,-86.9772,-87.0702,-87.0870,-87.0878,-87.1038,-87.1455,-87.2147,-87.3100,-87.4287,-87.5667,-87.7155,-87.8671,-88.0129,-88.1144,-88.1810,-88.2382,-88.3015,-88.3784,-88.4718,-88.5823,-88.7083,-88.8466,-88.9939,-89.1481,-89.2974,-89.3914,-89.4294,-89.3221,-89.1154,-88.9199,-88.7526,-88.6153,-88.5027,-88.2794,-88.0492,-87.8608,-87.7128,-87.5999,-87.5078,-87.4221,-87.3408,-87.2549,-87.1617,-87.0697,-86.9886,-86.9240,-86.8790,-86.8554,-86.8546,-86.8767,-86.9213,-86.9541,-86.9502,-86.9453,-86.9596,-87.0004,-87.0677,-87.1583,-87.2466,-87.2944,-87.3281,-87.3593,-87.3902,-87.3701,-87.2721,-87.1471,-86.8941,-86.6188,-86.3743,-86.1680,-85.9958,-85.8312,-85.6199,-85.4188,-85.2603,-85.1456,-85.0680,-85.0232,-85.0090,-85.0251,-85.0423,-85.0118,-84.9844,-84.9866,-85.0164,-85.0685,-85.1428,-85.2383,-85.3328,-85.4126,-85.4782,-85.5269,-85.4755,-85.3775,-85.2886,-85.2317,-85.2084,-85.1830,-85.1367,-85.0819,-85.0300,-84.9290,-84.7892,-84.5796,-84.3435,-84.1290,-83.9556,-83.8301,-83.7521,-83.7166,-83.7187,-83.7523,-83.8089,-83.8838,-83.9757,-84.0848,-84.2113,-84.3539,-84.5107,-84.6805,-84.8616,-85.0480,-85.2348,-85.4209,-85.6067,-85.7932,-85.9817,-86.1731,-86.3675,-86.5649,-86.7657,-86.9701,-87.1787,-87.3910,-87.6050,-87.8192,-88.0333,-88.2478,-88.4629,-88.6788,-88.8952,-89.0938,-89.2524,-89.2572,-89.1772,-89.0846,-89.0054,-88.9501,-88.8988,-88.7903,-88.6775,-88.5280,-88.2951,-88.0964,-87.9553,-87.8712,-87.8375,-87.8442,-87.8799,-87.9371,-88.0117,-88.1022,-88.2081,-88.3282,-88.4523,-88.5631,-88.6026,-88.6021,-88.5971,-88.5983,-88.6067,-88.6172,-88.6293,-88.6158,-88.4635,-88.3036,-88.1853,-88.1194,-88.1042,-88.1227,-88.1258,-88.1250,-88.1364,-88.1671,-88.2194,-88.2933,-88.3818,-88.4736,-88.5679,-88.6683,-88.7780,-88.8990,-89.0323,-89.1780,-89.3342,-89.4664,-89.5253,-89.5249,-89.5146,-89.5203,-89.5522,-89.6101,-89.6622,-89.7033,-89.7510,-89.8158,-89.9016,-90.0084,-90.1347,-90.2780,-90.4184,-90.4329,-90.3572,-90.2922,-90.2579,-90.2566,-90.2849,-90.3259,-90.3624,-90.3879,-90.4050,-90.4182,-90.4056,-90.3492,-90.2622,-90.1577,-90.0450,-89.9208,-89.7546,-89.5676,-89.3867,-89.2279,-89.0987,-89.0022,-88.9384,-88.9060,-88.9024,-88.9225,-88.9611,-89.0158,-89.0837,-89.1598,-89.2344,-89.2068,-89.1069,-88.8952,-88.6012,-88.2962,-88.0192,-87.7862,-87.6016,-87.4645,-87.3718,-87.3194,-87.2979,-87.0666,-86.7064,-86.3674,-86.0977,-85.9062,-85.7879,-85.7335,-85.7036,-85.6516,-85.5953,-85.5464,-85.5141,-85.4987,-85.4742,-85.4398,-85.4060,-85.3778,-85.3443,-85.2993,-85.1680,-84.9978,-84.8408,-84.7193,-84.6409,-84.6063,-84.6131,-84.6575,-84.7357,-84.8438,-84.9783,-85.1362,-85.3132,-85.3961,-85.4315,-85.4697,-85.5070,-85.5482,-85.5994,-85.6658,-85.7509,-85.8565,-85.9829,-86.1297,-86.2957,-86.4794,-86.6789,-86.8924,-87.1183,-87.3117,-87.4506,-87.5795,-87.7155,-87.8607,-88.0131,-88.1639,-88.2958,-88.3625,-88.3579,-88.3074,-88.2315,-88.1432,-88.0478,-87.9250,-87.7939,-87.6776,-87.5703,-87.4583,-87.3609,-87.2924,-87.2585,-87.1878,-87.0754,-86.9201,-86.7622,-86.5923,-86.4262,-86.3022,-86.2342,-86.2229,-86.2635,-86.3432,-86.4186,-86.4941,-86.5824,-86.6852,-86.7970,-86.9146,-87.0392,-87.1730,-87.3101,-87.4444,-87.5771,-87.6935,-87.7935,-87.8699,-87.7832,-87.6468,-87.5253,-87.4399,-87.3925,-87.3787,-87.3940,-87.4339,-87.4953,-87.5713,-87.6538,-87.7415,-87.8365,-87.9413,-88.0576,-88.1862,-88.3251,-88.4672,-88.6073,-88.7451,-88.8832,-89.0246,-89.1700,-89.3162,-89.4575,-89.5900,-89.7146,-89.8313,-89.9196,-89.9444,-89.9205,-89.8762,-89.8261,-89.7163,-89.5649,-89.3215,-89.0234,-88.7257,-88.4422,-88.1900,-87.9809,-87.8194,-87.6756,-87.5346,-87.4106,-87.2945,-87.1203,-86.9411,-86.7914,-86.6790,-86.6004,-86.5536,-86.5368,-86.5451,-86.5731,-86.6182,-86.6803,-86.7598,-86.8485,-86.9070,-86.9367,-86.9536,-86.9687,-86.9899,-87.0231,-87.0719,-87.1382,-87.2229,-87.2977,-87.2576,-87.1154,-86.9447,-86.7866,-86.6612,-86.5697,-86.5032,-86.4601,-86.4437,-86.4569,-86.5007,-86.5748,-86.6775,-86.7587,-86.7651,-86.7643,-86.7785,-86.7382,-86.6562,-86.5824,-86.5368,-86.5156,-86.5158,-86.5316,-86.5576,-86.5935,-86.6418,-86.7047,-86.7362,-86.7229,-86.7091,-86.7004,-86.6897,-86.6713,-86.6506,-86.6370,-86.6381,-86.6589,-86.7019,-86.7677,-86.8550,-86.9597,-87.0637,-87.1262,-87.1461,-87.1436,-87.1380,-87.1419,-87.1628,-87.2041,-87.2670,-87.3513,-87.4559,-87.5612,-87.5434,-87.4879,-87.4340,-87.3734,-87.2515,-87.0975,-86.9745,-86.9028,-86.8840,-86.9092,-86.9634,-87.0143,-86.9523,-86.8258,-86.7039,-86.5831,-86.4188,-86.2706,-86.1644,-86.1063,-86.0951,-86.1273,-86.1984,-86.3039,-86.4395,-86.6000,-86.7422,-86.8553,-86.9594,-87.0629,-87.1698,-87.2837,-87.4074,-87.5430,-87.6916,-87.8525,-88.0160,-88.1625,-88.2033,-88.1981,-88.1820,-88.0376,-87.8852,-87.7793,-87.7285,-87.7297,-87.7765,-87.8611,-87.9708,-88.0658,-88.0650,-88.0436,-88.0388,-88.0607,-88.1094,-88.1824,-88.2767,-88.3897,-88.5194,-88.6639,-88.8215,-88.9853,-89.1274,-89.2495,-89.3601,-89.4575,-89.5460,-89.6328,-89.7235,-89.8216,-89.9291,-90.0466,-90.1740,-90.3064,-90.4135,-90.4789,-90.5159,-90.5127,-90.4511,-90.3536,-90.2547,-90.1748,-90.0975,-89.9594,-89.8212,-89.7164,-89.6544,-89.6351,-89.6549,-89.7088,-89.7923,-89.9004,-90.0281,-90.1700,-90.3200,-90.4726,-90.6259,-90.7802,-90.9362,-91.0944,-91.2429,-91.2971,-91.2959,-91.2727,-91.2464,-91.2275,-91.2120,-91.1984,-91.1875,-91.1713,-91.1394,-91.0883,-91.0239,-90.9493,-90.7916,-90.5687,-90.3362,-90.1189,-89.8369,-89.5459,-89.2928,-89.0914,-88.9417,-88.8201,-88.7249,-88.6633,-88.6373,-88.6432,-88.6758,-88.7107,-88.7080,-88.6061,-88.4182,-88.2238,-88.0585,-87.9366,-87.8606,-87.8177,-87.7777,-87.7410,-87.7204,-87.7210,-87.7383,-87.7705,-87.8162,-87.8716,-87.9372,-88.0112,-88.0891,-88.1703,-88.2571,-88.3304,-88.3064,-88.1513,-87.9661,-87.8057,-87.6842,-87.5990,-87.4983,-87.3199,-87.1102,-86.8381,-86.3872,-85.9298,-85.5446,-85.2506,-85.0459,-84.9079,-84.7658,-84.6157,-84.4664,-84.3259,-84.2068,-84.1173,-84.0546,-84.0115,-83.9852,-83.9743,-83.9666,-83.9524,-83.9291,-83.8964,-83.8614,-83.8278,-83.7791,-83.7173,-83.6495,-83.5811,-83.5218,-83.4774,-83.4177,-83.3459,-83.2827,-83.1681,-83.0439,-82.9559,-82.9154,-82.9192,-82.9618,-83.0388,-83.1468,-83.2834,-83.4462,-83.6329,-83.8397,-84.0600,-84.2855,-84.4803,-84.6239,-84.6906,-84.6623,-84.6315,-84.6302,-84.6674,-84.7434,-84.8524,-84.9693,-85.0767,-85.1712,-85.2458,-85.2945,-85.2502,-85.1466,-85.0440,-84.9694,-84.9329,-84.9344,-84.9669,-85.0279,-85.1164,-85.2316,-85.3646,-85.4784,-85.5784,-85.6419,-85.6817,-85.7265,-85.7914,-85.8820,-85.9995,-86.1425,-86.3087,-86.4958,-86.7011,-86.9224,-87.1573,-87.4031,-87.6080,-87.6062,-87.4681,-87.2175,-86.8237,-86.4546,-86.1666,-85.9658,-85.8397,-85.6852,-85.5226,-85.4055,-85.3196,-85.2101,-85.1012,-85.0126,-84.9556,-84.9326,-84.9401,-84.9753,-85.0374,-85.1262,-85.2411,-85.3808,-85.5420,-85.7204,-85.9133,-86.1192,-86.3370,-86.5642,-86.7942,-87.0223,-87.2478,-87.4723,-87.6978,-87.9257,-88.1572,-88.3861,-88.4677,-88.5076,-88.5167,-88.5086,-88.5252,-88.5725,-88.5667,-88.4831,-88.3767,-88.2734,-88.1914,-88.1412,-88.1271,-88.1491,-88.2053,-88.2925,-88.4074,-88.5466,-88.7067,-88.8850,-89.0785,-89.2849,-89.4998,-89.7167,-89.9232,-90.0959,-90.2335,-90.3472,-90.4482,-90.5436,-90.6220,-90.6398,-90.6251,-90.6003,-90.5362,-90.4559,-90.3814,-90.2674,-90.1174,-89.9686,-89.8435,-89.7510,-89.6926,-89.6671,-89.6690,-89.6861,-89.7132,-89.7511,-89.7978,-89.8454,-89.8929,-89.9394,-89.9844,-90.0314,-90.0851,-90.1490,-90.2167,-90.2732,-90.3220,-90.3726,-90.4321,-90.5025,-90.5815,-90.6667,-90.7577,-90.8553,-90.9602,-91.0480,-91.0786,-91.0805,-91.0830,-91.1004,-91.1381,-91.1931,-91.2592,-91.3314,-91.4033,-91.4699,-91.5306,-91.5487,-91.4755,-91.3453,-91.0505,-90.7496,-90.5033,-90.3234,-90.2015,-90.1187,-90.0537,-89.9998,-89.9600,-89.9386,-89.9341,-89.8856,-89.7800,-89.6523,-89.5309,-89.4321,-89.3638,-89.3286,-89.3265,-89.3554,-89.3484,-89.3008,-89.2663,-89.2588,-89.2783,-89.3238,-89.3943,-89.4881,-89.6031,-89.7371,-89.8845,-90.0367,-90.1867,-90.3173,-90.4173,-90.4943,-90.5565,-90.5938,-90.6119,-90.6264,-90.6491,-90.6870,-90.7430,-90.8138,-90.8081,-90.7648,-90.7384,-90.7452,-90.7875,-90.8625,-90.9658,-91.0926,-91.2383,-91.3947,-91.5517,-91.6631,-91.6334,-91.5546,-91.4574,-91.3627,-91.2850,-91.2311,-91.1488,-91.0210,-90.8879,-90.7590,-90.5901,-90.3874,-90.1147,-89.7810,-89.4700,-89.2128,-89.0177,-88.8813,-88.7859,-88.7147,-88.6653,-88.6402,-88.6389,-88.6221,-88.5915,-88.5730,-88.5800,-88.6173,-88.6847,-88.7773,-88.8867,-89.0076,-89.1380,-89.2780,-89.4279,-89.5819,-89.7071,-89.8062,-89.8949,-89.9824,-90.0414,-90.0627,-90.0752,-90.0965,-90.1341,-90.1891,-90.2457,-90.3027,-90.3683,-90.4468,-90.5384,-90.5739,-90.5377,-90.4743,-90.4094,-90.3574,-90.3256,-90.3172,-90.3288,-90.3361,-90.3357,-90.2973,-90.2025,-90.0784,-89.9385,-89.7722,-89.5741,-89.3732,-89.1946,-89.0469,-88.9248,-88.8245,-88.7326,-88.6300,-88.5189,-88.4086,-88.3077,-88.2129,-88.1240,-88.0474,-87.9771,-87.7972,-87.5841,-87.3881,-87.2199,-87.0583,-86.8916,-86.7277,-86.5808,-86.4615,-86.3757,-86.3250,-86.3029,-86.3011,-86.3183,-86.3560,-86.4154,-86.4909,-86.5552,-86.6058,-86.6458,-86.6884,-86.7450,-86.8217,-86.9175,-87.0284,-87.1517,-87.2864,-87.4327,-87.5910,-87.7614,-87.9438,-88.1378,-88.3426,-88.5574,-88.7810,-89.0124,-89.2504,-89.4742,-89.5992,-89.6912,-89.7924,-89.8751,-89.9093,-89.9132,-89.8179,-89.6523,-89.4672,-89.3133,-89.2112,-89.1636,-89.1615,-89.1953,-89.2596,-89.3503,-89.4511,-89.5376,-89.5451,-89.4081,-89.2364,-89.0260,-88.8390,-88.7059,-88.6313,-88.6070,-88.6219,-88.6673,-88.7376,-88.8292,-88.9399,-89.0620,-89.1019,-89.0454,-88.9683,-88.9074,-88.8772,-88.8813,-88.9190,-88.9871,-89.0785,-89.1856,-89.3037,-89.4312,-89.5680,-89.7144,-89.8688,-90.0244,-90.1766,-90.3249,-90.4711,-90.6163,-90.7584,-90.8794,-90.9739,-91.0526,-91.1192,-91.1673,-91.1315,-91.0184,-90.9074,-90.7219,-90.4472,-90.1509,-89.9111,-89.7358,-89.6163,-89.5342,-89.4806,-89.4573,-89.4608,-89.4842,-89.5210,-89.5620,-89.5949,-89.5914,-89.5579,-89.5172,-89.4858,-89.4731,-89.4824,-89.5040,-89.5303,-89.5646,-89.6099,-89.5933,-89.5297,-89.4694,-89.4252,-89.3950,-89.3821,-89.3903,-89.4057,-89.3950,-89.3368,-89.1700,-88.9856,-88.8269,-88.7094,-88.6370,-88.6089,-88.6215,-88.6692,-88.7425,-88.8326,-88.9110,-88.9208,-88.8680,-88.7958,-88.7016,-88.5079,-88.3221,-88.1870,-88.1114,-88.0927,-88.1243,-88.1991,-88.3101,-88.4445,-88.5824,-88.7190,-88.8531,-88.9765,-89.0700,-89.1379,-89.1889,-89.2333,-89.2810,-89.3386,-89.3801,-89.3852,-89.3594,-89.3180,-89.2754,-89.2417,-89.1825,-89.0698,-88.9313,-88.7881,-88.6563,-88.5443,-88.4535,-88.3695,-88.1743,-87.9516,-87.7560,-87.6048,-87.5022,-87.4469,-87.4296,-87.3862,-87.3070,-87.2274,-87.1648,-87.1229,-87.0992,-87.0916,-87.0982,-87.0847,-87.0311,-86.9435,-86.8579,-86.7847,-86.6470,-86.4346,-86.2469,-86.1134,-86.0170,-85.9116,-85.8257,-85.7772,-85.7667,-85.7896,-85.8441,-85.9288,-86.0415,-86.1791,-86.3330,-86.4896,-86.6346,-86.7645,-86.8819,-86.9906,-87.0963,-87.2049,-87.3214,-87.4458,-87.5703,-87.6796,-87.7403,-87.7731,-87.8025,-87.8398,-87.8878,-87.9477,-88.0209,-88.1048,-88.1902,-88.2758,-88.3656,-88.4638,-88.5731,-88.6950,-88.8116,-88.9067,-88.9783,-89.0040,-89.0136,-89.0277,-89.0403,-89.0411,-88.9833,-88.8843,-88.7028,-88.4815,-88.2840,-88.1329,-88.0332,-87.9815,-87.9705,-87.9926,-88.0414,-88.1068,-88.1475,-88.1475,-88.1215,-88.0841,-88.0466,-88.0172,-88.0021,-88.0027,-88.0164,-88.0417,-88.0796,-88.1318,-88.2000,-88.2851,-88.3862,-88.4216,-88.4047,-88.3987,-88.4256,-88.4900,-88.5893,-88.7187,-88.8666,-89.0154,-89.1638,-89.3164,-89.4764,-89.6454,-89.8233,-89.9029,-89.9212,-89.9519,-90.0080,-90.0869,-90.1745,-90.2260,-90.2280,-90.1639,-90.0745,-89.9925,-89.9340,-89.8991,-89.8536,-89.7704,-89.6360,-89.4916,-89.3508,-89.2269,-89.1259,-89.0480,-88.9940,-88.9647,-88.9607,-88.9813,-89.0241,-89.0859,-89.1621,-89.2489,-89.3452,-89.4512,-89.5672,-89.6918,-89.8206,-89.9508,-90.0819,-90.1906,-90.2471,-90.2853,-90.3301,-90.3895,-90.4569,-90.5295,-90.6068,-90.6850,-90.7631,-90.8429,-90.9270,-91.0175,-91.1161,-91.2222,-91.3136,-91.3816,-91.4417,-91.5062,-91.5811,-91.6687,-91.7691,-91.8778,-91.9792,-92.0482,-92.0725,-92.0454,-91.9774,-91.8884,-91.7954,-91.7099,-91.6388,-91.5761,-91.4233,-91.2122,-90.9846,-90.7328,-90.4784,-90.2441,-90.0352,-89.8315,-89.6310,-89.4341,-89.2437,-89.0572,-88.8173,-88.5240,-88.2361,-87.9819,-87.7582,-87.5429,-87.3399,-87.1543,-86.9610,-86.7231,-86.4837,-86.2741,-86.1049,-85.9762,-85.8837,-85.8225,-85.7893,-85.7833,-85.7874,-85.7022,-85.5508,-85.4126,-85.3203,-85.2826,-85.2980,-85.3614,-85.4634,-85.5858,-85.7175,-85.8583,-86.0119,-86.1811,-86.3675,-86.5711,-86.7878,-87.0047,-87.2086,-87.3746,-87.5155,-87.6402,-87.7502,-87.8115,-87.8381,-87.8414,-87.8356,-87.8402,-87.8676,-87.9231,-88.0080,-88.1212,-88.2603,-88.4226,-88.6053,-88.8057,-89.0211,-89.2492,-89.4876,-89.7344,-89.9793,-90.2077,-90.4226,-90.6307,-90.8133,-90.9554,-91.0789,-91.2009,-91.3305,-91.4688,-91.6010,-91.7224,-91.8391,-91.9578,-92.0820,-92.2101,-92.3378,-92.4650,-92.5921,-92.6564,-92.6537,-92.6224,-92.5695,-92.4921,-92.4140,-92.3533,-92.3183,-92.3116,-92.3321,-92.3774,-92.4317,-92.4594,-92.4736,-92.4801,-92.4584,-92.4144,-92.3660,-92.3271,-92.3035,-92.2395,-92.0985,-91.9149,-91.6461,-91.3338,-91.0284,-90.7549,-90.5116,-90.2239,-89.9227,-89.6539,-89.4127,-89.1937,-88.9578,-88.6690,-88.3713,-88.0767,-87.8026,-87.5610,-87.3270,-87.0989,-86.8979,-86.7372,-86.6221,-86.5530,-86.5269,-86.5212,-86.5004,-86.4580,-86.4040,-86.3543,-86.3175,-86.2969,-86.2546,-86.0864,-85.9280,-85.8215,-85.7738,-85.7807,-85.8242,-85.8555,-85.8800,-85.9174,-85.9782,-86.0650,-86.1754,-86.3065,-86.4564,-86.6235,-86.8063,-86.9356,-87.0152,-87.1055,-87.2150,-87.3421,-87.4856,-87.6449,-87.8190,-88.0070,-88.2068,-88.4108,-88.6158,-88.8232,-89.0344,-89.2504,-89.4709,-89.6759,-89.8176,-89.9054,-89.9709,-90.0304,-90.0836,-90.1259,-90.1567,-90.1822,-90.2101,-90.2465,-90.2956,-90.3596,-90.4395,-90.5346,-90.6395,-90.7469,-90.8555,-90.9672,-91.0648,-91.0171,-90.9483,-90.9117,-90.9183,-90.9662,-91.0494,-91.1615,-91.2952,-91.4377,-91.5839,-91.7328,-91.8823,-92.0218,-92.1440,-92.2465,-92.3344,-92.4029,-92.3022,-92.1682,-92.0658,-92.0082,-91.9926,-92.0068,-92.0393,-92.0844,-92.1403,-92.2068,-92.2839,-92.3479,-92.3612,-92.3486,-92.3154,-92.2695,-92.2145,-92.1501,-92.0789,-92.0067,-91.9324,-91.8295,-91.7063,-91.5655,-91.4106,-91.2528,-91.1027,-90.9653,-90.8428,-90.7377,-90.6527,-90.5905,-90.5525,-90.5393,-90.5478,-90.5693,-90.6029,-90.6512,-90.7159,-90.7973,-90.8950,-91.0080,-91.1347,-91.2738,-91.4236,-91.5827,-91.7496,-91.9231,-92.1019,-92.2848,-92.4704,-92.6563,-92.8399,-93.0196,-93.1950,-93.3663,-93.5341,-93.6982,-93.8562,-94.0043,-94.1414,-94.2648,-94.3621,-94.4312,-94.4772,-94.4979,-94.4553,-94.3180,-94.0033,-93.6700,-93.3654,-93.0160,-92.6823,-92.4034,-92.1842,-92.0203,-91.9054,-91.8332,-91.7962,-91.7665,-91.6934,-91.5711,-91.4082,-91.2476,-91.0986,-90.9490,-90.8112,-90.6986,-90.6179,-90.5710,-90.5569,-90.5736,-90.6179,-90.6556,-90.6183,-90.5718,-90.5481,-90.5553,-90.5516,-90.5316,-90.5209,-90.5254,-90.5300,-90.5165,-90.4927,-90.4720,-90.4629,-90.4634,-90.4737,-90.4904,-90.5151,-90.5512,-90.6008,-90.6650,-90.7437,-90.8366,-90.9424,-91.0581,-91.1780,-91.2955,-91.3653,-91.3894,-91.4014,-91.4199,-91.4534,-91.5040,-91.5695,-91.6477,-91.7377,-91.8387,-91.9497,-92.0699,-92.1982,-92.3336,-92.4727,-92.6009,-92.7137,-92.8179,-92.9199,-93.0219,-93.1217,-93.2121,-93.2879,-93.3511,-93.4071,-93.4322,-93.3508,-93.2483,-93.1669,-93.1097,-93.0580,-92.9850,-92.8845,-92.7648,-92.5939,-92.3676,-92.1097,-91.8428,-91.5692,-91.2690,-90.9839,-90.7406,-90.5491,-90.4105,-90.3220,-90.2790,-90.2767,-90.2958,-90.2680,-90.2330,-90.2181,-90.2293,-90.2295,-90.1771,-90.0581,-89.9406,-89.8596,-89.8256,-89.8382,-89.8928,-89.9837,-90.1050,-90.2500,-90.3896,-90.4963,-90.5835,-90.6661,-90.7515,-90.8442,-90.9458,-91.0368,-91.1035,-91.1634,-91.2307,-91.3119,-91.4088,-91.5209,-91.6396,-91.6935,-91.6611,-91.6117,-91.5763,-91.5663,-91.5847,-91.6293,-91.6924,-91.7656,-91.8453,-91.9307,-92.0037,-92.0512,-92.0846,-92.1161,-92.1517,-92.1879,-92.2219,-92.2556,-92.2929,-92.3328,-92.3510,-92.3487,-92.3420,-92.3435,-92.3541,-92.3563,-92.3418,-92.3142,-92.2808,-92.2446,-92.2078,-92.1726,-92.1366,-92.0952,-92.0446,-91.9927,-91.9486,-91.9154,-91.8915,-91.8760,-91.8692,-91.8698,-91.8533,-91.7832,-91.6998,-91.6301,-91.5852,-91.5674,-91.5708,-91.5817,-91.5968,-91.6187,-91.6509,-91.6958,-91.7545,-91.8274,-91.9138,-92.0130,-92.1239,-92.2453,-92.3759,-92.5142,-92.6552,-92.7919,-92.9213,-93.0286,-93.0588,-93.0212,-92.9584,-92.8967,-92.8348,-92.6388,-92.4313,-92.2694,-92.1446,-92.0244,-91.8704,-91.7069,-91.5707,-91.4774,-91.4292,-91.4232,-91.4541,-91.5160,-91.5780,-91.5951,-91.4714,-91.3036,-91.1592,-91.0601,-91.0101,-91.0058,-91.0359,-91.0869,-91.1529,-91.2319,-91.2949,-91.3242,-91.3364,-91.3337,-91.3250,-91.3219,-91.3203,-91.2979,-91.2674,-91.2383,-91.1889,-91.1303,-91.0792,-91.0370,-90.9949,-90.9073,-90.7603,-90.5848,-90.4095,-90.2534,-90.1271,-90.0354,-89.9794,-89.9582,-89.9695,-90.0093,-90.0687,-90.1377,-90.2127,-90.2906,-90.3586,-90.3810,-90.3463,-90.2765,-90.1948,-90.1186,-90.0584,-89.9760,-89.8619,-89.7560,-89.6674,-89.5772,-89.4309,-89.2566,-89.0935,-88.9634,-88.8748,-88.8295,-88.8223,-88.8389,-88.8642,-88.8902,-88.9163,-88.9431,-88.9705,-89.0011,-89.0393,-89.0893,-89.1487,-89.2077,-89.2624,-89.3152,-89.3710,-89.4347,-89.5073,-89.5545,-89.5786,-89.6053,-89.6381,-89.6766,-89.7248,-89.7866,-89.8647,-89.9597,-90.0666,-90.1693,-90.2549,-90.3259,-90.3908,-90.4526,-90.5087,-90.5598,-90.6106,-90.6661,-90.7284,-90.7971,-90.8670,-90.9289,-90.9838,-91.0364,-91.0904,-91.1483,-91.2075,-91.2641,-91.3202,-91.3796,-91.4459,-91.5211,-91.5606,-91.5275,-91.4877,-91.4692,-91.4802,-91.5209,-91.5886,-91.6793,-91.7892,-91.9149,-92.0531,-92.2005,-92.3537,-92.5104,-92.6691,-92.8285,-92.9191,-92.9343,-92.9292,-92.9200,-92.9075,-92.8945,-92.8670,-92.7246,-92.5472,-92.3864,-92.2574,-92.1602,-92.0898,-92.0372,-91.9997,-91.9785,-91.9750,-91.9895,-92.0218,-92.0709,-92.0403,-91.8723,-91.5773,-91.3177,-91.1356,-91.0322,-90.9972,-91.0180,-91.0620,-91.0218,-90.9753,-90.9603,-90.9839,-91.0042,-90.9933,-90.9765,-90.9126,-90.7549,-90.5031,-90.2050,-89.9446,-89.7367,-89.5756,-89.4501,-89.3515,-89.2793,-89.2374,-89.1582,-89.0278,-88.9221,-88.8635,-88.8541,-88.8711,-88.8918,-88.9144,-88.9412,-88.9748,-89.0182,-89.0747,-89.1469,-89.2364,-89.3437,-89.4344,-89.4564,-89.4246,-89.2989,-89.1734,-89.0850,-89.0364,-89.0252,-89.0484,-89.1035,-89.1873,-89.2954,-89.3007,-89.2418,-89.2073,-89.2170,-89.2720,-89.3672,-89.4914,-89.6312,-89.7820,-89.9224,-89.9177,-89.8801,-89.7141,-89.5481,-89.4340,-89.3700,-89.3409,-89.3426,-89.3746,-89.4117,-89.3962,-89.3794,-89.3831,-89.4005,-89.4259,-89.4529,-89.4661,-89.4593,-89.4405,-89.4205,-89.4080,-89.3855,-89.2796,-89.1613,-89.0723,-89.0189,-88.9913,-88.9855,-89.0020,-89.0412,-89.1030,-89.1856,-89.2627,-89.3196,-89.3722,-89.4339,-89.4299,-89.3728,-89.3343,-89.3352,-89.3719,-89.4011,-89.4297,-89.4758,-89.5413,-89.6181,-89.6858,-89.7307,-89.7536,-89.7700,-89.7937,-89.8333,-89.8931,-89.9743,-90.0762,-90.1965,-90.3314,-90.3947,-90.3017,-90.0852,-89.8460,-89.5783,-89.3024,-89.0633,-88.8820,-88.7489,-88.6337,-88.5481,-88.5034,-88.5018,-88.5388,-88.5986,-88.6552,-88.6977,-88.7319,-88.7637,-88.7947,-88.7993,-88.7307,-88.5900,-88.4013,-88.1796,-87.8930,-87.6077,-87.3624,-87.1568,-86.9196,-86.6597,-86.4106,-86.1857,-85.9989,-85.8593,-85.7486,-85.5941,-85.4367,-85.3124,-85.2362,-85.2119,-85.2371,-85.3050,-85.4088,-85.5436,-85.7059,-85.8919,-86.0942,-86.3076,-86.5289,-86.7549,-86.9833,-87.2115,-87.4365,-87.6577,-87.8768,-88.0953,-88.2868,-88.4220,-88.4928,-88.5323,-88.5684,-88.6167,-88.6803,-88.7549,-88.7666,-88.6800,-88.4954,-88.2733,-87.9853,-87.7025,-87.4834,-87.3427,-87.2772,-87.2775,-87.3317,-87.4250,-87.5442,-87.6815,-87.8325,-87.9882,-88.1431,-88.3013,-88.4670,-88.6426,-88.8290,-89.0262,-89.2332,-89.4491,-89.6725,-89.9023,-90.1371,-90.3758,-90.6173,-90.8604,-91.0721,-91.2224,-91.3507,-91.4800,-91.6196,-91.7688,-91.9174,-92.0621,-92.2043,-92.3463,-92.4881,-92.5516,-92.5557,-92.5494,-92.5510,-92.5677,-92.5993,-92.6313,-92.5628,-92.4551,-92.3624,-92.3013,-92.2744,-92.2791,-92.3094,-92.3592,-92.4245,-92.5030,-92.5928,-92.6925,-92.8010,-92.9149,-92.9908,-93.0243,-92.9982,-92.8775,-92.7229,-92.5807,-92.4712,-92.4004,-92.3676,-92.3695,-92.3999,-92.4438,-92.4428,-92.3994,-92.3408,-92.2851,-92.2303,-92.1671,-92.0943,-92.0146,-91.9066,-91.6728,-91.4156,-91.1600,-90.8198,-90.4481,-90.0065,-89.5950,-89.2567,-88.9978,-88.8095,-88.6809,-88.6030,-88.5689,-88.5737,-88.6130,-88.6833,-88.7749,-88.7933,-88.7866,-88.8047,-88.8611,-88.9561,-89.0857,-89.2447,-89.4278,-89.6152,-89.7310,-89.7878,-89.8306,-89.8866,-89.9671,-90.0669,-90.1577,-90.2312,-90.2979,-90.3330,-90.3055,-90.2425,-90.1754,-90.1110,-90.0416,-89.9769,-89.9289,-89.9033,-89.8979,-89.9084,-89.9319,-89.9678,-90.0153,-90.0699,-90.1260,-90.1566,-90.1601,-90.1499,-90.1363,-90.1282,-90.1323,-90.1535,-90.1936,-90.2492,-90.3138,-90.3800,-90.4410,-90.4972,-90.5520,-90.6003,-90.5227,-90.2316,-89.8993,-89.6043,-89.3260,-89.0550,-88.8057,-88.5913,-88.4215,-88.3003,-88.2275,-88.2006,-88.2155,-88.2678,-88.3528,-88.4623,-88.5842,-88.6151,-88.5178,-88.4123,-88.3448,-88.3279,-88.3613,-88.4362,-88.4916,-88.5263,-88.5478,-88.5740,-88.6138,-88.6681,-88.7380,-88.8250,-88.9278,-89.0451,-89.1762,-89.3211,-89.4794,-89.6504,-89.8250,-89.9719,-90.0949,-90.2073,-90.3149,-90.4190,-90.5124,-90.5826,-90.6354,-90.6705,-90.6922,-90.7101,-90.7332,-90.7674,-90.8162,-90.8812,-90.9626,-91.0597,-91.1702,-91.2875,-91.4064,-91.5259,-91.6472,-91.7715,-91.8997,-92.0295,-92.1273,-92.1249,-92.0981,-92.0837,-92.0937,-92.1109,-92.0761,-92.0234,-91.9500,-91.8169,-91.6747,-91.5422,-91.4232,-91.3260,-91.2578,-91.2222,-91.2194,-91.2479,-91.3050,-91.3875,-91.4908,-91.6033,-91.7156,-91.8272,-91.9413,-92.0612,-92.1886,-92.3215,-92.4497,-92.5642,-92.6652,-92.7575,-92.8469,-92.9379,-93.0332,-93.1218,-93.1309,-93.0949,-93.0543,-93.0237,-92.9797,-92.8884,-92.7631,-92.6194,-92.4544,-92.2656,-92.0577,-91.8418,-91.6269,-91.4137,-91.2095,-91.0189,-90.8416,-90.6663,-90.4712,-90.2555,-90.0385,-89.8361,-89.6567,-89.5047,-89.3828,-89.2925,-89.2339,-89.2063,-89.2085,-89.2386,-89.2945,-89.3743,-89.4751,-89.5761,-89.6375,-89.6596,-89.6594,-89.6438,-89.6231,-89.6090,-89.6100,-89.6306,-89.6719,-89.7220,-89.7649,-89.7898,-89.7997,-89.8058,-89.8065,-89.6965,-89.5121,-89.3351,-89.1983,-89.1114,-89.0741,-89.0811,-89.1259,-89.2022,-89.3051,-89.4304,-89.5741,-89.7288,-89.8750,-89.8948,-89.8169,-89.7021,-89.5955,-89.5189,-89.4674,-89.4020,-89.2798,-89.1479,-89.0386,-88.9588,-88.8212,-88.6194,-88.4202,-88.2565,-88.1399,-88.0154,-87.8823,-87.7757,-87.6847,-87.5951,-87.5125,-87.4477,-87.4089,-87.3975,-87.4087,-87.4397,-87.4906,-87.5627,-87.6571,-87.7738,-87.9123,-88.0672,-88.2287,-88.3966,-88.5657,-88.7163,-88.8465,-88.9661,-89.0833,-89.1987,-89.3017,-89.3943,-89.4845,-89.5488,-89.5053,-89.3048,-89.0585,-88.8230,-88.6208,-88.4592,-88.3400,-88.2625,-88.2249,-88.2244,-88.2581,-88.3229,-88.4151,-88.5306,-88.6655,-88.8168,-88.9822,-89.1600,-89.3486,-89.5469,-89.7534,-89.9672,-90.1871,-90.4119,-90.6405,-90.8671,-91.0636,-91.2145,-91.3328,-91.4251,-91.4217,-91.3604,-91.2871,-91.2274,-91.1928,-91.1835,-91.1825,-91.1755,-91.1349,-91.0606,-90.9583,-90.8399,-90.7204,-90.5274,-90.2385,-89.8174,-89.2669,-88.7381,-88.2871,-87.9285,-87.6587,-87.4635,-87.3294,-87.2476,-87.2104,-87.2086,-87.2206,-87.2335,-87.2533,-87.2810,-87.3167,-87.3500,-87.3747,-87.3970,-87.4258,-87.4675,-87.5252,-87.6001,-87.6512,-87.6417,-87.6328,-87.6490,-87.6909,-87.7549,-87.8408,-87.9487,-88.0773,-88.2253,-88.3906,-88.5713,-88.7655,-88.9713,-89.1869,-89.4109,-89.6417,-89.8779,-90.1183,-90.3618,-90.5946,-90.7539,-90.8526,-90.8866,-90.9095,-90.9488,-90.9360,-90.8846,-90.8502,-90.8497,-90.8817,-90.9377,-91.0079,-91.0871,-91.1739,-91.2582,-91.3267,-91.3843,-91.4406,-91.4467,-91.3083,-91.1362,-90.9667,-90.8189,-90.5874,-90.2961,-90.0416,-89.8242,-89.5443,-89.2528,-88.9948,-88.7879,-88.6368,-88.5395,-88.4893,-88.4741,-88.4824,-88.5096,-88.5545,-88.6176,-88.6985,-88.7886,-88.8750,-88.9363,-88.9531,-88.9404,-88.9046,-88.8470,-88.7834,-88.7290,-88.6938,-88.6833,-88.6992,-88.7308,-88.7607,-88.7901,-88.8167,-88.8278,-88.8227,-88.8101,-88.7995,-88.7990,-88.8138,-88.8442,-88.8896,-88.9500,-89.0264,-89.1193,-89.2290,-89.3550,-89.4965,-89.6523,-89.8211,-90.0015,-90.1920,-90.3902,-90.5916,-90.7922,-90.9903,-91.1844,-91.3567,-91.4830,-91.5477,-91.5226,-91.4205,-91.2865,-91.1531,-91.0381,-90.9103,-90.7666,-90.6403,-90.5481,-90.4947,-90.4731,-90.4614,-90.4489,-90.4415,-90.4468,-90.4679,-90.4941,-90.5165,-90.5377,-90.5646,-90.6032,-90.6575,-90.7294,-90.8186,-90.9225,-91.0111,-90.9918,-90.9558,-90.9448,-90.9693,-91.0290,-91.1197,-91.2352,-91.3585,-91.4559,-91.5217,-91.5760,-91.6339,-91.7031,-91.7866,-91.8849,-91.9971,-92.1219,-92.2545,-92.3886,-92.5229,-92.6111,-92.5990,-92.5755,-92.5618,-92.5535,-92.5534,-92.5670,-92.5980,-92.6479,-92.7165,-92.8023,-92.9036,-93.0145,-93.1184,-93.2112,-93.2987,-93.3871,-93.4804,-93.5804,-93.6878,-93.8023,-93.9230,-94.0492,-94.1797,-94.3137,-94.4502,-94.5884,-94.7194,-94.8078,-94.7439,-94.5814,-94.3752,-94.1504,-93.9387,-93.7549,-93.6037,-93.4854,-93.3955,-93.3168,-93.2395,-93.1662,-93.1015,-93.0477,-93.0042,-92.9593,-92.9093,-92.8590,-92.8140,-92.7787,-92.7561,-92.7479,-92.7551,-92.7778,-92.8134,-92.8533,-92.8857,-92.9033,-92.9082,-92.9075,-92.9087,-92.9176,-92.9357,-92.9604,-92.9904,-93.0265,-93.0700,-93.1223,-93.1837,-93.1893,-93.0692,-92.9244,-92.7991,-92.7066,-92.6486,-92.6212,-92.6059,-92.5950,-92.5925,-92.5872,-92.5186,-92.3383,-92.1375,-91.9575,-91.8095,-91.6903,-91.5966,-91.5246,-91.4340,-91.3277,-91.2328,-91.1635,-91.1192,-91.0858,-91.0630,-91.0534,-90.9143,-90.7476,-90.6165,-90.5300,-90.4854,-90.4639,-90.4562,-90.4666,-90.4994,-90.5546,-90.6123,-90.6467,-90.5254,-90.3222,-90.1348,-89.9882,-89.8810,-89.8044,-89.7511,-89.7157,-89.6649,-89.5393,-89.2412,-88.9245,-88.6383,-88.3866,-88.1854,-88.0361,-87.9229,-87.8439,-87.8018,-87.7970,-87.8283,-87.8910,-87.9766,-88.0788,-88.1951,-88.3249,-88.4684,-88.6193,-88.7630,-88.8878,-88.9938,-89.0870,-89.1730,-89.2555,-89.2764,-89.1999,-89.1182,-89.0633,-89.0401,-89.0423,-89.0609,-89.0876,-89.1220,-89.1643,-89.2123,-89.2666,-89.3284,-89.3948,-89.4621,-89.5050,-89.4219,-89.2827,-89.1532,-89.0098,-88.7965,-88.6084,-88.4605,-88.2562,-88.0419,-87.7836,-87.4310,-87.0486,-86.7118
11,-86.0000,-89.5177,-90.1908,-90.5226,-90.7477,-90.9231,-91.0691,-91.1949,-91.3053,-91.4032,-91.4906,-91.5689,-91.6392,-91.7026,-91.7566,-91.7682,-91.7312,-91.6723,-91.6120,-91.5597,-91.5184,-91.4885,-91.4687,-91.4577,-91.4543,-91.4571,-91.4651,-91.4774,-91.4900,-91.4902,-91.4739,-91.4463,-91.3917,-91.2556,-90.9479,-90.4897,-90.0473,-89.6638,-89.3469,-89.0867,-88.8432,-88.6030,-88.3757,-88.1740,-88.0048,-87.8708,-87.7714,-87.7046,-87.6677,-87.6577,-87.6716,-87.7063,-87.7593,-87.8279,-87.9098,-88.0029,-88.0924,-88.1582,-88.1982,-88.1489,-88.0698,-87.9988,-87.9490,-87.9238,-87.9226,-87.9434,-87.9834,-88.0398,-88.1100,-88.1917,-88.2828,-88.3814,-88.4860,-88.5854,-88.6250,-88.6307,-88.6310,-88.6394,-88.6610,-88.6970,-88.7462,-88.8070,-88.8772,-88.9552,-89.0391,-89.0718,-89.0288,-88.9525,-88.8711,-88.8003,-88.7469,-88.7129,-88.6981,-88.7014,-88.7208,-88.7545,-88.8005,-88.8569,-88.9220,-88.9941,-89.0720,-89.1543,-89.2400,-89.3281,-89.4176,-89.5080,-89.5985,-89.6886,-89.7778,-89.8657,-89.9521,-90.0366,-90.1189,-90.1990,-90.2766,-90.3517,-90.4242,-90.4940,-90.5612,-90.6256,-90.6874,-90.7465,-90.8030,-90.8570,-90.9084,-90.9574,-90.9917,-90.9962,-90.9842,-90.9674,-90.9514,-90.9386,-90.9296,-90.9245,-90.9232,-90.9252,-90.9304,-90.9383,-90.9488,-90.9614,-90.9760,-90.9923,-91.0100,-91.0290,-91.0490,-91.0609,-91.0461,-91.0073,-90.9557,-90.9003,-90.8472,-90.7812,-90.5786,-90.3737,-90.2080,-90.0805,-89.9733,-89.8702,-89.7651,-89.6053,-89.3722,-89.0878,-88.8108,-88.5659,-88.3243,-88.0988,-87.9082,-87.7573,-87.6445,-87.5663,-87.5186,-87.4673,-87.3811,-87.2919,-87.2195,-87.1712,-87.1487,-87.1507,-87.1748,-87.2184,-87.2788,-87.3534,-87.4397,-87.5117,-87.5073,-87.4878,-87.4805,-87.4923,-87.5239,-87.5733,-87.6382,-87.7158,-87.8038,-87.9002,-88.0029,-88.1105,-88.2216,-88.3351,-88.4499,-88.5652,-88.6803,-88.7946,-88.9074,-89.0039,-89.0551,-89.0809,-89.0406,-88.9432,-88.8377,-88.7470,-88.6786,-88.6329,-88.5811,-88.5023,-88.4170,-88.3441,-88.2852,-88.2108,-88.1286,-88.0517,-87.9870,-87.9376,-87.9044,-87.8843,-87.8639,-87.8370,-87.8071,-87.7800,-87.7598,-87.7493,-87.7497,-87.7614,-87.7840,-87.8171,-87.8599,-87.9114,-87.9708,-88.0371,-88.1094,-88.1868,-88.2685,-88.3538,-88.4419,-88.5321,-88.6238,-88.7164,-88.8094,-88.9024,-88.9947,-89.0862,-89.1765,-89.2652,-89.3521,-89.4370,-89.5197,-89.6001,-89.6781,-89.7535,-89.8265,-89.8968,-89.9645,-90.0265,-90.0238,-89.9755,-89.9186,-89.8660,-89.8220,-89.7879,-89.7639,-89.7495,-89.7439,-89.7464,-89.7413,-89.6753,-89.5606,-89.4288,-89.2990,-89.1813,-89.0448,-88.7927,-88.5530,-88.3229,-88.1191,-87.9508,-87.8180,-87.6771,-87.4969,-87.3372,-87.2133,-87.1257,-87.0713,-87.0458,-87.0452,-87.0659,-87.1046,-87.1586,-87.2255,-87.3032,-87.3898,-87.4839,-87.5838,-87.6884,-87.7966,-87.9074,-88.0199,-88.1333,-88.2470,-88.3603,-88.4729,-88.5841,-88.6937,-88.8012,-88.9065,-88.9985,-89.0547,-89.0853,-89.1037,-89.1186,-89.1350,-89.1555,-89.1810,-89.2118,-89.2477,-89.2883,-89.3329,-89.3810,-89.4319,-89.4851,-89.5400,-89.5962,-89.6533,-89.7108,-89.7684,-89.8258,-89.8744,-89.8773,-89.8465,-89.8058,-89.7679,-89.7381,-89.7178,-89.7070,-89.6947,-89.6341,-89.5478,-89.4608,-89.3841,-89.3214,-89.2737,-89.2407,-89.2212,-89.2140,-89.2178,-89.2312,-89.2530,-89.2820,-89.3171,-89.3572,-89.4016,-89.4494,-89.4998,-89.5523,-89.6061,-89.6513,-89.6731,-89.6754,-89.6660,-89.5666,-89.4194,-89.2815,-89.1661,-89.0747,-89.0057,-88.9565,-88.9248,-88.9082,-88.9047,-88.9125,-88.9301,-88.9561,-88.9888,-88.9924,-88.9556,-88.9050,-88.8557,-88.8149,-88.7853,-88.7679,-88.7624,-88.7680,-88.7375,-88.6403,-88.5370,-88.4497,-88.3847,-88.3428,-88.3221,-88.3202,-88.3248,-88.2866,-88.2320,-88.1844,-88.1513,-88.1341,-88.1322,-88.1148,-88.0391,-87.8990,-87.7297,-87.5622,-87.4096,-87.2772,-87.1665,-87.0779,-87.0107,-86.9640,-86.9365,-86.9271,-86.9341,-86.9411,-86.9145,-86.8713,-86.7953,-86.5944,-86.3462,-86.1147,-85.9196,-85.6780,-85.4369,-85.2386,-85.0912,-84.9925,-84.9371,-84.9175,-84.9003,-84.8739,-84.8531,-84.8482,-84.8634,-84.8992,-84.9545,-85.0274,-85.1157,-85.2174,-85.3305,-85.4532,-85.5840,-85.7213,-85.8563,-85.9528,-86.0253,-86.0918,-86.1612,-86.2373,-86.3213,-86.4130,-86.5119,-86.6170,-86.7273,-86.8419,-86.9597,-87.0799,-87.2017,-87.3243,-87.4472,-87.5696,-87.6913,-87.8116,-87.9302,-88.0468,-88.1612,-88.2730,-88.3821,-88.4883,-88.5916,-88.6917,-88.7888,-88.8826,-88.9733,-89.0606,-89.1197,-89.1371,-89.1374,-89.1330,-89.1293,-89.1294,-89.1343,-89.1446,-89.1604,-89.1814,-89.2072,-89.2373,-89.2711,-89.3082,-89.3480,-89.3820,-89.3535,-89.2876,-89.2158,-89.1530,-89.1053,-89.0738,-89.0576,-89.0551,-89.0642,-89.0831,-89.1100,-89.1437,-89.1826,-89.2186,-89.2367,-89.2378,-89.2306,-89.2226,-89.2182,-89.2196,-89.2276,-89.2421,-89.2592,-89.2337,-89.1658,-89.0856,-89.0113,-88.9512,-88.9077,-88.8804,-88.8681,-88.8689,-88.8809,-88.9027,-88.9326,-88.9693,-89.0117,-89.0587,-89.1087,-89.1461,-89.1572,-89.1486,-89.1308,-89.1119,-89.0968,-89.0882,-89.0872,-89.0940,-89.1085,-89.1300,-89.1578,-89.1912,-89.1915,-89.1268,-89.0453,-88.9726,-88.9175,-88.8816,-88.8635,-88.8609,-88.8716,-88.8932,-88.9235,-88.9562,-88.9828,-89.0022,-89.0169,-89.0299,-89.0439,-89.0604,-89.0805,-89.1045,-89.1325,-89.1645,-89.2001,-89.2390,-89.2808,-89.3251,-89.3672,-89.3712,-89.3464,-89.3122,-89.2787,-89.2508,-89.2309,-89.2199,-89.2178,-89.2241,-89.2382,-89.2593,-89.2649,-89.1870,-89.0962,-89.0191,-88.9614,-88.9229,-88.9019,-88.8963,-88.9040,-88.9231,-88.9518,-88.9887,-89.0324,-89.0816,-89.1354,-89.1927,-89.2316,-89.2301,-89.2160,-89.2043,-89.2000,-89.2044,-89.2161,-89.1869,-89.1231,-89.0561,-88.9967,-88.9488,-88.9136,-88.8911,-88.8807,-88.8814,-88.8585,-88.7981,-88.7349,-88.6815,-88.6415,-88.6156,-88.6035,-88.6042,-88.6165,-88.6392,-88.6709,-88.7106,-88.7570,-88.8092,-88.8660,-88.9267,-88.9905,-89.0566,-89.1244,-89.1909,-89.2009,-89.1623,-89.1110,-89.0649,-89.0314,-89.0128,-89.0087,-89.0176,-89.0377,-89.0672,-89.0969,-89.0731,-89.0166,-88.9442,-88.8514,-88.7339,-88.5975,-88.4585,-88.3261,-88.2053,-88.0989,-88.0084,-87.9343,-87.8755,-87.8063,-87.7177,-87.6259,-87.5421,-87.4722,-87.4187,-87.3822,-87.3623,-87.3580,-87.3682,-87.3915,-87.4266,-87.4627,-87.4699,-87.4597,-87.4466,-87.4387,-87.4359,-87.4231,-87.4003,-87.3776,-87.3625,-87.3590,-87.3682,-87.3899,-87.4234,-87.4340,-87.3829,-87.3173,-87.2630,-87.2270,-87.2083,-87.2039,-87.2111,-87.2280,-87.2532,-87.2857,-87.3246,-87.3663,-87.3785,-87.3623,-87.3347,-87.2981,-87.1859,-87.0541,-86.9387,-86.8484,-86.7839,-86.7431,-86.7235,-86.7222,-86.7359,-86.7563,-86.7755,-86.7916,-86.8065,-86.8230,-86.8435,-86.8671,-86.8346,-86.7583,-86.6789,-86.6147,-86.5714,-86.5495,-86.5473,-86.5627,-86.5933,-86.6370,-86.6919,-86.7564,-86.8290,-86.9084,-86.9937,-87.0838,-87.1778,-87.2751,-87.3748,-87.4765,-87.5796,-87.6815,-87.7754,-87.8540,-87.8747,-87.8410,-87.7861,-87.6997,-87.4575,-87.2022,-86.9853,-86.8131,-86.6832,-86.5913,-86.5328,-86.5036,-86.4996,-86.5175,-86.5542,-86.6069,-86.6732,-86.7509,-86.8382,-86.9334,-87.0349,-87.1414,-87.2490,-87.3188,-87.3297,-87.3076,-87.2747,-87.2437,-87.2214,-87.2109,-87.2132,-87.2283,-87.2553,-87.2933,-87.3409,-87.3971,-87.4607,-87.5305,-87.6054,-87.6846,-87.7672,-87.8524,-87.9395,-88.0278,-88.1169,-88.0841,-87.8701,-87.6031,-87.3374,-87.0285,-86.7196,-86.4573,-86.2484,-86.0900,-85.9764,-85.9020,-85.8613,-85.8498,-85.8632,-85.8979,-85.9508,-86.0191,-86.1005,-86.1928,-86.2940,-86.4027,-86.5173,-86.6343,-86.7207,-86.7806,-86.8327,-86.8694,-86.8674,-86.8503,-86.8346,-86.8283,-86.8345,-86.8541,-86.8867,-86.9313,-86.9866,-87.0513,-87.1105,-87.1342,-87.1459,-87.1613,-87.1860,-87.2211,-87.2660,-87.3197,-87.3806,-87.4478,-87.5200,-87.5963,-87.6758,-87.7579,-87.8419,-87.9272,-88.0135,-88.0984,-88.1574,-88.1881,-88.2040,-88.2146,-88.2256,-88.2401,-88.2595,-88.2846,-88.3154,-88.3517,-88.3931,-88.4391,-88.4890,-88.5424,-88.5975,-88.6307,-88.6349,-88.6241,-88.6095,-88.5974,-88.5916,-88.5934,-88.6034,-88.6212,-88.6463,-88.6781,-88.7156,-88.7582,-88.8029,-88.8379,-88.8576,-88.8654,-88.8666,-88.8654,-88.8503,-88.8074,-88.7492,-88.6891,-88.6347,-88.5897,-88.5558,-88.5331,-88.5216,-88.5206,-88.5292,-88.5429,-88.5190,-88.3627,-88.0776,-87.7346,-87.3826,-87.0499,-86.7514,-86.4932,-86.2771,-86.1020,-85.9654,-85.8643,-85.7953,-85.7551,-85.7406,-85.7487,-85.7769,-85.8227,-85.8813,-85.9338,-85.9713,-86.0005,-86.0303,-86.0666,-86.1126,-86.1694,-86.2369,-86.3144,-86.4009,-86.4950,-86.5958,-86.7021,-86.8128,-86.9269,-87.0436,-87.1620,-87.2814,-87.4012,-87.5209,-87.6398,-87.7577,-87.8740,-87.9884,-88.1008,-88.2107,-88.3182,-88.4228,-88.5215,-88.5688,-88.5715,-88.5591,-88.5458,-88.5375,-88.5363,-88.5431,-88.5577,-88.5687,-88.5478,-88.5080,-88.4637,-88.4232,-88.3910,-88.3692,-88.3580,-88.3277,-88.2600,-88.1284,-87.9649,-87.8071,-87.6696,-87.4688,-87.2332,-87.0322,-86.8744,-86.7570,-86.6755,-86.6249,-86.6012,-86.6005,-86.6196,-86.6557,-86.6989,-86.7257,-86.7395,-86.7504,-86.7181,-86.6493,-86.5697,-86.4883,-86.4110,-86.3424,-86.2860,-86.2438,-86.2165,-86.2043,-86.2065,-86.2224,-86.2426,-86.2455,-86.1554,-85.9815,-85.7954,-85.6266,-85.4857,-85.3758,-85.2963,-85.2456,-85.2212,-85.2206,-85.2413,-85.2810,-85.3375,-85.4088,-85.4931,-85.5885,-85.6937,-85.8071,-85.9273,-86.0533,-86.1838,-86.3179,-86.4545,-86.5891,-86.6945,-86.7586,-86.7928,-86.8114,-86.8251,-86.8404,-86.8609,-86.8885,-86.9239,-86.9673,-87.0182,-87.0763,-87.1408,-87.2111,-87.2866,-87.3624,-87.3564,-87.3150,-87.2795,-87.2598,-87.2572,-87.2708,-87.2987,-87.3391,-87.3903,-87.4507,-87.5188,-87.5932,-87.6729,-87.7568,-87.8439,-87.9333,-88.0245,-88.1166,-88.2092,-88.3018,-88.3939,-88.4851,-88.5751,-88.6627,-88.7315,-88.7688,-88.7827,-88.7843,-88.7823,-88.7818,-88.7858,-88.7957,-88.7943,-88.6748,-88.4956,-88.3140,-88.1536,-88.0222,-87.9205,-87.8268,-87.7132,-87.5971,-87.4953,-87.3943,-87.2605,-87.1295,-87.0194,-86.9287,-86.8022,-86.6633,-86.5283,-86.2829,-86.0246,-85.8133,-85.6575,-85.5523,-85.4895,-85.4497,-85.4164,-85.3891,-85.3725,-85.3699,-85.3830,-85.4117,-85.4507,-85.4680,-85.4671,-85.4627,-85.4637,-85.4751,-85.4993,-85.5372,-85.5886,-85.6528,-85.7288,-85.8153,-85.9111,-86.0150,-86.1246,-86.2224,-86.2978,-86.3575,-86.4102,-86.4622,-86.5177,-86.5789,-86.6468,-86.7215,-86.8027,-86.8899,-86.9824,-87.0793,-87.1799,-87.2833,-87.3888,-87.4958,-87.6035,-87.7009,-87.7693,-87.8153,-87.8501,-87.8813,-87.9136,-87.9493,-87.9894,-88.0343,-88.0839,-88.1378,-88.1956,-88.2566,-88.3205,-88.3866,-88.4546,-88.5238,-88.5939,-88.6646,-88.7354,-88.8061,-88.8763,-88.9459,-89.0146,-89.0823,-89.1487,-89.2138,-89.2775,-89.3396,-89.4002,-89.4590,-89.5162,-89.5717,-89.6254,-89.6775,-89.7277,-89.7763,-89.8232,-89.8684,-89.9120,-89.9540,-89.9945,-90.0334,-90.0709,-90.1070,-90.1416,-90.1750,-90.2070,-90.2378,-90.2608,-90.2535,-90.2006,-90.1110,-90.0017,-89.8865,-89.7749,-89.6725,-89.5821,-89.5048,-89.4410,-89.3900,-89.3512,-89.3236,-89.3061,-89.2978,-89.2977,-89.3048,-89.3182,-89.3371,-89.3608,-89.3887,-89.4199,-89.4541,-89.4907,-89.5292,-89.5691,-89.6103,-89.6522,-89.6947,-89.7374,-89.7802,-89.8229,-89.8652,-89.9071,-89.9484,-89.9890,-90.0288,-90.0678,-90.1060,-90.1431,-90.1793,-90.2146,-90.2488,-90.2820,-90.3141,-90.3453,-90.3754,-90.4046,-90.4328,-90.4600,-90.4863,-90.5117,-90.5362,-90.5599,-90.5827,-90.6047,-90.6259,-90.6464,-90.6661,-90.6852,-90.7036,-90.7214,-90.7385,-90.7551,-90.7711,-90.7866,-90.8015,-90.8160,-90.8264,-90.8021,-90.7449,-90.6762,-90.6082,-90.5446,-90.4773,-90.3554,-90.1920,-90.0131,-89.8363,-89.6705,-89.5201,-89.3868,-89.2710,-89.1724,-89.0902,-89.0234,-88.9710,-88.9318,-88.9046,-88.8885,-88.8822,-88.8850,-88.8958,-88.9137,-88.9381,-88.9585,-88.9402,-88.9017,-88.8599,-88.8224,-88.7928,-88.7729,-88.7629,-88.7627,-88.7718,-88.7895,-88.8148,-88.8469,-88.8851,-88.9284,-88.9762,-89.0277,-89.0823,-89.1393,-89.1981,-89.2584,-89.3172,-89.3378,-89.3130,-89.2501,-89.0740,-88.8860,-88.7103,-88.5456,-88.3983,-88.2740,-88.1747,-88.1005,-88.0499,-88.0208,-88.0108,-88.0176,-88.0390,-88.0730,-88.1178,-88.1717,-88.2333,-88.3012,-88.3742,-88.4514,-88.5317,-88.6128,-88.6492,-88.6325,-88.5862,-88.5203,-88.4478,-88.3784,-88.3176,-88.2679,-88.2305,-88.2053,-88.1920,-88.1898,-88.1979,-88.2157,-88.2421,-88.2765,-88.3182,-88.3662,-88.4201,-88.4789,-88.5422,-88.6091,-88.6791,-88.7516,-88.8260,-88.9017,-88.9783,-89.0552,-89.1320,-89.2085,-89.2841,-89.3586,-89.4319,-89.5036,-89.5736,-89.6412,-89.6423,-89.5712,-89.4912,-89.4188,-89.3581,-89.3095,-89.2726,-89.2464,-89.2299,-89.2221,-89.2220,-89.2288,-89.2416,-89.2596,-89.2824,-89.3091,-89.3393,-89.3725,-89.4082,-89.4462,-89.4860,-89.5273,-89.5700,-89.6136,-89.6581,-89.7031,-89.7279,-89.7132,-89.6777,-89.6365,-89.5982,-89.5097,-89.3114,-89.1021,-88.8769,-88.6633,-88.4808,-88.3360,-88.2280,-88.1533,-88.1075,-88.0862,-88.0856,-88.1024,-88.1337,-88.1571,-88.1419,-88.1094,-88.0783,-88.0583,-88.0528,-88.0622,-88.0853,-88.1208,-88.1670,-88.2222,-88.2850,-88.3541,-88.4283,-88.5065,-88.5878,-88.6714,-88.7566,-88.8427,-88.9292,-89.0154,-89.1012,-89.1814,-89.2361,-89.2615,-89.2669,-89.2617,-89.2528,-89.2449,-89.2405,-89.2412,-89.2477,-89.2603,-89.2788,-89.3030,-89.3324,-89.3666,-89.4050,-89.4471,-89.4924,-89.5402,-89.5902,-89.6418,-89.6945,-89.7481,-89.8020,-89.8560,-89.9097,-89.9629,-90.0137,-90.0325,-90.0105,-89.9715,-89.9316,-89.8977,-89.8721,-89.8553,-89.8467,-89.8458,-89.8516,-89.8577,-89.8435,-89.8043,-89.7297,-89.6333,-89.5307,-89.4321,-89.3435,-89.2680,-89.2071,-89.1607,-89.1285,-89.1095,-89.1026,-89.1066,-89.1202,-89.1424,-89.1720,-89.2079,-89.2492,-89.2484,-89.1707,-89.0920,-89.0321,-88.9935,-88.9744,-88.9720,-88.9834,-89.0063,-89.0386,-89.0786,-89.1249,-89.1761,-89.2270,-89.2414,-89.2302,-89.2133,-89.1989,-89.1909,-89.1907,-89.1986,-89.2145,-89.2378,-89.2677,-89.3035,-89.3442,-89.3892,-89.4377,-89.4890,-89.5425,-89.5977,-89.6540,-89.7085,-89.6772,-89.6047,-89.5371,-89.4852,-89.4504,-89.4314,-89.4263,-89.4332,-89.4501,-89.4754,-89.5079,-89.5460,-89.5889,-89.6255,-89.5994,-89.5357,-89.4699,-89.4167,-89.3802,-89.3604,-89.3558,-89.3643,-89.3837,-89.4014,-89.3993,-89.3817,-89.3313,-89.2262,-89.0770,-88.9112,-88.7510,-88.6089,-88.4907,-88.3979,-88.3298,-88.2848,-88.2605,-88.2547,-88.2651,-88.2895,-88.3261,-88.3730,-88.4285,-88.4914,-88.5602,-88.6338,-88.7112,-88.7915,-88.8639,-88.8971,-88.8978,-88.8853,-88.8735,-88.8697,-88.8765,-88.8916,-88.8820,-88.8431,-88.7969,-88.7576,-88.7307,-88.7175,-88.7177,-88.7300,-88.7426,-88.7250,-88.6893,-88.6538,-88.6278,-88.6144,-88.6124,-88.6163,-88.6230,-88.6331,-88.6476,-88.6674,-88.6927,-88.7236,-88.7598,-88.8008,-88.8370,-88.7343,-88.6118,-88.5213,-88.4644,-88.4356,-88.4294,-88.4414,-88.4679,-88.5062,-88.5539,-88.6092,-88.6668,-88.7096,-88.7348,-88.7504,-88.7634,-88.7781,-88.7968,-88.8203,-88.8492,-88.8833,-88.9223,-88.9658,-89.0133,-89.0644,-89.1184,-89.1751,-89.2338,-89.2940,-89.3555,-89.4178,-89.4805,-89.5433,-89.6060,-89.6682,-89.7297,-89.7904,-89.8500,-89.9084,-89.9655,-90.0212,-90.0753,-90.1279,-90.1789,-90.2282,-90.2759,-90.3219,-90.3662,-90.4088,-90.4498,-90.4893,-90.5271,-90.5634,-90.5982,-90.6315,-90.6634,-90.6939,-90.7231,-90.7511,-90.7778,-90.8033,-90.8278,-90.8511,-90.8734,-90.8947,-90.9151,-90.9346,-90.9532,-90.9710,-90.9867,-90.9896,-90.9724,-90.9387,-90.8954,-90.8485,-90.7975,-90.7328,-90.6542,-90.5686,-90.4831,-90.4029,-90.3307,-90.2682,-90.2157,-90.1732,-90.1402,-90.1161,-90.1002,-90.0916,-90.0896,-90.0935,-90.1026,-90.1162,-90.1338,-90.1547,-90.1785,-90.2047,-90.2328,-90.2626,-90.2936,-90.2953,-90.0023,-89.6123,-89.2040,-88.8202,-88.4858,-88.2078,-87.9849,-87.8126,-87.6852,-87.5971,-87.5429,-87.5178,-87.5176,-87.5385,-87.5692,-87.5869,-87.5961,-87.6047,-87.6186,-87.6409,-87.6732,-87.7159,-87.7686,-87.8306,-87.9009,-87.9784,-88.0619,-88.1505,-88.2431,-88.3387,-88.4366,-88.5359,-88.6359,-88.7360,-88.8358,-88.9347,-89.0323,-89.1283,-89.2224,-89.3143,-89.4039,-89.4910,-89.5755,-89.6573,-89.7362,-89.8124,-89.8857,-89.9562,-90.0239,-90.0888,-90.1510,-90.2104,-90.2673,-90.3216,-90.3734,-90.3465,-90.2499,-90.1507,-90.0681,-90.0061,-89.9639,-89.9388,-89.9278,-89.9283,-89.9383,-89.9557,-89.9773,-89.9766,-89.9512,-89.9151,-89.8776,-89.8439,-89.8166,-89.7945,-89.7460,-89.6705,-89.5874,-89.5090,-89.4419,-89.3887,-89.3502,-89.3258,-89.3145,-89.3149,-89.2993,-89.2444,-89.1764,-89.1135,-89.0634,-89.0286,-89.0089,-89.0032,-89.0102,-89.0282,-89.0558,-89.0916,-89.1342,-89.1826,-89.2356,-89.2925,-89.3522,-89.4142,-89.4777,-89.5422,-89.6072,-89.6618,-89.6795,-89.6729,-89.6570,-89.6406,-89.6283,-89.6222,-89.6232,-89.6312,-89.6459,-89.6544,-89.6111,-89.5350,-89.4537,-89.3822,-89.3265,-89.2879,-89.2657,-89.2580,-89.2631,-89.2791,-89.3042,-89.3369,-89.3760,-89.4202,-89.4685,-89.4671,-89.3894,-89.3105,-89.2491,-89.2078,-89.1848,-89.1777,-89.1838,-89.2008,-89.2269,-89.2603,-89.2972,-89.3180,-89.3157,-89.2992,-89.2779,-89.2586,-89.2449,-89.2387,-89.2406,-89.2507,-89.2683,-89.2928,-89.3235,-89.3594,-89.3999,-89.4441,-89.4915,-89.5412,-89.5929,-89.6459,-89.6999,-89.7497,-89.7195,-89.6541,-89.5942,-89.5492,-89.5202,-89.5056,-89.5032,-89.4551,-89.3236,-89.2026,-89.1088,-89.0422,-88.9992,-88.9762,-88.9700,-88.9779,-88.9975,-89.0268,-89.0642,-89.1083,-89.1577,-89.2116,-89.2688,-89.3287,-89.3904,-89.4535,-89.5174,-89.5815,-89.6452,-89.6335,-89.5587,-89.4814,-89.4187,-89.3740,-89.3466,-89.3244,-89.2714,-89.1950,-89.1173,-89.0519,-89.0039,-88.9740,-88.9608,-88.9624,-88.9754,-88.9497,-88.8768,-88.7974,-88.7316,-88.6858,-88.6604,-88.6538,-88.6638,-88.6878,-88.7236,-88.7690,-88.8224,-88.8820,-88.9466,-89.0150,-89.0861,-89.1592,-89.2336,-89.3085,-89.3834,-89.4450,-89.4770,-89.4847,-89.4654,-89.4285,-89.3717,-89.2504,-89.1026,-88.9587,-88.8328,-88.7301,-88.6512,-88.5948,-88.5586,-88.5402,-88.5373,-88.5479,-88.5699,-88.6018,-88.6420,-88.6892,-88.7393,-88.7686,-88.7732,-88.7667,-88.7596,-88.7570,-88.7615,-88.7738,-88.7940,-88.8217,-88.8563,-88.8971,-88.9433,-88.9941,-89.0487,-89.1066,-89.1670,-89.2293,-89.2931,-89.3578,-89.4229,-89.4761,-89.4699,-89.4392,-89.4052,-89.3755,-89.3534,-89.3399,-89.3352,-89.3388,-89.3502,-89.3685,-89.3931,-89.4230,-89.4575,-89.4959,-89.5375,-89.5817,-89.6279,-89.6757,-89.7245,-89.7741,-89.8240,-89.8740,-89.9237,-89.9731,-89.9902,-89.9551,-89.9053,-89.8555,-89.8116,-89.7758,-89.7424,-89.6911,-89.6253,-89.5562,-89.4920,-89.4371,-89.3826,-89.2541,-89.1026,-88.9646,-88.8515,-88.7656,-88.7058,-88.6692,-88.6224,-88.4433,-88.1814,-87.9383,-87.7424,-87.5950,-87.4909,-87.4198,-87.3161,-87.1985,-87.0983,-87.0241,-86.9768,-86.9550,-86.8727,-86.7442,-86.6415,-86.5767,-86.5403,-86.4727,-86.3926,-86.3260,-86.2304,-86.0827,-85.9320,-85.7965,-85.6666,-85.5419,-85.4309,-85.3409,-85.2762,-85.2381,-85.2264,-85.2368,-85.2081,-85.1504,-85.1026,-85.0808,-85.0886,-85.1246,-85.1854,-85.2676,-85.3676,-85.4823,-85.6092,-85.7436,-85.8460,-85.9034,-85.9304,-85.8949,-85.8083,-85.6915,-85.5386,-85.3610,-85.1841,-85.0234,-84.8870,-84.7733,-84.6574,-84.5458,-84.4509,-84.3796,-84.3348,-84.3171,-84.3253,-84.3580,-84.4128,-84.4877,-84.5803,-84.6667,-84.7036,-84.7220,-84.7462,-84.7869,-84.8474,-84.9272,-85.0111,-84.9757,-84.8234,-84.5604,-84.2315,-83.9022,-83.5641,-83.2033,-82.8706,-82.5893,-82.3644,-82.1947,-82.0764,-82.0045,-81.9480,-81.8919,-81.8553,-81.8462,-81.8661,-81.9143,-81.9890,-82.0877,-82.2080,-82.3473,-82.5032,-82.6734,-82.8557,-83.0482,-83.2490,-83.4565,-83.6692,-83.8857,-84.1048,-84.3253,-84.5462,-84.7661,-84.9722,-85.1512,-85.3093,-85.4567,-85.6000,-85.7425,-85.8792,-85.9974,-86.0870,-86.0808,-86.0336,-85.9865,-85.9406,-85.8625,-85.7804,-85.7133,-85.6377,-85.4916,-85.3322,-85.1874,-85.0687,-84.9801,-84.9154,-84.8463,-84.7779,-84.7056,-84.6085,-84.4815,-84.3277,-84.1818,-84.0612,-83.9716,-83.9032,-83.8103,-83.7192,-83.6505,-83.6100,-83.5979,-83.6125,-83.6400,-83.6267,-83.5934,-83.5711,-83.5724,-83.5998,-83.6520,-83.7261,-83.8192,-83.9286,-84.0516,-84.1861,-84.3302,-84.4821,-84.6403,-84.8034,-84.9702,-85.0879,-84.9941,-84.8771,-84.7942,-84.7512,-84.7331,-84.7102,-84.6773,-84.6072,-84.4868,-84.3004,-84.0684,-83.8293,-83.6078,-83.4167,-83.2564,-83.0646,-82.8361,-82.6092,-82.4038,-82.2281,-82.0844,-81.9028,-81.7035,-81.5234,-81.3393,-81.1658,-81.0199,-80.9080,-80.8161,-80.7266,-80.6411,-80.5608,-80.4659,-80.3713,-80.2906,-80.2023,-80.1115,-80.0339,-79.9772,-79.9443,-79.9230,-79.8346,-79.6581,-79.3746,-78.9842,-78.5375,-78.0746,-77.6163,-77.1855,-76.7980,-76.4622,-76.1806,-75.9526,-75.7754,-75.6458,-75.5601,-75.5146,-75.5059,-75.5309,-75.5785,-75.6138,-75.5935,-75.5352,-75.4630,-75.3949,-75.3422,-75.3117,-75.3067,-75.3280,-75.3754,-75.4477,-75.5433,-75.6605,-75.7974,-75.9520,-76.1222,-76.2952,-76.4570,-76.6109,-76.7641,-76.9218,-77.0869,-77.2578,-77.4246,-77.5821,-77.7326,-77.8801,-78.0284,-78.1800,-78.3363,-78.4981,-78.6655,-78.8383,-79.0163,-79.1989,-79.3858,-79.5768,-79.7709,-79.9551,-80.1137,-80.2509,-80.3762,-80.4975,-80.6200,-80.7470,-80.8802,-81.0203,-81.1674,-81.3213,-81.4796,-81.6259,-81.7513,-81.8611,-81.9629,-82.0624,-82.1636,-82.2593,-82.3111,-82.2393,-82.0887,-81.9179,-81.7458,-81.5765,-81.4182,-81.2762,-81.1421,-81.0030,-80.8540,-80.7004,-80.5166,-80.1924,-79.8072,-79.4425,-79.1273,-78.8560,-78.6007,-78.3663,-78.1591,-77.9817,-77.8352,-77.7192,-77.6330,-77.5755,-77.5455,-77.5418,-77.5631,-77.5847,-77.5704,-77.5462,-77.5177,-77.3953,-77.2300,-77.0840,-76.9717,-76.8948,-76.8507,-76.8362,-76.8445,-76.8510,-76.7777,-76.6534,-76.5417,-76.4590,-76.4062,-76.3696,-76.3075,-76.1334,-75.9480,-75.7769,-75.6251,-75.4872,-75.3641,-75.2203,-75.0218,-74.8404,-74.6886,-74.5637,-74.4662,-74.3974,-74.3582,-74.3486,-74.3678,-74.4144,-74.4871,-74.5614,-74.5984,-74.6215,-74.6338,-74.6438,-74.6624,-74.6959,-74.7239,-74.7305,-74.7346,-74.7460,-74.6198,-74.4608,-74.3450,-74.2863,-74.2815,-74.3229,-74.4024,-74.5071,-74.5326,-74.5431,-74.5806,-74.6503,-74.7500,-74.8762,-75.0256,-75.1729,-75.2456,-75.2723,-75.2924,-75.3272,-75.3853,-75.4687,-75.5765,-75.7068,-75.8574,-76.0262,-76.2115,-76.4116,-76.6249,-76.8503,-77.0865,-77.2808,-77.3955,-77.5097,-77.6443,-77.7973,-77.9479,-78.0867,-78.2170,-78.3444,-78.4734,-78.5842,-78.6363,-78.6775,-78.7292,-78.7979,-78.8847,-78.9883,-79.1071,-79.2396,-79.3841,-79.5395,-79.7047,-79.8788,-80.0610,-80.2506,-80.4471,-80.6498,-80.8581,-81.0714,-81.2889,-81.5100,-81.7339,-81.9599,-82.1872,-82.4151,-82.6428,-82.8696,-83.0948,-83.3178,-83.4700,-83.5378,-83.6020,-83.6676,-83.7078,-83.7090,-83.6165,-83.5211,-83.4349,-83.2884,-83.1494,-83.0449,-82.9756,-82.9262,-82.8301,-82.6847,-82.5351,-82.3958,-82.2261,-82.0442,-81.8777,-81.7386,-81.6306,-81.5533,-81.5048,-81.4768,-81.4518,-81.4231,-81.3961,-81.3793,-81.3784,-81.3954,-81.4296,-81.4794,-81.5431,-81.6187,-81.7050,-81.8007,-81.8937,-81.9316,-81.9516,-81.9774,-82.0095,-82.0351,-82.0545,-82.0722,-82.0122,-81.8745,-81.7418,-81.6347,-81.5571,-81.5080,-81.4850,-81.4850,-81.4891,-81.4769,-81.4607,-81.4499,-81.4494,-81.4612,-81.4860,-81.5238,-81.5744,-81.6372,-81.6758,-81.6052,-81.4965,-81.4064,-81.3505,-81.3069,-81.2655,-81.1789,-81.0743,-80.9860,-80.9241,-80.8873,-80.8593,-80.8301,-80.8033,-80.7826,-80.7690,-80.7687,-80.7864,-80.8232,-80.8779,-80.9486,-81.0333,-81.1303,-81.2381,-81.3555,-81.4813,-81.6146,-81.7544,-81.8999,-82.0470,-82.1681,-82.2659,-82.3533,-82.4385,-82.5264,-82.6196,-82.7195,-82.8018,-82.8345,-82.8145,-82.7428,-82.6628,-82.5967,-82.5543,-82.5359,-82.5372,-82.5551,-82.5880,-82.6349,-82.6949,-82.7664,-82.8062,-82.8019,-82.7780,-82.7320,-82.6313,-82.4311,-82.2184,-82.0321,-81.8694,-81.6903,-81.4834,-81.2997,-81.1527,-81.0437,-80.9701,-80.9287,-80.9162,-80.9294,-80.9655,-81.0222,-81.0971,-81.1884,-81.2945,-81.4137,-81.5448,-81.6616,-81.7236,-81.7548,-81.7494,-81.7313,-81.7209,-81.7288,-81.7555,-81.7827,-81.8041,-81.8260,-81.8555,-81.8905,-81.9248,-81.9623,-82.0077,-82.0638,-82.1317,-82.2114,-82.3022,-82.4035,-82.5143,-82.6337,-82.7609,-82.8948,-83.0255,-83.1361,-83.2264,-83.3034,-83.3736,-83.4421,-83.4978,-83.4955,-83.4745,-83.4568,-83.4505,-83.4533,-83.4416,-83.3758,-83.2089,-82.9765,-82.7458,-82.5424,-82.3672,-82.1516,-81.9405,-81.7367,-81.4671,-81.1017,-80.6837,-80.2250,-79.7883,-79.3946,-79.0502,-78.7424,-78.4568,-78.1928,-77.9542,-77.7440,-77.5642,-77.4153,-77.2971,-77.2083,-77.1437,-77.0159,-76.8353,-76.6525,-76.4914,-76.3624,-76.2687,-76.2100,-76.1844,-76.1895,-76.2228,-76.2817,-76.3638,-76.4563,-76.5420,-76.6207,-76.6890,-76.7505,-76.7832,-76.7589,-76.6323,-76.4052,-76.1440,-75.8911,-75.6678,-75.4828,-75.3387,-75.2345,-75.1662,-75.1240,-75.1042,-75.1067,-75.1272,-75.0609,-74.8772,-74.6829,-74.5083,-74.3640,-74.2538,-74.1782,-74.1359,-74.1230,-74.1268,-74.1398,-74.1582,-74.1377,-74.0876,-74.0386,-74.0073,-74.0012,-74.0229,-74.0722,-74.1478,-74.2479,-74.3708,-74.5145,-74.6773,-74.8579,-75.0546,-75.2664,-75.4921,-75.7306,-75.9811,-76.2426,-76.5143,-76.7945,-77.0608,-77.2903,-77.3638,-77.3513,-77.3327,-77.3367,-77.3726,-77.4418,-77.5422,-77.6704,-77.8148,-77.9374,-77.9909,-77.9814,-77.9334,-77.8672,-77.7973,-77.7339,-77.6832,-77.6488,-77.6319,-77.6328,-77.6508,-77.6852,-77.7348,-77.7987,-77.8746,-77.9239,-77.9433,-77.9442,-77.9289,-77.8577,-77.7371,-77.5914,-77.3902,-77.1416,-76.9084,-76.7102,-76.5516,-76.4316,-76.3471,-76.2948,-76.2717,-76.2748,-76.3019,-76.3496,-76.3936,-76.4270,-76.4614,-76.4996,-76.5396,-76.5819,-76.6291,-76.6737,-76.5975,-76.4728,-76.3598,-76.2627,-76.1059,-75.9235,-75.7476,-75.5948,-75.4719,-75.3693,-75.2611,-75.1113,-74.9208,-74.7199,-74.5348,-74.3804,-74.2633,-74.1848,-74.1440,-74.1388,-74.1655,-74.1979,-74.2267,-74.2660,-74.3197,-74.3215,-74.3059,-74.3111,-74.3409,-74.3912,-74.4550,-74.5213,-74.5955,-74.6843,-74.7911,-74.9176,-75.0640,-75.2299,-75.3988,-75.5487,-75.6938,-75.8453,-76.0094,-76.1889,-76.3845,-76.5954,-76.8072,-77.0063,-77.1972,-77.3075,-77.2845,-77.1783,-76.9752,-76.7543,-76.5542,-76.3876,-76.2452,-76.0514,-75.7610,-75.4252,-75.1252,-74.8813,-74.6423,-74.4150,-74.2199,-74.0650,-73.9518,-73.8781,-73.8383,-73.7152,-73.5545,-73.4161,-73.2998,-73.1935,-73.0908,-72.9933,-72.8508,-72.6081,-72.3562,-72.1380,-71.9663,-71.8200,-71.6406,-71.4750,-71.2925,-71.0330,-70.7001,-70.3608,-70.0513,-69.7871,-69.5734,-69.4104,-69.2956,-69.2148,-69.1542,-69.1122,-69.0920,-69.0968,-69.1284,-69.1872,-69.2655,-69.3356,-69.3669,-69.3665,-69.3610,-69.3686,-69.3989,-69.4560,-69.5412,-69.6449,-69.7449,-69.8439,-69.9523,-70.0771,-70.1530,-70.1854,-70.2364,-70.3206,-70.4184,-70.4151,-70.3372,-70.2619,-70.2046,-70.1713,-70.1657,-70.1892,-70.2417,-70.3220,-70.4281,-70.5578,-70.7087,-70.8787,-71.0658,-71.2681,-71.4840,-71.7122,-71.9514,-72.2006,-72.4588,-72.7251,-72.9988,-73.2794,-73.5662,-73.8340,-74.0468,-74.2322,-74.4126,-74.5991,-74.7970,-75.0083,-75.2336,-75.4722,-75.7233,-75.9855,-76.2576,-76.5133,-76.7086,-76.8762,-77.0400,-77.2114,-77.3952,-77.5921,-77.8012,-78.0208,-78.2489,-78.4838,-78.7238,-78.9673,-79.2046,-79.4106,-79.5567,-79.6054,-79.6061,-79.5883,-79.5497,-79.4809,-79.3900,-79.2912,-79.1964,-79.1129,-79.0440,-78.9753,-78.8146,-78.5724,-78.3310,-78.0957,-77.8737,-77.6716,-77.4727,-77.1576,-76.8223,-76.4902,-76.1155,-75.6772,-75.2639,-74.9006,-74.5879,-74.2815,-73.9815,-73.7003,-73.4356,-73.1928,-72.9785,-72.7960,-72.6459,-72.5027,-72.3510,-72.2093,-72.0660,-71.8695,-71.6277,-71.3733,-71.1274,-70.8970,-70.6614,-70.4204,-70.1830,-69.9562,-69.7434,-69.5430,-69.3435,-69.1446,-68.9314,-68.7055,-68.4871,-68.2907,-68.1250,-67.9947,-67.9029,-67.8513,-67.8411,-67.8053,-67.7346,-67.6975,-67.7125,-67.7723,-67.8701,-68.0062,-68.1792,-68.3854,-68.6204,-68.8797,-69.0957,-69.2608,-69.4272,-69.6126,-69.8224,-70.0562,-70.3122,-70.5877,-70.8801,-71.1871,-71.5067,-71.8374,-72.1775,-72.5146,-72.8039,-72.9963,-73.1337,-73.2693,-73.4202,-73.5907,-73.7804,-73.9876,-74.2098,-74.4447,-74.6903,-74.9447,-75.2064,-75.4742,-75.7468,-76.0234,-76.3030,-76.5850,-76.8687,-77.1535,-77.4376,-77.6893,-77.9028,-78.0998,-78.2920,-78.4850,-78.6814,-78.8824,-79.0883,-79.2988,-79.5135,-79.7318,-79.9530,-80.1765,-80.4016,-80.6277,-80.8543,-81.0808,-81.3067,-81.5316,-81.7522,-81.9510,-82.1215,-82.2719,-82.4113,-82.5454,-82.6776,-82.8097,-82.9425,-83.0764,-83.2116,-83.3481,-83.4859,-83.6248,-83.7647,-83.9054,-84.0468,-84.1886,-84.3307,-84.4727,-84.6144,-84.7557,-84.8962,-85.0357,-85.1689,-85.2823,-85.3734,-85.4472,-85.5099,-85.5664,-85.6203,-85.6740,-85.7289,-85.7861,-85.8459,-85.9085,-85.9741,-86.0425,-86.1137,-86.1873,-86.2632,-86.3412,-86.4208,-86.5020,-86.5842,-86.6674,-86.7512,-86.8353,-86.9196,-87.0037,-87.0874,-87.1706,-87.2530,-87.3345,-87.4150,-87.4942,-87.5693,-87.6252,-87.6600,-87.6799,-87.6905,-87.6958,-87.6986,-87.7009,-87.7042,-87.7094,-87.7173,-87.7282,-87.7425,-87.7602,-87.7813,-87.8058,-87.8337,-87.8646,-87.8986,-87.9352,-87.9743,-88.0157,-88.0591,-88.1043,-88.1509,-88.1988,-88.2477,-88.2974,-88.3476,-88.3982,-88.4490,-88.4997,-88.5503,-88.6006,-88.6505,-88.6999,-88.7486,-88.7966,-88.8438,-88.8515,-88.7930,-88.7220,-88.6576,-88.6054,-88.5663,-88.5399,-88.5250,-88.5201,-88.5240,-88.5356,-88.5510,-88.5619,-88.5668,-88.5683,-88.5688,-88.5702,-88.5735,-88.5794,-88.5880,-88.5995,-88.6139,-88.6311,-88.5698,-88.4140,-88.2789,-88.1779,-88.1075,-88.0621,-88.0368,-88.0279,-88.0323,-88.0476,-88.0721,-88.1042,-88.1425,-88.1861,-88.2341,-88.2856,-88.3400,-88.3967,-88.4552,-88.5151,-88.5758,-88.6371,-88.6986,-88.7599,-88.8181,-88.8695,-88.9132,-88.9502,-88.9822,-89.0105,-89.0364,-89.0608,-89.0846,-89.1082,-89.1320,-89.1563,-89.1812,-89.2070,-89.2336,-89.2610,-89.2894,-89.3186,-89.3486,-89.3793,-89.4106,-89.4425,-89.4749,-89.5077,-89.5397,-89.4959,-89.3588,-89.2141,-89.0983,-89.0165,-88.9641,-88.9349,-88.9236,-88.9263,-88.9397,-88.9616,-88.9903,-89.0242,-89.0623,-89.1037,-89.1475,-89.1933,-89.2405,-89.2886,-89.3373,-89.3863,-89.4352,-89.4839,-89.5322,-89.5626,-89.4735,-89.1488,-88.8501,-88.6161,-88.4420,-88.3175,-88.2325,-88.1792,-88.1511,-88.1433,-88.1519,-88.1740,-88.2064,-88.2355,-88.2478,-88.2482,-88.2433,-88.2246,-88.1908,-88.1501,-88.1087,-88.0710,-88.0394,-88.0155,-87.9999,-87.9930,-87.9947,-88.0047,-88.0225,-88.0477,-88.0796,-88.1176,-88.1612,-88.2097,-88.2624,-88.3189,-88.3642,-88.3481,-88.2985,-88.2441,-88.1982,-88.1661,-88.1489,-88.1462,-88.1565,-88.1782,-88.2098,-88.2496,-88.2963,-88.3486,-88.4056,-88.4661,-88.5295,-88.5938,-88.6257,-88.6183,-88.5761,-88.5067,-88.4254,-88.3453,-88.2745,-88.2082,-88.0149,-87.7999,-87.5628,-87.3341,-87.1398,-86.9839,-86.8404,-86.7044,-86.5634,-86.4055,-86.2563,-86.1302,-86.0325,-85.9641,-85.9237,-85.9088,-85.9171,-85.9458,-85.9924,-86.0546,-86.1302,-86.2172,-86.3139,-86.4187,-86.5300,-86.6467,-86.7676,-86.8915,-87.0176,-87.1451,-87.2731,-87.4012,-87.5286,-87.6549,-87.7796,-87.9024,-88.0229,-88.1409,-88.2562,-88.3685,-88.4760,-88.5611,-88.6154,-88.6475,-88.6681,-88.6848,-88.7022,-88.7229,-88.7480,-88.7781,-88.8129,-88.8523,-88.8957,-88.9425,-88.9922,-89.0328,-88.9832,-88.9085,-88.8429,-88.7939,-88.7622,-88.7462,-88.7441,-88.7540,-88.7741,-88.8029,-88.8390,-88.8811,-88.9282,-88.9793,-89.0307,-89.0605,-89.0639,-89.0514,-89.0329,-89.0155,-89.0033,-88.9983,-89.0015,-89.0127,-89.0315,-89.0574,-89.0894,-89.1267,-89.1685,-89.2141,-89.2628,-89.3063,-89.2862,-89.2332,-89.1781,-89.1313,-89.0960,-89.0686,-89.0295,-88.9775,-88.9214,-88.8693,-88.8262,-88.7946,-88.7754,-88.7684,-88.7727,-88.7872,-88.8109,-88.8426,-88.8808,-88.9001,-88.8841,-88.8560,-88.8164,-88.6668,-88.4339,-88.2070,-88.0123,-87.8553,-87.7349,-87.6476,-87.5896,-87.5571,-87.5465,-87.5549,-87.5794,-87.6176,-87.6496,-87.6298,-87.5577,-87.4576,-87.3514,-87.2531,-87.1696,-87.1039,-87.0542,-87.0087,-86.9620,-86.9174,-86.8787,-86.8345,-86.7725,-86.7005,-86.6298,-86.5688,-86.5225,-86.4912,-86.4666,-86.4378,-86.3688,-86.2713,-86.1692,-86.0752,-85.9956,-85.9335,-85.8900,-85.8652,-85.8584,-85.8686,-85.8945,-85.9348,-85.9880,-86.0530,-86.1284,-86.2129,-86.3055,-86.4050,-86.5104,-86.6182,-86.7159,-86.7971,-86.8652,-86.9258,-86.9836,-87.0420,-87.1029,-87.1673,-87.1991,-87.1535,-87.0929,-87.0269,-86.8905,-86.6161,-86.2551,-85.9352,-85.6724,-85.4635,-85.3019,-85.1810,-85.0951,-85.0393,-85.0093,-85.0019,-85.0141,-85.0436,-85.0883,-85.1465,-85.2165,-85.2972,-85.3855,-85.4695,-85.5405,-85.5997,-85.6515,-85.7000,-85.7485,-85.7992,-85.8535,-85.9119,-85.9749,-86.0425,-86.1147,-86.1911,-86.2716,-86.3558,-86.4417,-86.5110,-86.5533,-86.5760,-86.5888,-86.5991,-86.6114,-86.6285,-86.6520,-86.6825,-86.7203,-86.7653,-86.8172,-86.8756,-86.9399,-87.0097,-87.0554,-87.0458,-87.0218,-87.0032,-86.9895,-86.9371,-86.7075,-86.4402,-86.2075,-86.0214,-85.8800,-85.7780,-85.7095,-85.6696,-85.6538,-85.6586,-85.6811,-85.7187,-85.7695,-85.8315,-85.9033,-85.9836,-86.0711,-86.1647,-86.2636,-86.3668,-86.4735,-86.5830,-86.6946,-86.8078,-86.9221,-87.0365,-87.1432,-87.2299,-87.2945,-87.3409,-87.3739,-87.3976,-87.4153,-87.4293,-87.4414,-87.4530,-87.4650,-87.4782,-87.4928,-87.4740,-87.4091,-87.3338,-87.2635,-87.2035,-87.1553,-87.1190,-87.0941,-87.0800,-87.0759,-87.0813,-87.0954,-87.1177,-87.1476,-87.1848,-87.2288,-87.2792,-87.3356,-87.3977,-87.4651,-87.5374,-87.6141,-87.6948,-87.7789,-87.8659,-87.9552,-88.0461,-88.1381,-88.2305,-88.3228,-88.4145,-88.5051,-88.5943,-88.6816,-88.7670,-88.8500,-88.9154,-88.9222,-88.9038,-88.8819,-88.8644,-88.8537,-88.8505,-88.8546,-88.8655,-88.8824,-88.9048,-88.9319,-88.9630,-88.9977,-89.0353,-89.0755,-89.1176,-89.1614,-89.2065,-89.2526,-89.2992,-89.3325,-89.3238,-89.2938,-89.2585,-89.2254,-89.1975,-89.1762,-89.1617,-89.1536,-89.1505,-89.1398,-89.1133,-89.0758,-89.0345,-88.9632,-88.8474,-88.7253,-88.6137,-88.5186,-88.4416,-88.3823,-88.3399,-88.3129,-88.2999,-88.2995,-88.3102,-88.3308,-88.3600,-88.3966,-88.4397,-88.4883,-88.5415,-88.5423,-88.3879,-88.2523,-88.1623,-88.1132,-88.0965,-88.1048,-88.1318,-88.1731,-88.2251,-88.2852,-88.3515,-88.4224,-88.4966,-88.5731,-88.6513,-88.7303,-88.8097,-88.8891,-88.9679,-89.0459,-89.1228,-89.1984,-89.2722,-89.3420,-89.4053,-89.4607,-89.5086,-89.5496,-89.5851,-89.6160,-89.6432,-89.6675,-89.5818,-89.3918,-89.2280,-89.1043,-89.0154,-88.9545,-88.9154,-88.8935,-88.8853,-88.8772,-88.8202,-88.7404,-88.6618,-88.5941,-88.5408,-88.5024,-88.4782,-88.4670,-88.4677,-88.4789,-88.4994,-88.5280,-88.5636,-88.6053,-88.6522,-88.7034,-88.7583,-88.8161,-88.8764,-88.9384,-89.0019,-89.0663,-89.1312,-89.1963,-89.2612,-89.3258,-89.3898,-89.4530,-89.5151,-89.5761,-89.6358,-89.6942,-89.7510,-89.8063,-89.8601,-89.9121,-89.9626,-90.0113,-90.0584,-90.1039,-90.1477,-90.1898,-90.2304,-90.2694,-90.3069,-90.3429,-90.3774,-90.4106,-90.4424,-90.4729,-90.5021,-90.5302,-90.5571,-90.5828,-90.6076,-90.6313,-90.6540,-90.6758,-90.6968,-90.7169,-90.7362,-90.7547,-90.7726,-90.7897,-90.8062,-90.8222,-90.8375,-90.8523,-90.8630,-90.8151,-90.7127,-90.5672,-90.4117,-90.2636,-90.1096,-89.9173,-89.7246,-89.5510,-89.4026,-89.2798,-89.1817,-89.1061,-89.0510,-89.0075,-88.9559,-88.9007,-88.8495,-88.8064,-88.7732,-88.7507,-88.7389,-88.7373,-88.7455,-88.7627,-88.7880,-88.8206,-88.8597,-88.9044,-88.9540,-89.0078,-89.0650,-89.0880,-89.0317,-88.9593,-88.8963,-88.8509,-88.8244,-88.8158,-88.8230,-88.8434,-88.8749,-88.9154,-88.9632,-89.0168,-89.0749,-89.1365,-89.2007,-89.2648,-89.2686,-89.2159,-89.1442,-89.0712,-89.0052,-88.9499,-88.9064,-88.8748,-88.8545,-88.8448,-88.8447,-88.8534,-88.8699,-88.8932,-88.9227,-88.9575,-88.9969,-89.0402,-89.0869,-89.1364,-89.1507,-89.0988,-89.0296,-88.9686,-88.9246,-88.8991,-88.8905,-88.8966,-88.9151,-88.9437,-88.9806,-89.0242,-89.0733,-89.1267,-89.1834,-89.2428,-89.3040,-89.3665,-89.4298,-89.4934,-89.5570,-89.6203,-89.6829,-89.6366,-89.4771,-89.3210,-89.1843,-89.0707,-88.9807,-88.9131,-88.8660,-88.8371,-88.8243,-88.8254,-88.8371,-88.7732,-88.6694,-88.5410,-88.3557,-88.1794,-88.0340,-87.9233,-87.8342,-87.6871,-87.5321,-87.4014,-87.3025,-87.2352,-87.1966,-87.1833,-87.1919,-87.2192,-87.2623,-87.3187,-87.3861,-87.4628,-87.5470,-87.6372,-87.7323,-87.8310,-87.9323,-88.0355,-88.1397,-88.2443,-88.3487,-88.4525,-88.5551,-88.6563,-88.7557,-88.8530,-88.9481,-89.0408,-89.1309,-89.2183,-89.3030,-89.3848,-89.4639,-89.5400,-89.6134,-89.6839,-89.7517,-89.8167,-89.8789,-89.9314,-89.9610,-89.9691,-89.9631,-89.9500,-89.9349,-89.9209,-89.9099,-89.9029,-89.9004,-89.9024,-89.9088,-89.9194,-89.9337,-89.9515,-89.9710,-89.9792,-89.9663,-89.9154,-89.8090,-89.6744,-89.5391,-89.4179,-89.3165,-89.2357,-89.1650,-89.0900,-89.0125,-88.9400,-88.8783,-88.7989,-88.6290,-88.3974,-88.1640,-87.9599,-87.7945,-87.6683,-87.5783,-87.5202,-87.4900,-87.4836,-87.4879,-87.3136,-87.1350,-87.0121,-86.9429,-86.9176,-86.9263,-86.9469,-86.9577,-86.9653,-86.9788,-87.0028,-87.0389,-87.0804,-87.0793,-87.0607,-87.0480,-87.0484,-87.0638,-87.0940,-87.1380,-87.1947,-87.2623,-87.3396,-87.4250,-87.5171,-87.6148,-87.7168,-87.8221,-87.9297,-88.0390,-88.1490,-88.2592,-88.3689,-88.4778,-88.5853,-88.6778,-88.7110,-88.7173,-88.7199,-88.7270,-88.7414,-88.7636,-88.7686,-88.7296,-88.6777,-88.6298,-88.5926,-88.5684,-88.5577,-88.5597,-88.5735,-88.5977,-88.6311,-88.6724,-88.7206,-88.7744,-88.8330,-88.8954,-88.9608,-89.0258,-89.0708,-89.0910,-89.0970,-89.0981,-89.1002,-89.1062,-89.1175,-89.1343,-89.1566,-89.1841,-89.2158,-89.2398,-89.2443,-89.2341,-89.2167,-89.1982,-89.1830,-89.1732,-89.1702,-89.1742,-89.0368,-88.7177,-88.4122,-88.1645,-87.9765,-87.8406,-87.7481,-87.6912,-87.6635,-87.6597,-87.6756,-87.7078,-87.7509,-87.7508,-87.7131,-87.6690,-87.6000,-87.5088,-87.4163,-87.3334,-87.2655,-87.2151,-87.1825,-87.1673,-87.1682,-87.1840,-87.2089,-87.2240,-87.2258,-87.2213,-87.2179,-87.2205,-87.2323,-87.2543,-87.2869,-87.3297,-87.3820,-87.4429,-87.5114,-87.5865,-87.6673,-87.7528,-87.8422,-87.9347,-88.0295,-88.1260,-88.2234,-88.3214,-88.4193,-88.5168,-88.6134,-88.7088,-88.8028,-88.8950,-88.9852,-89.0734,-89.1592,-89.2427,-89.3237,-89.4022,-89.4781,-89.5514,-89.6034,-89.6102,-89.5944,-89.5709,-89.5475,-89.5283,-89.5151,-89.5087,-89.5092,-89.5163,-89.5295,-89.3860,-89.1928,-89.0430,-88.9405,-88.8773,-88.8448,-88.8361,-88.8457,-88.8694,-88.9039,-88.9469,-88.9964,-89.0510,-89.1094,-89.1707,-89.2339,-89.2986,-89.3639,-89.4296,-89.4951,-89.5602,-89.6246,-89.6880,-89.7502,-89.8110,-89.8704,-89.9283,-89.9844,-90.0389,-90.0916,-90.1425,-90.1917,-90.2391,-90.2847,-90.3286,-90.3707,-90.4112,-90.4500,-90.4810,-90.4268,-90.3299,-90.2323,-90.1483,-90.0819,-90.0329,-90.0000,-89.9807,-89.9732,-89.9753,-89.9854,-90.0019,-90.0238,-90.0500,-90.0795,-90.1118,-90.1461,-90.1819,-90.2188,-90.2560,-90.2635,-90.2350,-90.1974,-90.1634,-90.1368,-90.1187,-90.1084,-90.1051,-90.1079,-90.1160,-90.1286,-90.1452,-90.1650,-90.1877,-90.2110,-90.2210,-90.1893,-90.1038,-89.9927,-89.8778,-89.7715,-89.6619,-89.5311,-89.3869,-89.1574,-88.8669,-88.5761,-88.3165,-88.0991,-87.9253,-87.7921,-87.6956,-87.6312,-87.5950,-87.5832,-87.5925,-87.6199,-87.6627,-87.7187,-87.7858,-87.8622,-87.9462,-88.0365,-88.1316,-88.2306,-88.3323,-88.4359,-88.5406,-88.6397,-88.7173,-88.7633,-88.7677,-88.7350,-88.6682,-88.5813,-88.4905,-88.4071,-88.3377,-88.2849,-88.2296,-88.1606,-88.0954,-88.0442,-88.0104,-87.9941,-87.9939,-88.0083,-88.0356,-88.0740,-88.1220,-88.1784,-88.2418,-88.3111,-88.3853,-88.4636,-88.5450,-88.6289,-88.7146,-88.8014,-88.8889,-88.9766,-89.0640,-89.1508,-89.2367,-89.3214,-89.4045,-89.4861,-89.4466,-89.3010,-89.1862,-89.1135,-89.0765,-89.0673,-89.0791,-89.1065,-89.1456,-89.1933,-89.2474,-89.3062,-89.3683,-89.4326,-89.4659,-89.4497,-89.4209,-89.3953,-89.3782,-89.3709,-89.3734,-89.3847,-89.4038,-89.3952,-89.3511,-89.3020,-89.2599,-89.2286,-89.2089,-89.2005,-89.2024,-89.2138,-89.2336,-89.2607,-89.2942,-89.3331,-89.3766,-89.4094,-89.4040,-89.3713,-89.3301,-89.2928,-89.2645,-89.2353,-89.1971,-89.1536,-89.1112,-89.0745,-89.0462,-89.0277,-89.0193,-89.0208,-89.0313,-89.0448,-89.0535,-89.0551,-89.0521,-89.0479,-89.0456,-89.0472,-89.0539,-89.0388,-88.9655,-88.8735,-88.7892,-88.7221,-88.6747,-88.6292,-88.5513,-88.4567,-88.3674,-88.2957,-88.2457,-88.2175,-88.1993,-88.1191,-87.9644,-87.7899,-87.6322,-87.5055,-87.4125,-87.3513,-87.3186,-87.3105,-87.3237,-87.3549,-87.4015,-87.4610,-87.5314,-87.6108,-87.6838,-87.6566,-87.5556,-87.4486,-87.3579,-87.2895,-87.2441,-87.2208,-87.2178,-87.2208,-87.1767,-87.1109,-87.0299,-86.9465,-86.8729,-86.8074,-86.7347,-86.6582,-86.5882,-86.5325,-86.4954,-86.4786,-86.4819,-86.5042,-86.5439,-86.5991,-86.6679,-86.7477,-86.8248,-86.8873,-86.9396,-86.9789,-86.9743,-86.9198,-86.8365,-86.7445,-86.6565,-86.5788,-86.4724,-86.2549,-86.0407,-85.8674,-85.7383,-85.6488,-85.5797,-85.4985,-85.4177,-85.3507,-85.3034,-85.2776,-85.2731,-85.2888,-85.3233,-85.3678,-85.3709,-85.3525,-85.3386,-85.3398,-85.3595,-85.3978,-85.4534,-85.5246,-85.6094,-85.7060,-85.8125,-85.9273,-86.0490,-86.1761,-86.3073,-86.4417,-86.5781,-86.7158,-86.8461,-86.9045,-86.9036,-86.8809,-86.8548,-86.8346,-86.8246,-86.8267,-86.8413,-86.8679,-86.9057,-86.9537,-87.0108,-87.0757,-87.1475,-87.2251,-87.3076,-87.3940,-87.4836,-87.5757,-87.6696,-87.7387,-87.7364,-87.6614,-87.5692,-87.4848,-87.4159,-87.3647,-87.3312,-87.3145,-87.3133,-87.3261,-87.3514,-87.3878,-87.4339,-87.4885,-87.5502,-87.6160,-87.5945,-87.5003,-87.3908,-87.2882,-87.2012,-87.1333,-87.0852,-87.0564,-87.0456,-87.0513,-87.0717,-87.1053,-87.1503,-87.2054,-87.2690,-87.3399,-87.4169,-87.4989,-87.5850,-87.6743,-87.7660,-87.8594,-87.9538,-88.0488,-88.1438,-88.2384,-88.3322,-88.4249,-88.5162,-88.6058,-88.6937,-88.7795,-88.8633,-88.9448,-89.0129,-88.9913,-88.9312,-88.8702,-88.8146,-88.7473,-88.6770,-88.6153,-88.5670,-88.5331,-88.5127,-88.5045,-88.5069,-88.5185,-88.5381,-88.5646,-88.5970,-88.6277,-88.6407,-88.6348,-88.6180,-88.5977,-88.5788,-88.5643,-88.5555,-88.5531,-88.5571,-88.5673,-88.5834,-88.6050,-88.6317,-88.6631,-88.6985,-88.7377,-88.7802,-88.8255,-88.8732,-88.9229,-88.9742,-89.0269,-89.0805,-89.1347,-89.1892,-89.2439,-89.2984,-89.3526,-89.4062,-89.4592,-89.5113,-89.5625,-89.6127,-89.6618,-89.7097,-89.7546,-89.7775,-89.7695,-89.7406,-89.7024,-89.6630,-89.6277,-89.5991,-89.5782,-89.5653,-89.5600,-89.5618,-89.5699,-89.5835,-89.6018,-89.6243,-89.6502,-89.6790,-89.7101,-89.7430,-89.7775,-89.8130,-89.8404,-89.7679,-89.6012,-89.4136,-89.2398,-89.0907,-88.9685,-88.8623,-88.7526,-88.6422,-88.5404,-88.4530,-88.3829,-88.3303,-88.2948,-88.2751,-88.2697,-88.2771,-88.2958,-88.3244,-88.3616,-88.4062,-88.4570,-88.5131,-88.5735,-88.6375,-88.7042,-88.7730,-88.8433,-88.9146,-88.9865,-89.0584,-89.1302,-89.2013,-89.2717,-89.3410,-89.4091,-89.4758,-89.5409,-89.6044,-89.6662,-89.7262,-89.7844,-89.8407,-89.8952,-89.9477,-89.9984,-90.0473,-90.0943,-90.1349,-90.0910,-89.9985,-89.8827,-89.7579,-89.6374,-89.5289,-89.4310,-89.3268,-89.2152,-89.1047,-89.0026,-88.9140,-88.8410,-88.7843,-88.7436,-88.7178,-88.7057,-88.7060,-88.7173,-88.7382,-88.7676,-88.8042,-88.8471,-88.8951,-88.9474,-89.0033,-89.0620,-89.1229,-89.1801,-89.2008,-89.1811,-89.1253,-89.0310,-88.9052,-88.7643,-88.6086,-88.4373,-88.2629,-88.0973,-87.9478,-87.8174,-87.6916,-87.5625,-87.4380,-87.3257,-87.2301,-87.1537,-87.0972,-87.0601,-87.0402,-87.0181,-86.9820,-86.9395,-86.9008,-86.8728,-86.8592,-86.8616,-86.8799,-86.9133,-86.9604,-87.0198,-87.0900,-87.1692,-87.2427,-87.2732,-87.2755,-87.2733,-87.2803,-87.3006,-87.3218,-87.3353,-87.3351,-87.3094,-87.2229,-87.0883,-86.9339,-86.7790,-86.6351,-86.5086,-86.4027,-86.3184,-86.2557,-86.2140,-86.1919,-86.1883,-86.2016,-86.2303,-86.2730,-86.3283,-86.3947,-86.4710,-86.5475,-86.5462,-86.5108,-86.4798,-86.4661,-86.4729,-86.4997,-86.5445,-86.6047,-86.6778,-86.7614,-86.8536,-86.9461,-87.0120,-87.0580,-87.0964,-87.1348,-87.1770,-87.2251,-87.2798,-87.3409,-87.4081,-87.4807,-87.5580,-87.6393,-87.7238,-87.8109,-87.9000,-87.9905,-88.0818,-88.1735,-88.2651,-88.3563,-88.4429,-88.4907,-88.5082,-88.5146,-88.5199,-88.5288,-88.5432,-88.5637,-88.5902,-88.6223,-88.6595,-88.6987,-88.7247,-88.7351,-88.7365,-88.7345,-88.7328,-88.7336,-88.7385,-88.7481,-88.7627,-88.7825,-88.8071,-88.8364,-88.8699,-88.9072,-88.9479,-88.9915,-89.0158,-88.9285,-88.8293,-88.7504,-88.6949,-88.6606,-88.6442,-88.6270,-88.4330,-88.1816,-87.9683,-87.8029,-87.6807,-87.5890,-87.4606,-87.3196,-87.1964,-87.0994,-87.0295,-86.9855,-86.9649,-86.9653,-86.9841,-87.0191,-87.0678,-87.1284,-87.1991,-87.2781,-87.3640,-87.4556,-87.5516,-87.6509,-87.7528,-87.8564,-87.9609,-88.0658,-88.1704,-88.2744,-88.3772,-88.4781,-88.5687,-88.6380,-88.6870,-88.7218,-88.7225,-88.6588,-88.5755,-88.4957,-88.4280,-88.3754,-88.3382,-88.3153,-88.2334,-88.1174,-88.0152,-87.9368,-87.8827,-87.8506,-87.8381,-87.8426,-87.8616,-87.8931,-87.9353,-87.9864,-88.0451,-88.1100,-88.1799,-88.2540,-88.3312,-88.4107,-88.4920,-88.5743,-88.6571,-88.7400,-88.8225,-88.9043,-88.9851,-89.0647,-89.1428,-89.2193,-89.2939,-89.3666,-89.4374,-89.5060,-89.5725,-89.6369,-89.6794,-89.6535,-89.5627,-89.4268,-89.2705,-89.1126,-88.9388,-88.7156,-88.4693,-88.2047,-87.9433,-87.7000,-87.4698,-87.2558,-87.0642,-86.8978,-86.7274,-86.5452,-86.3733,-86.1558,-85.9198,-85.7137,-85.5478,-85.4216,-85.3318,-85.2743,-85.2455,-85.2421,-85.2467,-85.2231,-85.1831,-85.1477,-85.1295,-85.1333,-85.1597,-85.2074,-85.2740,-85.3571,-85.4542,-85.5632,-85.6820,-85.8089,-85.9422,-86.0805,-86.2192,-86.3498,-86.4688,-86.5782,-86.6809,-86.7798,-86.8768,-86.9734,-87.0703,-87.1678,-87.2662,-87.3654,-87.4653,-87.5657,-87.6663,-87.7669,-87.8673,-87.9671,-88.0662,-88.1640,-88.2351,-88.2548,-88.2439,-88.2246,-88.2093,-88.2039,-88.2100,-88.2274,-88.2551,-88.2917,-88.3359,-88.3864,-88.4421,-88.5019,-88.5650,-88.6306,-88.6980,-88.7667,-88.8361,-88.8884,-88.8793,-88.8502,-88.8212,-88.7990,-88.7859,-88.7824,-88.7881,-88.8025,-88.8246,-88.8535,-88.8883,-88.9282,-88.9722,-89.0198,-89.0701,-89.1227,-89.1770,-89.2325,-89.2887,-89.3454,-89.4021,-89.4510,-89.4580,-89.4383,-89.4092,-89.3797,-89.3543,-89.3353,-89.3235,-89.3192,-89.3219,-89.3312,-89.3466,-89.3674,-89.3929,-89.4225,-89.4545,-89.4824,-89.5005,-89.5084,-89.5092,-89.5066,-89.5038,-89.5026,-89.5045,-89.5100,-89.5193,-89.5325,-89.5493,-89.5696,-89.5929,-89.6190,-89.6476,-89.6783,-89.7109,-89.7450,-89.7804,-89.8168,-89.8540,-89.8918,-89.9300,-89.9683,-90.0066,-90.0340,-90.0110,-89.9575,-89.8973,-89.8421,-89.7964,-89.7615,-89.7371,-89.7226,-89.6970,-89.5631,-89.3888,-89.2383,-89.1286,-89.0573,-89.0172,-89.0012,-89.0039,-89.0208,-89.0413,-89.0435,-89.0268,-88.9936,-88.9264,-88.8391,-88.7484,-88.6644,-88.5924,-88.5349,-88.4925,-88.4649,-88.4515,-88.4511,-88.4626,-88.4846,-88.5159,-88.5492,-88.5275,-88.4769,-88.4272,-88.3895,-88.3670,-88.3597,-88.3669,-88.3868,-88.4181,-88.4590,-88.5082,-88.5642,-88.6208,-88.6622,-88.6864,-88.7011,-88.7137,-88.7289,-88.7492,-88.7757,-88.8084,-88.8404,-88.7517,-88.6022,-88.4695,-88.3757,-88.3210,-88.2991,-88.3030,-88.3269,-88.3660,-88.4168,-88.4764,-88.5429,-88.5625,-88.4696,-88.3617,-88.2797,-88.2320,-88.2158,-88.2249,-88.2366,-88.2378,-88.2387,-88.2466,-88.2639,-88.2862,-88.2791,-88.2566,-88.2378,-88.2293,-88.2326,-88.2470,-88.2715,-88.3047,-88.3456,-88.3929,-88.4440,-88.4641,-88.4535,-88.4346,-88.4184,-88.4098,-88.4105,-88.4212,-88.4404,-88.4543,-88.4531,-88.4316,-88.3554,-88.2589,-88.1672,-88.0896,-88.0293,-87.9869,-87.9617,-87.9526,-87.9582,-87.9770,-88.0074,-88.0481,-88.0977,-88.1550,-88.2187,-88.2879,-88.3616,-88.4389,-88.5189,-88.6010,-88.6846,-88.7689,-88.8536,-88.8331,-88.7326,-88.6441,-88.5866,-88.5590,-88.5564,-88.5731,-88.6008,-88.6293,-88.6541,-88.6757,-88.6962,-88.7181,-88.7429,-88.7716,-88.8046,-88.8418,-88.8832,-88.9283,-88.9767,-89.0279,-89.0817,-89.1375,-89.1949,-89.2537,-89.3134,-89.3738,-89.4194,-89.4238,-89.4038,-89.3760,-89.3501,-89.3308,-89.3203,-89.3191,-89.3268,-89.3428,-89.3661,-89.3958,-89.4308,-89.4703,-89.5136,-89.5597,-89.5853,-89.5715,-89.5416,-89.5100,-89.4835,-89.4649,-89.4550,-89.4537,-89.4606,-89.4747,-89.4953,-89.5216,-89.5528,-89.5880,-89.6267,-89.6683,-89.7120,-89.7576,-89.8044,-89.8521,-89.9003,-89.9488,-89.9973,-90.0455,-90.0932,-90.1404,-90.1867,-90.2302,-90.2479,-90.2170,-90.1474,-90.0573,-89.9605,-89.8655,-89.7771,-89.6978,-89.6286,-89.5699,-89.5216,-89.4832,-89.4543,-89.4345,-89.4231,-89.4196,-89.4235,-89.4341,-89.4510,-89.4735,-89.5010,-89.5331,-89.5690,-89.6017,-89.5941,-89.5493,-89.4928,-89.4415,-89.4026,-89.3752,-89.3162,-89.2269,-89.1359,-89.0565,-88.9929,-88.9459,-88.9137,-88.8683,-88.7857,-88.6606,-88.4824,-88.2770,-88.0686,-87.8736,-87.7008,-87.5543,-87.4349,-87.3418,-87.2733,-87.2161,-87.1111,-86.9784,-86.8389,-86.6987,-86.5519,-86.3623,-86.1507,-85.9054,-85.6176,-85.2997,-84.9796,-84.6793,-84.4112,-84.1809,-83.9899,-83.8376,-83.7222,-83.6414,-83.5926,-83.5735,-83.5815,-83.6145,-83.6702,-83.7467,-83.8420,-83.9540,-84.0572,-84.1361,-84.2144,-84.3035,-84.4065,-84.5233,-84.6524,-84.7920,-84.9402,-85.0955,-85.2564,-85.4215,-85.5896,-85.7599,-85.9312,-86.0679,-86.0431,-86.0148,-86.0112,-85.9976,-85.9817,-85.9589,-85.8814,-85.8034,-85.7468,-85.7155,-85.7080,-85.7221,-85.7550,-85.8045,-85.8683,-85.9446,-86.0317,-86.1281,-86.2323,-86.3432,-86.4595,-86.5803,-86.7045,-86.8312,-86.9597,-87.0892,-87.2191,-87.3487,-87.4775,-87.6050,-87.7309,-87.8548,-87.9763,-88.0952,-88.2087,-88.2861,-88.3064,-88.2829,-88.2354,-88.1792,-88.1245,-88.0744,-88.0045,-87.9164,-87.8275,-87.7478,-87.6823,-87.6331,-87.6006,-87.5843,-87.5833,-87.5961,-87.6214,-87.6578,-87.7038,-87.7582,-87.8196,-87.8871,-87.9594,-88.0358,-88.1154,-88.1973,-88.2809,-88.3657,-88.4510,-88.5365,-88.6216,-88.7061,-88.7896,-88.8719,-88.9528,-89.0320,-89.1094,-89.1849,-89.2584,-89.3299,-89.3992,-89.4663,-89.5299,-89.5772,-89.6001,-89.6040,-89.5967,-89.5843,-89.5711,-89.5598,-89.5518,-89.5481,-89.5488,-89.5540,-89.5636,-89.5773,-89.5947,-89.6155,-89.6393,-89.6657,-89.6943,-89.7247,-89.7568,-89.7847,-89.7718,-89.6509,-89.4928,-89.3374,-89.1990,-89.0822,-88.9877,-88.9144,-88.8606,-88.8242,-88.8032,-88.7957,-88.8000,-88.8146,-88.8379,-88.8688,-88.9060,-88.9487,-88.9937,-88.9980,-88.9485,-88.8707,-88.7831,-88.6967,-88.6178,-88.5497,-88.4939,-88.4511,-88.4211,-88.4033,-88.3972,-88.4018,-88.4163,-88.4397,-88.4712,-88.5097,-88.5545,-88.6047,-88.6595,-88.7182,-88.7800,-88.8444,-88.9107,-88.9784,-89.0470,-89.1162,-89.1855,-89.2545,-89.3230,-89.3908,-89.4576,-89.5232,-89.5874,-89.6502,-89.7114,-89.7710,-89.8288,-89.8849,-89.9392,-89.9917,-90.0412,-90.0706,-90.0680,-90.0414,-90.0027,-89.9604,-89.9201,-89.8848,-89.8557,-89.8084,-89.6808,-89.5384,-89.4101,-89.3039,-89.2207,-89.1590,-89.1165,-89.0907,-89.0793,-89.0801,-89.0913,-89.1113,-89.1387,-89.1722,-89.2108,-89.2381,-89.2354,-89.2205,-89.2062,-89.1977,-89.1967,-89.2029,-89.2159,-89.2349,-89.2591,-89.2878,-89.3203,-89.3562,-89.3948,-89.4357,-89.4785,-89.5229,-89.5684,-89.6148,-89.6619,-89.7092,-89.7568,-89.8042,-89.8514,-89.8982,-89.9445,-89.9901,-90.0349,-90.0789,-90.1218,-90.1542,-90.1625,-90.1512,-90.1294,-90.1043,-90.0803,-90.0599,-90.0443,-90.0338,-90.0286,-90.0285,-90.0331,-90.0420,-90.0547,-90.0709,-90.0902,-90.1120,-90.1361,-90.1621,-90.1897,-90.2185,-90.2482,-90.2788,-90.3098,-90.3411,-90.3726,-90.4040,-90.4353,-90.4664,-90.4970,-90.5273,-90.5569,-90.5860,-90.6145,-90.6423,-90.6693,-90.6957,-90.7213,-90.7462,-90.7703,-90.7936,-90.8162,-90.8381,-90.8592,-90.8796,-90.8994,-90.9184,-90.9368,-90.9545,-90.9716,-90.9881,-91.0040,-91.0194,-91.0342,-91.0485,-91.0623,-91.0757,-91.0886,-91.1010,-91.1130,-91.1246,-91.1359,-91.1468,-91.1573,-91.1675,-91.1774,-91.1870,-91.1963,-91.2054,-91.2141,-91.2227,-91.2310,-91.2391,-91.2470,-91.2547,-91.2622,-91.2695,-91.2767,-91.2836,-91.2905,-91.2964,-91.2992,-91.2966,-91.2884,-91.2754,-91.2591,-91.2407,-91.2214,-91.1974,-91.1488,-91.0306,-90.8752,-90.7162,-90.5670,-90.4326,-90.3145,-90.2129,-90.1272,-90.0565,-89.9997,-89.9556,-89.9232,-89.9013,-89.8889,-89.8850,-89.8887,-89.8991,-89.9154,-89.9368,-89.9627,-89.9897,-89.9739,-89.9123,-89.8358,-89.7508,-89.6275,-89.4919,-89.3656,-89.2573,-89.1700,-89.1034,-89.0565,-89.0275,-89.0144,-89.0111,-88.9936,-88.9593,-88.9186,-88.8808,-88.8517,-88.8342,-88.8293,-88.8368,-88.8559,-88.8855,-88.9080,-88.8239,-88.6936,-88.5840,-88.5139,-88.4816,-88.4800,-88.5019,-88.5416,-88.5949,-88.6582,-88.7291,-88.8057,-88.8863,-88.9697,-89.0550,-89.1368,-89.1550,-89.1329,-89.1056,-89.0851,-89.0752,-89.0768,-89.0896,-89.1125,-89.1444,-89.1792,-89.1197,-88.9265,-88.7102,-88.5262,-88.3878,-88.2924,-88.2336,-88.2046,-88.2000,-88.2121,-88.2179,-88.2116,-88.2019,-88.1966,-88.1997,-88.2133,-88.2374,-88.2716,-88.3150,-88.3667,-88.4255,-88.4904,-88.5605,-88.6349,-88.7118,-88.7635,-88.7800,-88.7678,-88.7286,-88.6730,-88.6127,-88.5560,-88.5080,-88.4716,-88.4431,-88.3746,-88.2848,-88.2016,-88.1349,-88.0871,-88.0581,-88.0465,-88.0507,-88.0691,-88.0999,-88.1416,-88.1925,-88.2514,-88.3170,-88.3882,-88.4639,-88.5431,-88.6252,-88.7092,-88.7946,-88.8807,-88.9671,-89.0532,-89.1387,-89.2192,-89.2069,-89.1466,-89.0890,-89.0483,-89.0111,-88.8554,-88.6829,-88.5278,-88.3720,-88.2303,-88.1122,-87.9991,-87.8929,-87.8045,-87.7352,-87.6662,-87.5901,-87.5135,-87.4437,-87.3856,-87.2264,-87.0197,-86.8520,-86.7300,-86.6485,-86.6012,-86.5825,-86.5880,-86.6140,-86.6574,-86.7157,-86.7867,-86.8685,-86.9594,-87.0579,-87.1627,-87.2725,-87.3863,-87.5031,-87.6219,-87.7420,-87.8627,-87.9770,-88.0642,-88.1256,-88.1117,-88.0658,-88.0228,-87.9933,-87.9795,-87.9808,-87.9958,-88.0226,-88.0597,-88.1006,-88.0046,-87.8080,-87.5864,-87.3753,-87.1848,-86.9984,-86.8170,-86.6496,-86.5001,-86.3647,-86.2419,-86.1336,-86.0428,-85.9716,-85.9211,-85.8913,-85.8816,-85.8907,-85.9172,-85.9595,-86.0161,-86.0854,-86.1659,-86.2562,-86.3549,-86.4609,-86.5729,-86.6900,-86.8111,-86.9353,-87.0619,-87.1863,-87.2930,-87.3785,-87.4478,-87.4838,-87.4346,-87.3079,-87.1577,-87.0163,-86.8971,-86.8034,-86.7351,-86.6902,-86.6668,-86.6627,-86.6759,-86.7046,-86.7466,-86.7715,-86.7693,-86.7617,-86.7608,-86.7716,-86.7959,-86.8335,-86.8834,-86.9444,-87.0151,-87.0941,-87.1705,-87.2109,-87.1627,-87.0430,-86.8869,-86.7307,-86.5927,-86.4809,-86.3975,-86.3423,-86.3134,-86.3083,-86.3246,-86.3594,-86.4105,-86.4755,-86.5525,-86.6394,-86.7347,-86.8368,-86.9445,-87.0565,-87.1655,-87.2398,-87.2862,-87.3237,-87.3631,-87.4089,-87.4622,-87.5230,-87.5877,-87.6210,-87.6193,-87.6058,-87.5952,-87.5937,-87.6035,-87.5095,-87.3633,-87.2509,-87.1788,-87.1415,-87.1326,-87.1468,-87.1395,-87.0419,-86.9487,-86.8856,-86.8543,-86.8512,-86.8718,-86.9118,-86.9678,-87.0367,-87.1161,-87.1896,-87.2155,-87.2173,-87.2174,-87.1851,-87.1036,-87.0228,-86.9596,-86.9183,-86.8986,-86.8982,-86.9039,-86.9022,-86.8939,-86.8840,-86.8771,-86.8763,-86.8833,-86.8990,-86.9237,-86.9572,-86.9992,-87.0492,-87.1064,-87.1703,-87.2401,-87.3152,-87.3949,-87.4786,-87.5656,-87.6552,-87.7470,-87.8404,-87.9347,-88.0297,-88.1247,-88.2195,-88.3136,-88.4062,-88.4879,-88.5526,-88.6049,-88.6493,-88.6196,-88.5420,-88.4668,-88.4052,-88.3568,-88.3066,-88.2470,-88.1815,-88.1156,-88.0539,-87.9994,-87.9541,-87.9191,-87.8948,-87.8812,-87.8780,-87.8847,-87.9008,-87.9241,-87.9374,-87.9318,-87.9152,-87.8964,-87.8816,-87.8746,-87.8771,-87.8897,-87.9123,-87.9440
15,-83.0000,-82.2908,-82.1972,-82.2380,-82.3217,-82.4193,-82.5197,-82.6184,-82.7135,-82.8042,-82.8902,-82.9715,-83.0483,-83.1052,-83.0692,-82.9685,-82.8452,-82.7235,-82.6152,-82.5250,-82.4539,-82.4011,-82.3649,-82.3344,-82.2600,-82.1421,-82.0051,-81.8677,-81.7416,-81.6332,-81.5452,-81.4781,-81.4309,-81.4020,-81.3895,-81.3914,-81.4056,-81.4304,-81.4641,-81.5051,-81.5524,-81.6046,-81.6609,-81.7205,-81.7797,-81.8272,-81.8556,-81.8661,-81.8635,-81.8533,-81.8403,-81.8282,-81.8193,-81.8153,-81.8168,-81.8241,-81.8370,-81.8552,-81.8782,-81.9054,-81.9363,-81.9703,-82.0070,-82.0416,-82.0267,-81.9541,-81.8493,-81.7338,-81.6219,-81.5220,-81.4385,-81.3728,-81.3251,-81.2944,-81.2790,-81.2774,-81.2878,-81.3084,-81.3378,-81.3747,-81.4177,-81.4659,-81.5183,-81.5741,-81.6326,-81.6801,-81.6769,-81.6191,-81.5159,-81.3824,-81.2344,-81.0851,-80.9437,-80.8165,-80.7068,-80.6164,-80.5453,-80.4928,-80.4576,-80.4381,-80.4326,-80.4394,-80.4568,-80.4835,-80.5181,-80.5593,-80.6063,-80.6580,-80.7137,-80.7727,-80.8345,-80.8986,-80.9644,-81.0317,-81.1001,-81.1693,-81.2390,-81.3090,-81.3791,-81.4492,-81.5190,-81.5883,-81.6572,-81.7254,-81.7929,-81.8595,-81.9252,-81.9899,-82.0535,-82.1160,-82.1774,-82.2375,-82.2963,-82.3539,-82.4102,-82.4651,-82.5186,-82.5708,-82.6216,-82.6710,-82.7191,-82.7657,-82.8110,-82.8549,-82.8975,-82.9387,-82.9786,-83.0172,-83.0545,-83.0906,-83.1254,-83.1590,-83.1914,-83.2227,-83.2529,-83.2819,-83.3099,-83.3368,-83.3627,-83.3876,-83.4116,-83.4347,-83.4569,-83.4782,-83.4987,-83.5130,-83.4390,-83.2724,-83.0722,-82.8775,-82.7058,-82.5627,-82.4482,-82.3597,-82.2937,-82.2469,-82.2164,-82.1994,-82.1936,-82.1972,-82.2085,-82.2263,-82.2492,-82.2764,-82.3071,-82.3406,-82.3763,-82.4137,-82.4524,-82.4920,-82.5323,-82.5729,-82.6137,-82.6544,-82.6949,-82.7350,-82.7747,-82.8138,-82.8522,-82.8900,-82.9269,-82.9622,-82.8861,-82.7018,-82.4916,-82.2937,-82.1237,-81.9860,-81.8799,-81.8012,-81.7285,-81.6371,-81.5284,-81.4129,-81.2759,-81.1023,-80.9075,-80.7123,-80.5318,-80.3747,-80.2448,-80.1424,-80.0665,-80.0146,-79.9842,-79.9724,-79.9766,-79.9946,-80.0243,-80.0637,-80.1114,-80.1660,-80.2264,-80.2915,-80.3605,-80.4328,-80.5075,-80.5843,-80.6626,-80.7421,-80.8222,-80.9028,-80.9835,-81.0641,-81.1443,-81.2240,-81.3030,-81.3810,-81.4581,-81.5340,-81.6087,-81.6821,-81.7540,-81.8245,-81.8934,-81.9607,-82.0264,-82.0905,-82.1529,-82.2136,-82.2726,-82.3299,-82.3856,-82.4395,-82.4918,-82.5424,-82.5913,-82.6387,-82.6845,-82.7287,-82.7714,-82.8126,-82.8524,-82.8907,-82.9277,-82.9633,-82.9976,-83.0306,-83.0624,-83.0930,-83.1224,-83.1507,-83.1779,-83.2041,-83.2293,-83.2535,-83.2768,-83.2992,-83.3207,-83.3414,-83.3612,-83.3803,-83.3987,-83.4164,-83.4333,-83.4497,-83.4654,-83.4805,-83.4950,-83.5090,-83.5224,-83.5354,-83.5478,-83.5598,-83.5472,-83.4210,-83.2101,-82.9365,-82.6328,-82.3299,-82.0481,-81.7982,-81.5846,-81.4073,-81.2643,-81.1523,-81.0679,-81.0073,-80.9671,-80.9444,-80.9365,-80.9410,-80.9561,-80.9799,-81.0111,-81.0484,-81.0908,-81.1315,-81.1415,-81.1114,-81.0535,-80.9834,-80.9129,-80.8495,-80.7890,-80.6725,-80.4949,-80.2959,-80.1064,-79.9421,-79.8086,-79.7006,-79.5340,-79.3079,-79.0789,-78.8758,-78.7090,-78.5802,-78.4869,-78.4255,-78.3918,-78.3819,-78.3921,-78.4194,-78.4610,-78.5147,-78.5784,-78.6504,-78.7294,-78.8140,-78.9031,-78.9960,-79.0918,-79.1897,-79.2893,-79.3900,-79.4914,-79.5931,-79.6948,-79.7961,-79.8968,-79.9968,-80.0957,-80.1936,-80.2901,-80.3852,-80.4787,-80.5707,-80.6609,-80.7494,-80.8361,-80.9210,-81.0039,-81.0849,-81.1640,-81.2411,-81.3162,-81.3894,-81.4607,-81.5300,-81.5973,-81.6628,-81.7263,-81.7880,-81.8478,-81.9058,-81.9620,-82.0165,-82.0692,-82.1203,-82.1697,-82.2175,-82.2637,-82.3071,-82.2282,-82.0340,-81.8167,-81.6149,-81.4429,-81.3043,-81.1974,-81.1190,-81.0652,-81.0320,-81.0161,-81.0144,-81.0244,-81.0440,-81.0714,-81.1051,-81.1437,-81.1864,-81.2322,-81.2804,-81.3304,-81.3817,-81.4339,-81.4866,-81.5395,-81.5924,-81.6451,-81.6973,-81.7490,-81.8000,-81.8503,-81.8997,-81.9482,-81.9957,-82.0422,-82.0876,-82.1320,-82.1753,-82.2175,-82.2586,-82.2987,-82.3376,-82.3754,-82.4122,-82.4479,-82.4825,-82.5161,-82.5487,-82.5804,-82.6110,-82.6407,-82.6695,-82.6974,-82.7244,-82.7506,-82.7759,-82.8004,-82.8242,-82.8472,-82.8694,-82.8910,-82.9119,-82.9321,-82.9516,-82.9706,-82.9890,-83.0067,-83.0240,-83.0392,-82.9650,-82.8033,-82.6221,-82.4507,-82.2995,-82.1710,-82.0648,-81.9791,-81.9120,-81.8611,-81.8244,-81.8001,-81.7864,-81.7819,-81.7851,-81.7949,-81.8104,-81.8305,-81.8546,-81.8820,-81.9121,-81.9444,-81.9785,-82.0140,-82.0506,-82.0880,-82.1260,-82.1643,-82.2028,-82.2412,-82.2796,-82.3177,-82.3555,-82.3928,-82.4296,-82.4659,-82.5015,-82.5365,-82.5707,-82.6043,-82.6371,-82.6691,-82.7003,-82.7308,-82.7313,-82.6393,-82.4924,-82.3025,-82.0821,-81.8559,-81.6413,-81.4474,-81.2782,-81.1345,-81.0154,-80.9193,-80.8440,-80.7873,-80.7473,-80.7218,-80.7090,-80.7074,-80.7153,-80.7315,-80.7547,-80.7841,-80.8187,-80.8577,-80.9005,-80.9464,-80.9949,-81.0456,-81.0981,-81.1520,-81.2070,-81.2629,-81.3193,-81.3762,-81.4332,-81.4903,-81.5472,-81.6038,-81.6601,-81.7159,-81.7710,-81.8255,-81.8792,-81.9321,-81.9841,-82.0352,-82.0853,-82.1344,-82.1824,-82.2294,-82.2752,-82.3200,-82.3636,-82.4061,-82.4475,-82.4877,-82.5268,-82.5648,-82.6017,-82.6375,-82.6722,-82.7059,-82.7385,-82.7701,-82.8006,-82.8302,-82.8589,-82.8866,-82.9133,-82.9392,-82.9642,-82.9884,-83.0118,-83.0344,-83.0562,-83.0772,-83.0974,-83.1032,-83.0697,-82.9956,-82.8932,-82.7763,-82.6567,-82.5421,-82.4376,-82.2977,-82.0635,-81.7949,-81.5318,-81.2939,-81.0896,-80.9208,-80.7860,-80.6822,-80.6058,-80.5533,-80.5212,-80.5064,-80.5064,-80.5186,-80.5412,-80.5725,-80.6108,-80.6551,-80.7042,-80.7572,-80.8133,-80.8720,-80.9326,-80.9946,-81.0577,-81.1215,-81.1856,-81.2498,-81.3139,-81.3776,-81.4409,-81.5035,-81.5653,-81.6262,-81.6862,-81.6159,-81.3883,-81.1509,-80.9445,-80.7792,-80.6544,-80.5658,-80.5083,-80.4767,-80.4664,-80.4736,-80.4948,-80.5274,-80.5689,-80.6176,-80.6718,-80.7303,-80.7920,-80.8561,-80.9218,-80.9885,-81.0558,-81.1232,-81.1905,-81.2574,-81.3235,-81.3888,-81.4532,-81.5164,-81.5784,-81.6392,-81.6986,-81.7566,-81.8132,-81.8684,-81.9221,-81.9744,-82.0252,-82.0746,-82.1226,-82.1692,-82.2144,-82.2582,-82.3006,-82.3417,-82.3815,-82.4201,-82.4574,-82.4935,-82.5285,-82.5622,-82.5949,-82.6265,-82.6570,-82.6866,-82.7151,-82.7427,-82.7693,-82.7950,-82.8199,-82.8440,-82.8672,-82.8897,-82.9114,-82.9211,-82.8516,-82.7079,-82.5333,-82.3598,-82.1830,-81.8132,-81.4064,-81.0433,-80.7430,-80.5053,-80.3239,-80.1910,-80.0987,-80.0402,-80.0094,-80.0014,-80.0047,-79.9693,-79.8913,-79.7936,-79.6944,-79.6051,-79.5321,-79.4780,-79.4434,-79.4274,-79.4285,-79.4449,-79.4744,-79.5153,-79.5658,-79.6243,-79.6893,-79.7597,-79.8343,-79.9123,-79.9930,-80.0755,-80.1595,-80.2443,-80.3296,-80.4150,-80.5002,-80.5849,-80.6690,-80.7522,-80.8344,-80.9154,-80.9952,-81.0736,-81.1505,-81.2259,-81.2997,-81.3719,-81.4424,-81.5112,-81.5783,-81.6437,-81.7073,-81.7693,-81.8295,-81.8879,-81.9447,-81.9998,-82.0275,-81.9456,-81.8097,-81.6609,-81.5194,-81.3948,-81.2912,-81.2094,-81.1485,-81.1067,-81.0819,-81.0719,-81.0745,-81.0879,-81.1103,-81.1401,-81.1761,-81.2170,-81.2619,-81.3100,-81.3605,-81.4129,-81.4666,-81.5213,-81.5765,-81.6320,-81.6875,-81.7427,-81.7976,-81.8518,-81.9054,-81.9582,-82.0101,-82.0610,-82.1109,-82.1597,-82.2074,-82.2539,-82.2993,-82.3436,-82.3866,-82.4285,-82.4691,-82.5086,-82.5470,-82.5841,-82.6202,-82.6551,-82.6889,-82.7216,-82.7533,-82.7840,-82.8136,-82.8423,-82.8700,-82.8967,-82.9226,-82.9476,-82.9717,-82.9950,-83.0157,-82.9695,-82.8459,-82.6861,-82.5175,-82.3559,-82.2099,-82.0831,-81.9767,-81.8902,-81.8221,-81.7706,-81.7339,-81.7101,-81.6974,-81.6007,-81.3295,-81.0448,-80.7951,-80.5922,-80.4356,-80.3206,-80.2414,-80.1923,-80.1682,-80.1645,-80.1775,-80.2041,-80.2416,-80.2879,-80.3412,-80.3999,-80.4629,-80.5291,-80.5977,-80.6680,-80.7394,-80.8113,-80.8835,-80.9556,-81.0273,-81.0983,-81.1685,-81.2378,-81.3059,-81.3728,-81.4384,-81.5027,-81.5655,-81.6269,-81.6868,-81.7452,-81.8021,-81.8575,-81.9114,-81.9637,-82.0146,-82.0639,-82.1118,-82.1583,-82.2033,-82.2470,-82.2893,-82.3302,-82.3698,-82.4082,-82.4453,-82.4812,-82.5159,-82.5494,-82.5819,-82.6132,-82.6435,-82.6728,-82.7011,-82.7285,-82.7549,-82.7804,-82.8051,-82.8289,-82.8520,-82.8742,-82.8957,-82.9165,-82.9366,-82.9561,-82.9749,-82.9929,-82.9547,-82.8049,-82.6085,-82.4102,-82.2302,-82.0757,-81.9479,-81.8455,-81.7658,-81.7060,-81.6633,-81.6352,-81.6194,-81.6141,-81.6175,-81.6282,-81.6450,-81.6670,-81.6931,-81.7227,-81.7551,-81.7898,-81.8263,-81.8642,-81.9031,-81.9429,-81.9831,-82.0236,-82.0642,-82.1047,-82.1450,-82.1850,-82.2245,-82.2636,-82.3020,-82.3399,-82.3770,-82.4134,-82.4490,-82.4838,-82.5178,-82.5510,-82.5834,-82.6149,-82.6456,-82.6754,-82.7044,-82.7326,-82.7600,-82.7865,-82.8123,-82.8373,-82.8616,-82.8851,-82.9079,-82.9299,-82.9513,-82.9701,-82.9436,-82.8529,-82.7234,-82.5783,-82.4335,-82.2986,-82.1787,-82.0762,-81.9913,-81.9234,-81.8712,-81.8330,-81.8073,-81.7924,-81.7869,-81.7894,-81.7987,-81.8138,-81.8338,-81.8579,-81.8854,-81.9157,-81.9483,-81.9827,-82.0187,-82.0557,-82.0937,-82.1322,-82.1711,-82.2102,-82.2494,-82.2884,-82.3273,-82.3658,-82.4038,-82.4414,-82.4784,-82.5148,-82.5505,-82.5855,-82.6197,-82.6532,-82.6859,-82.7178,-82.7488,-82.7791,-82.8085,-82.8372,-82.8650,-82.8920,-82.9182,-82.9436,-82.9683,-82.9922,-83.0154,-83.0378,-83.0595,-83.0805,-83.1009,-83.1206,-83.1396,-83.1581,-83.1759,-83.1931,-83.2098,-83.2260,-83.2416,-83.2567,-83.2713,-83.2855,-83.2992,-83.3124,-83.3253,-83.3377,-83.3497,-83.3614,-83.3727,-83.3836,-83.3942,-83.4045,-83.4145,-83.4242,-83.4336,-83.4427,-83.4516,-83.4602,-83.4686,-83.4767,-83.4847,-83.4924,-83.4999,-83.5072,-83.5143,-83.5213,-83.5281,-83.5347,-83.5412,-83.5475,-83.5537,-83.5597,-83.5656,-83.5714,-83.5770,-83.5825,-83.5880,-83.5933,-83.5985,-83.6036,-83.6086,-83.6136,-83.6184,-83.6232,-83.6278,-83.6324,-83.6366,-83.6215,-83.5640,-83.4749,-83.3707,-83.2631,-83.1595,-83.0638,-82.9780,-82.9029,-82.8385,-82.7845,-82.7400,-82.7044,-82.6769,-82.6566,-82.6428,-82.6348,-82.6318,-82.6334,-82.6388,-82.6478,-82.6598,-82.6743,-82.6711,-82.6034,-82.4855,-82.3450,-82.2025,-82.0298,-81.7383,-81.2236,-80.6480,-80.1199,-79.6715,-79.3078,-79.0231,-78.8083,-78.6534,-78.5490,-78.4868,-78.4596,-78.4612,-78.4864,-78.5309,-78.5911,-78.6640,-78.7469,-78.8380,-78.9353,-79.0376,-79.1435,-79.2521,-79.3625,-79.4740,-79.5861,-79.6982,-79.8099,-79.9209,-80.0309,-80.1396,-80.2469,-80.3525,-80.4564,-80.5583,-80.6582,-80.7561,-80.8518,-80.9453,-81.0366,-81.1256,-81.2123,-81.2967,-81.3788,-81.4586,-81.5362,-81.6114,-81.6714,-81.6643,-81.5943,-81.4956,-81.3939,-81.1942,-80.8459,-80.4423,-80.0245,-79.6306,-79.2823,-78.9886,-78.7506,-78.5653,-78.4280,-78.3330,-78.2746,-78.2475,-78.2470,-78.2687,-78.3089,-78.3644,-78.4325,-78.5108,-78.5974,-78.6906,-78.7891,-78.8915,-78.9970,-79.1047,-79.2138,-79.3239,-79.4343,-79.5448,-79.6548,-79.7641,-79.8725,-79.9797,-80.0856,-80.1899,-80.2925,-80.3934,-80.4924,-80.5713,-80.5847,-80.5456,-80.4789,-80.4031,-80.3303,-80.2675,-80.2185,-80.1846,-80.1658,-80.1613,-80.1693,-80.1591,-80.0977,-80.0038,-79.8983,-79.7643,-79.5759,-79.3617,-79.1537,-78.9699,-78.8178,-78.6987,-78.6110,-78.5516,-78.5172,-78.5045,-78.5105,-78.5323,-78.5677,-78.6145,-78.6710,-78.7355,-78.8068,-78.8837,-78.9652,-79.0505,-79.1388,-79.2296,-79.3221,-79.4160,-79.5108,-79.6061,-79.7017,-79.7720,-79.6477,-79.4614,-79.2873,-79.1194,-78.9305,-78.7373,-78.5576,-78.4022,-78.2763,-78.1813,-78.1162,-78.0787,-78.0660,-78.0749,-78.1023,-78.1454,-78.2016,-78.2686,-78.3445,-78.4276,-78.5164,-78.6097,-78.7066,-78.8061,-78.9076,-79.0104,-79.1140,-79.2180,-79.3220,-79.4257,-79.5289,-79.6312,-79.7326,-79.8329,-79.9318,-80.0294,-80.1255,-80.2199,-80.3127,-80.4038,-80.4931,-80.5805,-80.6662,-80.7499,-80.7391,-80.5445,-80.3268,-80.1350,-79.9823,-79.8691,-79.7916,-79.7450,-79.7242,-79.7247,-79.7425,-79.7744,-79.8175,-79.8696,-79.9286,-79.9932,-80.0619,-80.1337,-80.2077,-80.2832,-80.3596,-80.4365,-80.5133,-80.5898,-80.6658,-80.7409,-80.8099,-80.8243,-80.7740,-80.6856,-80.5829,-80.4807,-80.2257,-79.8844,-79.5589,-79.2786,-79.0503,-78.8721,-78.7392,-78.6458,-78.5863,-78.5554,-78.5485,-78.5615,-78.5909,-78.6339,-78.6880,-78.7478,-78.7540,-78.6864,-78.5836,-78.4792,-78.3917,-78.3284,-78.2905,-78.2763,-78.2830,-78.3076,-78.3471,-78.3990,-78.4610,-78.5313,-78.6082,-78.6905,-78.7770,-78.8668,-78.9591,-79.0532,-79.1485,-79.2446,-79.3410,-79.4347,-79.4478,-79.3652,-79.2487,-79.1343,-79.0377,-78.9642,-78.9118,-78.7945,-78.6086,-78.4111,-78.2308,-78.0801,-77.9627,-77.8779,-77.8231,-77.7947,-77.7894,-77.8036,-77.8344,-77.8791,-77.9017,-77.8121,-77.6685,-77.5217,-77.3966,-77.3024,-77.2406,-77.2089,-77.2038,-77.2214,-77.2581,-77.3105,-77.3758,-77.4516,-77.5359,-77.6270,-77.7235,-77.8241,-77.9279,-78.0340,-78.1139,-78.0768,-77.9754,-77.8608,-77.7595,-77.6824,-77.6323,-77.6082,-77.6073,-77.6202,-77.6188,-77.5921,-77.5488,-77.5011,-77.4585,-77.4269,-77.4095,-77.4071,-77.4194,-77.4455,-77.4838,-77.5330,-77.5914,-77.6578,-77.7309,-77.8096,-77.8929,-77.9800,-78.0701,-78.1627,-78.2571,-78.3530,-78.4499,-78.5474,-78.6453,-78.7433,-78.8412,-78.9387,-79.0356,-79.1319,-79.2273,-79.3217,-79.4151,-79.5074,-79.5983,-79.6880,-79.7762,-79.8631,-79.9484,-80.0322,-80.1144,-80.1950,-80.2741,-80.3514,-80.4272,-80.5012,-80.5736,-80.6444,-80.7135,-80.7809,-80.8467,-80.9109,-80.9735,-81.0344,-81.0938,-81.1516,-81.2079,-81.2627,-81.3160,-81.3678,-81.4182,-81.4672,-81.5149,-81.5612,-81.6061,-81.6498,-81.6923,-81.7335,-81.7736,-81.8124,-81.8502,-81.8869,-81.9225,-81.9571,-81.9906,-82.0232,-82.0549,-82.0856,-82.1155,-82.1445,-82.1727,-82.2000,-82.2266,-82.2525,-82.2776,-82.3020,-82.3257,-82.3488,-82.3712,-82.3931,-82.4143,-82.4350,-82.4551,-82.4747,-82.4938,-82.5124,-82.5305,-82.5481,-82.5653,-82.5821,-82.5985,-82.6145,-82.6301,-82.6453,-82.6602,-82.6747,-82.6889,-82.7028,-82.7163,-82.7055,-82.6308,-82.5096,-82.3665,-82.2191,-82.0784,-81.9043,-81.6576,-81.3856,-81.1222,-80.8846,-80.6796,-80.5088,-80.3705,-80.2619,-80.1798,-80.1209,-80.0820,-80.0604,-80.0535,-80.0592,-80.0755,-80.1008,-80.1338,-80.1731,-80.2177,-80.2668,-80.3195,-80.3751,-80.4331,-80.4930,-80.5544,-80.6167,-80.6799,-80.7434,-80.8071,-80.8708,-80.9343,-80.9974,-81.0600,-81.1220,-81.1831,-81.2435,-81.3029,-81.3613,-81.4187,-81.4750,-81.5301,-81.5841,-81.6369,-81.6885,-81.7388,-81.7880,-81.8359,-81.8826,-81.9223,-81.9157,-81.8573,-81.7653,-81.6576,-81.5477,-81.4443,-81.3526,-81.2751,-81.2126,-81.1648,-81.1308,-81.1092,-81.0988,-81.0980,-81.1056,-81.1205,-81.1414,-81.1676,-81.1980,-81.2321,-81.2691,-81.3086,-81.3501,-81.3931,-81.4373,-81.4824,-81.5281,-81.5742,-81.6205,-81.6668,-81.7130,-81.7589,-81.8045,-81.8495,-81.8940,-81.9379,-81.9810,-82.0235,-82.0651,-82.1059,-82.1458,-82.1849,-82.2230,-82.2603,-82.2966,-82.3320,-82.3666,-82.4001,-82.4328,-82.4646,-82.4955,-82.5255,-82.5547,-82.5830,-82.6105,-82.6372,-82.6631,-82.6882,-82.7125,-82.7361,-82.7590,-82.7812,-82.8027,-82.8236,-82.8438,-82.8635,-82.8825,-82.9009,-82.9188,-82.9361,-82.9530,-82.9693,-82.9851,-83.0005,-83.0154,-83.0299,-83.0440,-83.0576,-83.0709,-83.0838,-83.0964,-83.1086,-83.1204,-83.1320,-83.1432,-83.1542,-83.1649,-83.1752,-83.1854,-83.1953,-83.1625,-82.9382,-82.6681,-82.4149,-82.1971,-82.0181,-81.8758,-81.7660,-81.6843,-81.6265,-81.5884,-81.5669,-81.5591,-81.5624,-81.5749,-81.5948,-81.6208,-81.6515,-81.6861,-81.7237,-81.7637,-81.8054,-81.8483,-81.8921,-81.9365,-81.9811,-82.0257,-82.0701,-82.1142,-82.1578,-82.2008,-82.2432,-82.2848,-82.3256,-82.3655,-82.4044,-82.4141,-82.3552,-82.2474,-82.1178,-81.9860,-81.8632,-81.7552,-81.6643,-81.5910,-81.5345,-81.4933,-81.4659,-81.4506,-81.4457,-81.4500,-81.4619,-81.4803,-81.5042,-81.5327,-81.5650,-81.6005,-81.6385,-81.6785,-81.7202,-81.7631,-81.8070,-81.8514,-81.8963,-81.9414,-81.9865,-82.0314,-82.0760,-82.1203,-82.1640,-82.2071,-82.2495,-82.2913,-82.3322,-82.3723,-82.4116,-82.4500,-82.4874,-82.5240,-82.5555,-82.5347,-82.4485,-82.3236,-82.1846,-82.0477,-81.9221,-81.8124,-81.7202,-81.6455,-81.5875,-81.5446,-81.5153,-81.4979,-81.4908,-81.4927,-81.5022,-81.5182,-81.5398,-81.5659,-81.5959,-81.6290,-81.6648,-81.7027,-81.7424,-81.7833,-81.8253,-81.8680,-81.9112,-81.9546,-81.9981,-82.0416,-82.0849,-82.1278,-82.1703,-82.2123,-82.2537,-82.2944,-82.3344,-82.3736,-82.4120,-82.4496,-82.4856,-82.4982,-82.4676,-82.4061,-82.3297,-82.2498,-82.1732,-82.1037,-82.0433,-81.9927,-81.9519,-81.9204,-81.8977,-81.8831,-81.8756,-81.8746,-81.8792,-81.8889,-81.9029,-81.9207,-81.9419,-81.9659,-81.9922,-82.0207,-82.0509,-82.0825,-82.1153,-82.1491,-82.1837,-82.2188,-82.2544,-82.2902,-82.3261,-82.3621,-82.3979,-82.4336,-82.4691,-82.5042,-82.5389,-82.5731,-82.6068,-82.6400,-82.6725,-82.7045,-82.7358,-82.7664,-82.7963,-82.8255,-82.8539,-82.8817,-82.9087,-82.9350,-82.9606,-82.9854,-83.0095,-83.0330,-83.0557,-83.0777,-83.0990,-83.1197,-83.1398,-83.1592,-83.1780,-83.1962,-83.2138,-83.2308,-83.2473,-83.2632,-83.2787,-83.2936,-83.3080,-83.3220,-83.3355,-83.3486,-83.3612,-83.3735,-83.3854,-83.3968,-83.4080,-83.4187,-83.4292,-83.4393,-83.4491,-83.4586,-83.4679,-83.4768,-83.4855,-83.4939,-83.5021,-83.5101,-83.5179,-83.5254,-83.5327,-83.5398,-83.5468,-83.5536,-83.5602,-83.5666,-83.5729,-83.5790,-83.5850,-83.5908,-83.5965,-83.6021,-83.6075,-83.6129,-83.6181,-83.6232,-83.6282,-83.6331,-83.6379,-83.6427,-83.6473,-83.6519,-83.6563,-83.6607,-83.6651,-83.6693,-83.6735,-83.6776,-83.6817,-83.6857,-83.6896,-83.6935,-83.6973,-83.7011,-83.7048,-83.7084,-83.7121,-83.7156,-83.7192,-83.7227,-83.7261,-83.7295,-83.7329,-83.7362,-83.7395,-83.7428,-83.7460,-83.7492,-83.7524,-83.7555,-83.7587,-83.7617,-83.7648,-83.7678,-83.7708,-83.7738,-83.7767,-83.7796,-83.7825,-83.7854,-83.7883,-83.7911,-83.7939,-83.7967,-83.7994,-83.8022,-83.8049,-83.8076,-83.8103,-83.8130,-83.8156,-83.8183,-83.8209,-83.8235,-83.8261,-83.8275,-83.7077,-83.4902,-83.2570,-83.0389,-82.8471,-82.6850,-82.5520,-82.4458,-82.3636,-82.3023,-82.2590,-82.2309,-82.2157,-82.2113,-82.2159,-82.2279,-82.2461,-82.2692,-82.2964,-82.3269,-82.3599,-82.3949,-82.4315,-82.4692,-82.5076,-82.5465,-82.5856,-82.6248,-82.6637,-82.7024,-82.7407,-82.7784,-82.8155,-82.8519,-82.8875,-82.9224,-82.9564,-82.9896,-83.0219,-83.0533,-83.0831,-83.0962,-83.0561,-82.8965,-82.6433,-82.3530,-82.0663,-81.8052,-81.5791,-81.3903,-81.2373,-81.1171,-81.0259,-80.9600,-80.9159,-80.8904,-80.8808,-80.8845,-80.8996,-80.9243,-80.9570,-80.9965,-81.0416,-81.0913,-81.1449,-81.2016,-81.2608,-81.3220,-81.3846,-81.4483,-81.5128,-81.5776,-81.6426,-81.7075,-81.7720,-81.8361,-81.8995,-81.9621,-82.0237,-82.0843,-82.1439,-82.2022,-82.2592,-82.3150,-82.3694,-82.4224,-82.4741,-82.5243,-82.5730,-82.6204,-82.6663,-82.7108,-82.7539,-82.7956,-82.8359,-82.8748,-82.9125,-82.9488,-82.9838,-83.0176,-83.0502,-83.0815,-83.1118,-83.1409,-83.1689,-83.1958,-83.2218,-83.2467,-83.2707,-83.2938,-83.3159,-83.3373,-83.3578,-83.3775,-83.3964,-83.4146,-83.3973,-83.1638,-82.8776,-82.6122,-82.3877,-82.2069,-82.0372,-81.8266,-81.5950,-81.3717,-81.1742,-81.0095,-80.8784,-80.7788,-80.7073,-80.6602,-80.6339,-80.6254,-80.6317,-80.6504,-80.6794,-80.7170,-80.7616,-80.8119,-80.8668,-80.9255,-80.9870,-81.0509,-81.1164,-81.1830,-81.2505,-81.3183,-81.3862,-81.4539,-81.5212,-81.5880,-81.6539,-81.7190,-81.7830,-81.8460,-81.9077,-81.9681,-82.0272,-82.0780,-82.0972,-82.0752,-81.9986,-81.8565,-81.6691,-81.4638,-81.2617,-81.0735,-80.8839,-80.6797,-80.4691,-80.2659,-80.0809,-79.9201,-79.7862,-79.6307,-79.4034,-79.1624,-78.9382,-78.7447,-78.5871,-78.4661,-78.3796,-78.3245,-78.2973,-78.2943,-78.3120,-78.3473,-78.3973,-78.4596,-78.5321,-78.6130,-78.7008,-78.7940,-78.8902,-78.9785,-79.0497,-79.1033,-79.1434,-79.1755,-79.2043,-79.2337,-79.2662,-79.3034,-79.3462,-79.3947,-79.4488,-79.5080,-79.5718,-79.6394,-79.7102,-79.7838,-79.8595,-79.9369,-80.0155,-80.0951,-80.1752,-80.1887,-80.0276,-79.8349,-79.6615,-79.5223,-79.4195,-79.3509,-79.3124,-79.2997,-79.3087,-79.3356,-79.3772,-79.4308,-79.4941,-79.5650,-79.6420,-79.7237,-79.8088,-79.8966,-79.9861,-80.0768,-80.1680,-80.1959,-80.0225,-79.8169,-79.6373,-79.4984,-79.4011,-79.3412,-79.3134,-79.3123,-79.3330,-79.3713,-79.4236,-79.4871,-79.5593,-79.6381,-79.7221,-79.8097,-79.9000,-79.9919,-80.0848,-80.1781,-80.2713,-80.3639,-80.4557,-80.5463,-80.6356,-80.7124,-80.6637,-80.4689,-80.2072,-79.9316,-79.6719,-79.4428,-79.2504,-79.0958,-78.9772,-78.8913,-78.8346,-78.8032,-78.7936,-78.8024,-78.8268,-78.8642,-78.9125,-78.9697,-79.0342,-79.1047,-79.1801,-79.2231,-79.1611,-79.0480,-78.9248,-78.8102,-78.6697,-78.4909,-78.2996,-78.1184,-77.9608,-77.8329,-77.7363,-77.6700,-77.6317,-77.6184,-77.6269,-77.6542,-77.6974,-77.7539,-77.8216,-77.8985,-77.9829,-78.0408,-77.9828,-77.8654,-77.7399,-77.6314,-77.5501,-77.4985,-77.4751,-77.4771,-77.4989,-77.5209,-77.5291,-77.5251,-77.5160,-77.5082,-77.5066,-77.5141,-77.5321,-77.5611,-77.6007,-77.6503,-77.7087,-77.7748,-77.8476,-77.9260,-78.0090,-78.0957,-78.1855,-78.2766,-78.3563,-78.4116,-78.4442,-78.4612,-78.4700,-78.4767,-78.4854,-78.4988,-78.5183,-78.5446,-78.5772,-78.6082,-78.6237,-78.6220,-78.6083,-78.5891,-78.5701,-78.5551,-78.5466,-78.5456,-78.5522,-78.5658,-78.5859,-78.6115,-78.6419,-78.6764,-78.7145,-78.7555,-78.7638,-78.6046,-78.3078,-77.9639,-77.6318,-77.3397,-77.0974,-76.9025,-76.6870,-76.4398,-76.1934,-75.9680,-75.7740,-75.6155,-75.4930,-75.4049,-75.3484,-75.3201,-75.3166,-75.3347,-75.3714,-75.4115,-75.3827,-75.3033,-75.2112,-75.1282,-75.0645,-75.0241,-75.0071,-75.0123,-75.0373,-75.0797,-75.1372,-75.2074,-75.2884,-75.3784,-75.4759,-75.5251,-75.4657,-75.3630,-75.2607,-75.1796,-75.1270,-75.1039,-75.1079,-75.1357,-75.1837,-75.2487,-75.3021,-75.2588,-75.1658,-75.0685,-74.9893,-74.9371,-74.9134,-74.9166,-74.9436,-74.9911,-75.0559,-75.1351,-75.2261,-75.3268,-75.4353,-75.5501,-75.6698,-75.7935,-75.9200,-76.0487,-76.1790,-76.3101,-76.4417,-76.5734,-76.7048,-76.8357,-76.9658,-77.0949,-77.2229,-77.3496,-77.4748,-77.5986,-77.7207,-77.8412,-77.9569,-78.0237,-78.0247,-77.9807,-77.8946,-77.7690,-77.6186,-77.4605,-77.3086,-77.1725,-77.0575,-76.9661,-76.8987,-76.8542,-76.8307,-76.8262,-76.8384,-76.8652,-76.9044,-76.9543,-77.0132,-77.0798,-77.1528,-77.2311,-77.3138,-77.4003,-77.4896,-77.5814,-77.6751,-77.7703,-77.8666,-77.9636,-78.0611,-78.1589,-78.2567,-78.3543,-78.4516,-78.5355,-78.5046,-78.3899,-78.2509,-78.1198,-78.0110,-77.9293,-77.8749,-77.8458,-77.8388,-77.8509,-77.8790,-77.9205,-77.9730,-78.0344,-78.1031,-78.1775,-78.2566,-78.3393,-78.4247,-78.4529,-78.3687,-78.2358,-78.0977,-77.9758,-77.8790,-77.8096,-77.7665,-77.7472,-77.7487,-77.7678,-77.8019,-77.8482,-77.9047,-77.9695,-78.0410,-78.1179,-78.1989,-78.2833,-78.3702,-78.4589,-78.5489,-78.6398,-78.7309,-78.8154,-78.8746,-78.9038,-78.9097,-78.8706,-78.7294,-78.4333,-78.0326,-77.6121,-77.2227,-76.8869,-76.6109,-76.3926,-76.1743,-75.8497,-75.4938,-75.1392,-74.8056,-74.5061,-74.2484,-74.0359,-73.8685,-73.7443,-73.6599,-73.6113,-73.5942,-73.6043,-73.6378,-73.6910,-73.7607,-73.8442,-73.9388,-74.0427,-74.1541,-74.2714,-74.3935,-74.5193,-74.6480,-74.7788,-74.9112,-75.0447,-75.1789,-75.3134,-75.4479,-75.5823,-75.7162,-75.8497,-75.9824,-76.1143,-76.2453,-76.3753,-76.5042,-76.6256,-76.7167,-76.7677,-76.7845,-76.7789,-76.7624,-76.7307,-76.5192,-76.2417,-75.9815,-75.7637,-75.5928,-75.4286,-75.2483,-75.0682,-74.9029,-74.7616,-74.6486,-74.5653,-74.5110,-74.4747,-74.4267,-74.3597,-74.2795,-74.1952,-74.1150,-74.0451,-73.9897,-73.9512,-73.9302,-73.9264,-73.9386,-73.9655,-74.0052,-74.0563,-74.1171,-74.1864,-74.2599,-74.3230,-74.3658,-74.3899,-74.4017,-74.4084,-74.4155,-74.4273,-74.4464,-74.4743,-74.5114,-74.5576,-74.6122,-74.6743,-74.7430,-74.8173,-74.8966,-74.9799,-75.0660,-75.1444,-75.2035,-75.2427,-75.2676,-75.2842,-75.1744,-74.9402,-74.6985,-74.4851,-74.3107,-74.1767,-74.0806,-74.0187,-73.9867,-73.9806,-73.9708,-73.8776,-73.7102,-73.4461,-73.1500,-72.8681,-72.6218,-72.4194,-72.2620,-72.1475,-72.0724,-72.0322,-72.0228,-72.0399,-72.0800,-72.1394,-72.1596,-72.0881,-71.9524,-71.7599,-71.5484,-71.3469,-71.1721,-71.0321,-70.9295,-70.8637,-70.8322,-70.8317,-70.8585,-70.9090,-70.9796,-71.0673,-71.1692,-71.2807,-71.3154,-71.2609,-71.1756,-71.0945,-71.0342,-71.0013,-70.9967,-71.0189,-71.0651,-71.1322,-71.2170,-71.3167,-71.4286,-71.5484,-71.6618,-71.7568,-71.8328,-71.8952,-71.9504,-72.0044,-72.0614,-72.1245,-72.1953,-72.2743,-72.3613,-72.4556,-72.5563,-72.6623,-72.7727,-72.8866,-73.0034,-73.1223,-73.2430,-73.3650,-73.4881,-73.6121,-73.7367,-73.8617,-73.9871,-74.1128,-74.2385,-74.3644,-74.4902,-74.6159,-74.7414,-74.8667,-74.9917,-75.1164,-75.2407,-75.3646,-75.4879,-75.6107,-75.7329,-75.8545,-75.9754,-76.0956,-76.2150,-76.3336,-76.4514,-76.5683,-76.6843,-76.7993,-76.9095,-76.9280,-76.8601,-76.7627,-76.6658,-76.5836,-76.5218,-76.4817,-76.4624,-76.4621,-76.4785,-76.5094,-76.5526,-76.6062,-76.6687,-76.7384,-76.8142,-76.8950,-76.9799,-77.0667,-77.1301,-77.1484,-77.1267,-77.0780,-77.0152,-76.9489,-76.8850,-76.7768,-76.5969,-76.3828,-76.1645,-75.9454,-75.7300,-75.5263,-75.3410,-75.1782,-75.0401,-74.9273,-74.8393,-74.7749,-74.7327,-74.7107,-74.7067,-74.7187,-74.7446,-74.7824,-74.8303,-74.8869,-74.9507,-75.0207,-75.0958,-75.1752,-75.2582,-75.3443,-75.4329,-75.5236,-75.6161,-75.7101,-75.8053,-75.9015,-75.9985,-76.0961,-76.1941,-76.2925,-76.3911,-76.4899,-76.5886,-76.6873,-76.7858,-76.8841,-76.9821,-77.0797,-77.1770,-77.2738,-77.3701,-77.4658,-77.5609,-77.6554,-77.7492,-77.8422,-77.9345,-78.0260,-78.1167,-78.2066,-78.2955,-78.3835,-78.4640,-78.5133,-78.5212,-78.4940,-78.4440,-78.3830,-78.3203,-78.2625,-78.2136,-78.1758,-78.1499,-78.1357,-78.1328,-78.1401,-78.1566,-78.1813,-78.2131,-78.2512,-78.2946,-78.3426,-78.3946,-78.4500,-78.5083,-78.5690,-78.6318,-78.6963,-78.7621,-78.8292,-78.8971,-78.9657,-79.0349,-79.1044,-79.1741,-79.2439,-79.3136,-79.3831,-79.4524,-79.5214,-79.5899,-79.6579,-79.7253,-79.7921,-79.8583,-79.9237,-79.9883,-80.0521,-80.1151,-80.1773,-80.2385,-80.2988,-80.3582,-80.4166,-80.4740,-80.5305,-80.5860,-80.6404,-80.6939,-80.7464,-80.7979,-80.8484,-80.8979,-80.9464,-80.9939,-81.0404,-81.0860,-81.1306,-81.1742,-81.2169,-81.2587,-81.2996,-81.3396,-81.3787,-81.4169,-81.4543,-81.4863,-81.4511,-81.3332,-81.1739,-81.0087,-80.8574,-80.7285,-80.6242,-80.5435,-80.4840,-80.4428,-80.4160,-80.3174,-80.1292,-79.9155,-79.7131,-79.5383,-79.3961,-79.2864,-79.2066,-79.1531,-79.1223,-79.1107,-79.1152,-79.1331,-79.1621,-79.2004,-79.2462,-79.2983,-79.3553,-79.4165,-79.4808,-79.5477,-79.6166,-79.6869,-79.7582,-79.8144,-79.7555,-79.6183,-79.4597,-79.3102,-79.1833,-79.0836,-79.0112,-78.9642,-78.9395,-78.9341,-78.9450,-78.9695,-79.0053,-79.0503,-79.1029,-79.1615,-79.2251,-79.2925,-79.3630,-79.4358,-79.5102,-79.5858,-79.6622,-79.7390,-79.8159,-79.8926,-79.9689,-80.0447,-80.1198,-80.1940,-80.2672,-80.3394,-80.4105,-80.4804,-80.5490,-80.6164,-80.6825,-80.7472,-80.8106,-80.8726,-80.9333,-80.9926,-81.0505,-81.1071,-81.1623,-81.2162,-81.2688,-81.3200,-81.3699,-81.4186,-81.4660,-81.5122,-81.5572,-81.6009,-81.6197,-81.5115,-81.3416,-81.1631,-80.9986,-80.8570,-80.7408,-80.6496,-80.5814,-80.5338,-80.5039,-80.4894,-80.4880,-80.4975,-80.5161,-80.5366,-80.3969,-80.1671,-79.9394,-79.7436,-79.5876,-79.4709,-79.3896,-79.3389,-79.3140,-79.3105,-79.3246,-79.3531,-79.3931,-79.4425,-79.4993,-79.5621,-79.6293,-79.7001,-79.7736,-79.8488,-79.9254,-80.0027,-80.0803,-80.1580,-80.2353,-80.3121,-80.3881,-80.4632,-80.5373,-80.6103,-80.6820,-80.7524,-80.8214,-80.8890,-80.9552,-81.0199,-81.0832,-81.1449,-81.2052,-81.2640,-81.3213,-81.3771,-81.4314,-81.4843,-81.5358,-81.5859,-81.6346,-81.6820,-81.7280,-81.7727,-81.8162,-81.8583,-81.8993,-81.9391,-81.9777,-82.0152,-82.0515,-82.0868,-82.1211,-82.1543,-82.1866,-82.2179,-82.2483,-82.2777,-82.3063,-82.3341,-82.3610,-82.3872,-82.4119,-82.4030,-82.3318,-82.2198,-82.0906,-81.9603,-81.8383,-81.7300,-81.6373,-81.5608,-81.4996,-81.4527,-81.4185,-81.3955,-81.3823,-81.3775,-81.3800,-81.3887,-81.4026,-81.4210,-81.4431,-81.4685,-81.4966,-81.5269,-81.5524,-81.4387,-81.2306,-81.0095,-80.8087,-80.6403,-80.5066,-80.4057,-80.3339,-80.2871,-80.2614,-80.2533,-80.2598,-80.2751,-80.1947,-80.0286,-79.8452,-79.6745,-79.5284,-79.4108,-79.3216,-79.2588,-79.2197,-79.2013,-79.2007,-79.2153,-79.2425,-79.2803,-79.3269,-79.3807,-79.4402,-79.5045,-79.5724,-79.6432,-79.7161,-79.7906,-79.8661,-79.9423,-80.0187,-80.0951,-80.1712,-80.2468,-80.3218,-80.3959,-80.4690,-80.5411,-80.6121,-80.6818,-80.7503,-80.8174,-80.8832,-80.9476,-81.0105,-81.0721,-81.1322,-81.1909,-81.2482,-81.3040,-81.3585,-81.4115,-81.4631,-81.5134,-81.5623,-81.6099,-81.6562,-81.7012,-81.7449,-81.7874,-81.8287,-81.8689,-81.9078,-81.9457,-81.9824,-82.0181,-82.0527,-82.0863,-82.1190,-82.1506,-82.1814,-82.2112,-82.2402,-82.2684,-82.2957,-82.3222,-82.3480,-82.3730,-82.3973,-82.4209,-82.4438,-82.4661,-82.4877,-82.5087,-82.5292,-82.5491,-82.5685,-82.5873,-82.6056,-82.6234,-82.6408,-82.6577,-82.6742,-82.6903,-82.7059,-82.7212,-82.7361,-82.7468,-82.7013,-82.5835,-82.4284,-82.2662,-82.1139,-81.9794,-81.8651,-81.7710,-81.6954,-81.6365,-81.5923,-81.5607,-81.5402,-81.5291,-81.5261,-81.5300,-81.5398,-81.5547,-81.5738,-81.5965,-81.6223,-81.6505,-81.6809,-81.7028,-81.6537,-81.5316,-81.3767,-81.2206,-81.0802,-80.9623,-80.8681,-80.7963,-80.7447,-80.7105,-80.6913,-80.6849,-80.6892,-80.7025,-80.7235,-80.7508,-80.7835,-80.8206,-80.8614,-80.9052,-80.9515,-80.9997,-81.0494,-81.1004,-81.1521,-81.2045,-81.2571,-81.3099,-81.3627,-81.4152,-81.4673,-81.5190,-81.5701,-81.6205,-81.6613,-81.6451,-81.5736,-81.4721,-81.3609,-81.2527,-81.1552,-81.0721,-81.0048,-80.9534,-80.9169,-80.8941,-80.8834,-80.8832,-80.8681,-80.8034,-80.7043,-80.5915,-80.4794,-80.3771,-80.2894,-80.2184,-80.1646,-80.1274,-80.1053,-80.0970,-80.1009,-80.1154,-80.1390,-80.1705,-80.2086,-80.2524,-80.3008,-80.3532,-80.4088,-80.4670,-80.5273,-80.5888,-80.5536,-80.3384,-80.0737,-79.8132,-79.5786,-79.3783,-79.2139,-79.0844,-78.9870,-78.9183,-78.8749,-78.8535,-78.8510,-78.8645,-78.8916,-78.9301,-78.9780,-79.0338,-79.0960,-79.1634,-79.2351,-79.3102,-79.3880,-79.4678,-79.5492,-79.6317,-79.7150,-79.7987,-79.8825,-79.9662,-80.0497,-80.1327,-80.2151,-80.2967,-80.3775,-80.4574,-80.5362,-80.6139,-80.6904,-80.7656,-80.8396,-80.9122,-80.9835,-81.0533,-81.1218,-81.1887,-81.2542,-81.3182,-81.3807,-81.4417,-81.5012,-81.5592,-81.6158,-81.6708,-81.7244,-81.7765,-81.8272,-81.8764,-81.9242,-81.9707,-82.0158,-82.0596,-82.1020,-82.1432,-82.1831,-82.2218,-82.2593,-82.2957,-82.3309,-82.3650,-82.3980,-82.4300,-82.4609,-82.4909,-82.5199,-82.5480,-82.5752,-82.6015,-82.6270,-82.6517,-82.6756,-82.6988,-82.7212,-82.7429,-82.7639,-82.7843,-82.8041,-82.8232,-82.8418,-82.8598,-82.8772,-82.8942,-82.9106,-82.9265,-82.9420,-82.9571,-82.9717,-82.9859,-82.9997,-83.0131,-83.0261,-83.0388,-83.0512,-83.0632,-83.0750,-83.0864,-83.0976,-83.1084,-83.1190,-83.1294,-83.1395,-83.1494,-83.1590,-83.1684,-83.1776,-83.1867,-83.1955,-83.2041,-83.2126,-83.2209,-83.2290,-83.2370,-83.2448,-83.2525,-83.2600,-83.2674,-83.2747,-83.2818,-83.2889,-83.2958,-83.3026,-83.3093,-83.3158,-83.3223,-83.3287,-83.3350,-83.3412,-83.3473,-83.3534,-83.3593,-83.3652,-83.3710,-83.3767,-83.3824,-83.3879,-83.3935,-83.3989,-83.4043,-83.4059,-83.3925,-83.3583,-83.3054,-83.2393,-83.1660,-83.0903,-83.0162,-82.9461,-82.8817,-82.8239,-82.7732,-82.7293,-82.6921,-82.6612,-82.6359,-82.6159,-82.6006,-82.5895,-82.5822,-82.5784,-82.5777,-82.5797,-82.5842,-82.5909,-82.5997,-82.6102,-82.6224,-82.6360,-82.6509,-82.6670,-82.6841,-82.7021,-82.7209,-82.7403,-82.7604,-82.7809,-82.8018,-82.8230,-82.8445,-82.8661,-82.8878,-82.9096,-82.9314,-82.9531,-82.9747,-82.9961,-83.0174,-83.0384,-83.0591,-83.0796,-83.0997,-83.1195,-83.1389,-83.1580,-83.1767,-83.1950,-83.2128,-83.2303,-83.2474,-83.2640,-83.2802,-83.2960,-83.3114,-83.3263,-83.3409,-83.3550,-83.3688,-83.3822,-83.3952,-83.4078,-83.4200,-83.4319,-83.4434,-83.4546,-83.4655,-83.4761,-83.4863,-83.4963,-83.5059,-83.5153,-83.5244,-83.5333,-83.5418,-83.5502,-83.5583,-83.5662,-83.5738,-83.5813,-83.5886,-83.5956,-83.6025,-83.6092,-83.6157,-83.6221,-83.6282,-83.6343,-83.6402,-83.6459,-83.6516,-83.6570,-83.6624,-83.6677,-83.6728,-83.6778,-83.6827,-83.6875,-83.6922,-83.6969,-83.7014,-83.7058,-83.7102,-83.7145,-83.7187,-83.7228,-83.7269,-83.7308,-83.7348,-83.7386,-83.7424,-83.7462,-83.7499,-83.7535,-83.7571,-83.7606,-83.7641,-83.7675,-83.7709,-83.7743,-83.7776,-83.7809,-83.7841,-83.7873,-83.7904,-83.7936,-83.7966,-83.7997,-83.8027,-83.8057,-83.8087,-83.8116,-83.8145,-83.8174,-83.8202,-83.8231,-83.8259,-83.8286,-83.8314,-83.8341,-83.8368,-83.8395,-83.8422,-83.8448,-83.8467,-83.7608,-83.5472,-83.2996,-83.0664,-82.8631,-82.6922,-82.5519,-82.4389,-82.3498,-82.2814,-82.2305,-82.1946,-82.1715,-82.1590,-82.1556,-82.1598,-82.1703,-82.1861,-82.2063,-82.2301,-82.2568,-82.2860,-82.3170,-82.3496,-82.3833,-82.4178,-82.4529,-82.4883,-82.5239,-82.5595,-82.5949,-82.6300,-82.6647,-82.6990,-82.7327,-82.7659,-82.7984,-82.8302,-82.8613,-82.8917,-82.9213,-82.9501,-82.9782,-83.0055,-83.0320,-83.0577,-83.0827,-83.1069,-83.1304,-83.1531,-83.1751,-83.1964,-83.2170,-83.2369,-83.2561,-83.2748,-83.2928,-83.3101,-83.3269,-83.3432,-83.3589,-83.3740,-83.3886,-83.4028,-83.4164,-83.4296,-83.4424,-83.4547,-83.4666,-83.4781,-83.4892,-83.5000,-83.5104,-83.5205,-83.5303,-83.5397,-83.5488,-83.5577,-83.5663,-83.5746,-83.5669,-83.4697,-83.3111,-83.1333,-82.9602,-82.8033,-82.6673,-82.5530,-82.4594,-82.3846,-82.3266,-82.2832,-82.2526,-82.2328,-82.2225,-82.2201,-82.2245,-82.2347,-82.2497,-82.2689,-82.2914,-82.3168,-82.3446,-82.3742,-82.4054,-82.4378,-82.4711,-82.5050,-82.5394,-82.5338,-82.4222,-82.2668,-82.1044,-81.9533,-81.8218,-81.7131,-81.6274,-81.5635,-81.5194,-81.4927,-81.4811,-81.4823,-81.4945,-81.5156,-81.5443,-81.5792,-81.6190,-81.6629,-81.7098,-81.7593,-81.8105,-81.8631,-81.9166,-81.9706,-82.0248,-82.0789,-82.1328,-82.1862,-82.2390,-82.2911,-82.3423,-82.3926,-82.4418,-82.4900,-82.5371,-82.5829,-82.6276,-82.6711,-82.7134,-82.7545,-82.7943,-82.8330,-82.8704,-82.9066,-82.9416,-82.9755,-83.0082,-83.0398,-83.0704,-83.0998,-83.1282,-83.1556,-83.1820,-83.2075,-83.2320,-83.2556,-83.2783,-83.3002,-83.3213,-83.3416,-83.3611,-83.3799,-83.3980,-83.4154,-83.4321,-83.4482,-83.4637,-83.4787,-83.4930,-83.5069,-83.5202,-83.5330,-83.5454,-83.4663,-83.2241,-82.9548,-82.7077,-82.4980,-82.3280,-82.1950,-82.0945,-82.0217,-81.9720,-81.9414,-81.9265,-81.9245,-81.9329,-81.9498,-81.9732,-81.9665,-81.8805,-81.7428,-81.5918,-81.4512,-81.3317,-81.2366,-81.1652,-81.1155,-81.0845,-81.0697,-81.0686,-81.0788,-81.0987,-81.1265,-81.1609,-81.2007,-81.2449,-81.2928,-81.3436,-81.3967,-81.4515,-81.5076,-81.5647,-81.6223,-81.6803,-81.7382,-81.7960,-81.8535,-81.9104,-81.9666,-82.0221,-82.0767,-82.1303,-82.1829,-82.2343,-82.2847,-82.3338,-82.3818,-82.4285,-82.4740,-82.5182,-82.5612,-82.6029,-82.6434,-82.6826,-82.7206,-82.7574,-82.7931,-82.8275,-82.8608,-82.8930,-82.9241,-82.9541,-82.9831,-83.0111,-83.0381,-83.0641,-83.0892,-83.1134,-83.1368,-83.1593,-83.1810,-83.2019,-83.2220,-83.2414,-83.2602,-83.2741,-83.1919,-83.0216,-82.8244,-82.6320,-82.4589,-82.3105,-82.1875,-82.0886,-82.0114,-81.9531,-81.9113,-81.8836,-81.8679,-81.8622,-81.8650,-81.8750,-81.8909,-81.9118,-81.9368,-81.9652,-81.9963,-82.0297,-82.0648,-82.1012,-82.1387,-82.1769,-82.2156,-82.2546,-82.2936,-82.3326,-82.3713,-82.4097,-82.4477,-82.4852,-82.5221,-82.5584,-82.5940,-82.6288,-82.6629,-82.6962,-82.7287,-82.7604,-82.7913,-82.8214,-82.8506,-82.8790,-82.9066,-82.9334,-82.9593,-82.9845,-83.0089,-83.0265,-82.9813,-82.8653,-82.7144,-82.5579,-82.4119,-82.2838,-82.1760,-82.0881,-82.0187,-81.9658,-81.9273,-81.9014,-81.8863,-81.8804,-81.8824,-81.8912,-81.9056,-81.9249,-81.9482,-81.9749,-82.0045,-82.0363,-82.0701,-82.1054,-82.1419,-82.1793,-82.2173,-82.2558,-82.2945,-82.3333,-82.3720,-82.4105,-82.4487,-82.4866,-82.5239,-82.5607,-82.5968,-82.6323,-82.6671,-82.7012,-82.7345,-82.7670,-82.7036,-82.5064,-82.2776,-82.0616,-81.8753,-81.7231,-81.6041,-81.5149,-81.4515,-81.4098,-81.3864,-81.3781,-81.3811,-81.3432,-81.2268,-80.9693,-80.6094,-80.2414,-79.9070,-79.6218,-79.3893,-79.2070,-79.0701,-78.9731,-78.9104,-78.8768,-78.8677,-78.8790,-78.9075,-78.9500,-79.0041,-79.0678,-79.1390,-79.2165,-79.2989,-79.3851,-79.4742,-79.5654,-79.6582,-79.7519,-79.8460,-79.9403,-80.0343,-80.1278,-80.2205,-80.3121,-80.4027,-80.4919,-80.5797,-80.6660,-80.7506,-80.8336,-80.9148,-80.9942,-81.0718,-81.1476,-81.2215,-81.2935,-81.3636,-81.4319,-81.4983,-81.5628,-81.6255,-81.6864,-81.7455,-81.8028,-81.8584,-81.9122,-81.9644,-82.0150,-82.0639,-82.1112,-82.1570,-82.2014,-82.2442,-82.2857,-82.3257,-82.3644,-82.4018,-82.4380,-82.4729,-82.5066,-82.5392,-82.5707,-82.6011,-82.6305,-82.6588,-82.6862,-82.7127,-82.7382,-82.7629,-82.7868,-82.8098,-82.8321,-82.8536,-82.8744,-82.8946,-82.9140,-82.9328,-82.9510,-82.9687,-82.9857,-83.0022,-83.0182,-83.0337,-83.0487,-83.0633,-83.0774,-83.0911,-83.1044,-83.1173,-83.1298,-83.1420,-83.1538,-83.1653,-83.1765,-83.1873,-83.1979,-83.2072,-83.2044,-83.1688,-83.0493,-82.8499,-82.6117,-82.3678,-82.1374,-81.9298,-81.7489,-81.5949,-81.4667,-81.3622,-81.2791,-81.2151,-81.1678,-81.1352,-81.1153,-81.1064,-81.1071,-81.1161,-81.1322,-81.1544,-81.1819,-81.2139,-81.2497,-81.2888,-81.3306,-81.3747,-81.4208,-81.4684,-81.5173,-81.5560,-81.5326,-81.4551,-81.3498,-81.2371,-81.1298,-81.0353,-80.9574,-80.8972,-80.8544,-80.8280,-80.8164,-80.8179,-80.8307,-80.8533,-80.8737,-80.6837,-80.4210,-80.1772,-79.9764,-79.8223,-79.7115,-79.6382,-79.5969,-79.5820,-79.5889,-79.6136,-79.6526,-79.7031,-79.7629,-79.8299,-79.9026,-79.9796,-80.0598,-80.1423,-80.2263,-80.3113,-80.3967,-80.4821,-80.5672,-80.6515,-80.7350,-80.8173,-80.8984,-80.9780,-81.0562,-81.1327,-81.2077,-81.2808,-81.3523,-81.4220,-81.4898,-81.5559,-81.6202,-81.6827,-81.7434,-81.8023,-81.8595,-81.9149,-81.9488,-81.9115,-81.8162,-81.6968,-81.5773,-81.4703,-81.3810,-81.3106,-81.2583,-81.2225,-81.2013,-81.1926,-81.1947,-81.2060,-81.2250,-81.2505,-81.2814,-81.3168,-81.3559,-81.3979,-81.4425,-81.4889,-81.5367,-81.5857,-81.6355,-81.6857,-81.7362,-81.7867,-81.8370,-81.8870,-81.9366,-81.9856,-82.0340,-82.0816,-82.0625,-81.9214,-81.7393,-81.5574,-81.3930,-81.2531,-81.1393,-81.0505,-80.9846,-80.9390,-80.9111,-80.8983,-80.8984,-80.9093,-80.9291,-80.9565,-80.9900,-81.0284,-81.0710,-81.1167,-81.1649,-81.2151,-81.2667,-81.3193,-81.3725,-81.4261,-81.4798,-81.5333,-81.5865,-81.6392,-81.6914,-81.7428,-81.7934,-81.8431,-81.8919,-81.9397,-81.9865,-82.0322,-82.0769,-82.1205,-82.1629,-82.2043,-82.2445,-82.2837,-82.3218,-82.3587,-82.3947,-82.4295,-82.4634,-82.4962,-82.5280,-82.5588,-82.5887,-82.6177,-82.6458,-82.6729,-82.6993,-82.7248,-82.7494,-82.7733,-82.7965,-82.8189,-82.8406,-82.8616,-82.8819,-82.9016,-82.9207,-82.9391,-82.9570,-82.9743,-82.9911,-83.0074,-83.0232,-83.0385,-83.0534,-83.0678,-83.0817,-83.0953,-83.1085,-83.1212,-83.1337,-83.1457,-83.1575,-83.1689,-83.1800,-83.1908,-83.2013,-83.2116,-83.2216,-83.2313,-83.2408,-83.2501,-83.2591,-83.2679,-83.2766,-83.2850,-83.2932,-83.3013,-83.3092,-83.3138,-83.2976,-83.2514,-83.1813,-83.0968,-83.0067,-82.9172,-82.8325,-82.7550,-82.6860,-82.6260,-82.5749,-82.5322,-82.4974,-82.4697,-82.4333,-82.3382,-82.1939,-82.0281,-81.8619,-81.7077,-81.5716,-81.4564,-81.3620,-81.2876,-81.2316,-81.1920,-81.1670,-81.1546,-81.1532,-81.1613,-81.1775,-81.2005,-81.2294,-81.2632,-81.3011,-81.3425,-81.3867,-81.4332,-81.4815,-81.5313,-81.5822,-81.6338,-81.6860,-81.7384,-81.7909,-81.8433,-81.8955,-81.9472,-81.9978,-82.0090,-81.9532,-81.8553,-81.7396,-81.6227,-81.5148,-81.4214,-81.3448,-81.2856,-81.2430,-81.2157,-81.1802,-81.0924,-80.9683,-80.8306,-80.6954,-80.5724,-80.4671,-80.3816,-80.3164,-80.2235,-80.0111,-79.7639,-79.5314,-79.3341,-79.1781,-79.0629,-78.9850,-78.9395,-78.9218,-78.9274,-78.9523,-78.9931,-79.0469,-79.1113,-79.1841,-79.2636,-79.3485,-79.4374,-79.5295,-79.6238,-79.7197,-79.8165,-79.9138,-80.0111,-80.1080,-80.2044,-80.2999,-80.3944,-80.4875,-80.5793,-80.6695,-80.7581,-80.8450,-80.9301,-81.0133,-81.0946,-81.1740,-81.2515,-81.3270,-81.4006,-81.4721,-81.5417,-81.5705,-81.4710,-81.3191,-81.1622,-81.0204,-80.9016,-80.8081,-80.7390,-80.6922,-80.6652,-80.6553,-80.6600,-80.6768,-80.7039,-80.7393,-80.7816,-80.8293,-80.8815,-80.9371,-80.9953,-81.0555,-81.1171,-81.1796,-81.2427,-81.3059,-81.3689,-81.4317,-81.4938,-81.5553,-81.6159,-81.6755,-81.7341,-81.7916,-81.8478,-81.9029,-81.9566,-82.0090,-82.0601,-82.1099,-82.1583,-82.2054,-82.2512,-82.2956,-82.3388,-82.3806,-82.4212,-82.4605,-82.4986,-82.5354,-82.5169,-82.3575,-82.1577,-81.9620,-81.7875,-81.6401,-81.5205,-81.4271,-81.3575,-81.3087,-81.2779,-81.2624,-81.2598,-81.2679,-81.2850,-81.3094,-81.3381,-81.3167,-81.2153,-81.0722,-80.9154,-80.7528,-80.5920,-80.4406,-80.3039,-80.1853,-80.0861,-80.0067,-79.9462,-79.9036,-79.8773,-79.8658,-79.8673,-79.8803,-79.9031,-79.9346,-79.9733,-80.0183,-80.0685,-80.1230,-80.1813,-80.2425,-80.3062,-80.3719,-80.4392,-80.5076,-80.5770,-80.6469,-80.7172,-80.7877,-80.8387,-80.7792,-80.6549,-80.5154,-80.3850,-80.2746,-80.1877,-80.1244,-80.0829,-80.0607,-80.0553,-80.0643,-80.0853,-80.1165,-80.1562,-80.2028,-80.2550,-80.3119,-80.3725,-80.4360,-80.5018,-80.5692,-80.6379,-80.7073,-80.7771,-80.8471,-80.9170,-80.9865,-81.0554,-81.1237,-81.1911,-81.2576,-81.3230,-81.3873,-81.4504,-81.5123,-81.5728,-81.6320,-81.6899,-81.7464,-81.8015,-81.8552,-81.9075,-81.9584,-82.0079,-82.0560,-82.1027,-82.1481,-82.1921,-82.2349,-82.2763,-82.3165,-82.3554,-82.3932,-82.4297,-82.4650,-82.4993,-82.5324,-82.5645,-82.5955,-82.6255,-82.6545,-82.6826,-82.7098,-82.7360,-82.7614,-82.7860,-82.8097,-82.8327,-82.8549,-82.8764,-82.8972,-82.9173,-82.9367,-82.9556,-82.9738,-82.9914,-83.0085,-83.0251,-83.0411,-83.0566,-83.0717,-83.0863,-83.1004,-83.1141,-83.1274,-83.1404,-83.1529,-83.1651,-83.1770,-83.1885,-83.1997,-83.2106,-83.2212,-83.2315,-83.2415,-83.2513,-83.2609,-83.2702,-83.2793,-83.2881,-83.2968,-83.3052,-83.3134,-83.3215,-83.3294,-83.3371,-83.3381,-83.2390,-83.0679,-82.8763,-82.6784,-82.4339,-82.1497,-81.8617,-81.5960,-81.3650,-81.1725,-81.0176,-80.8972,-80.8074,-80.7442,-80.7038,-80.6828,-80.6781,-80.6872,-80.7079,-80.7381,-80.7763,-80.8212,-80.8714,-80.9260,-80.9841,-81.0451,-81.0912,-81.0269,-80.9061,-80.7801,-80.6691,-80.5794,-80.5123,-80.4663,-80.4396,-80.4298,-80.4347,-80.4522,-80.4805,-80.5178,-80.5626,-80.6137,-80.6700,-80.7303,-80.7940,-80.8601,-80.9283,-80.9978,-81.0682,-81.1391,-81.2103,-81.2813,-81.3520,-81.4221,-81.4915,-81.5599,-81.6274,-81.6937,-81.7588,-81.8225,-81.8850,-81.9460,-82.0055,-82.0636,-82.1202,-82.1753,-82.2289,-82.2809,-82.3315,-82.3805,-82.4281,-82.4741,-82.5188,-82.5619,-82.6037,-82.6441,-82.6832,-82.7209,-82.7574,-82.7926,-82.8265,-82.8593,-82.8909,-82.9214,-82.9508,-82.9791,-83.0064,-83.0327,-83.0581,-83.0825,-83.1061,-83.1287,-83.1506,-83.1717,-83.1919,-83.2115,-83.2303,-83.2485,-83.2660,-83.2828,-83.2987,-83.2568,-83.1082,-82.9096,-82.7071,-82.5239,-82.3685,-82.2420,-82.1424,-82.0665,-82.0110,-81.9727,-81.9488,-81.9371,-81.9355,-81.9422,-81.9559,-81.9753,-81.9995,-82.0275,-82.0587,-82.0924,-82.1282,-82.1654,-82.2039,-82.2432,-82.2830,-82.3232,-82.3635,-82.4038,-82.4438,-82.4835,-82.5228,-82.5615,-82.5996,-82.6370,-82.6737,-82.7096,-82.7447,-82.7790,-82.8124,-82.8449,-82.8765,-82.9073,-82.9372,-82.9662,-82.9944,-83.0216,-83.0481,-83.0736,-83.0984,-83.1224,-83.1455,-83.1679,-83.1896,-83.2105,-83.2307,-83.2502,-83.2690,-83.2872,-83.3048,-83.3217,-83.3381,-83.3539,-83.3691,-83.3838,-83.3980,-83.4118,-83.4250,-83.4378,-83.4502,-83.4621,-83.4736,-83.4848,-83.4956,-83.5060,-83.5161,-83.5258,-83.5352,-83.5444,-83.5532,-83.5618,-83.5701,-83.5782,-83.5860,-83.5935,-83.6009,-83.6080,-83.6150,-83.6217,-83.6283,-83.6347,-83.6409,-83.6469,-83.6528,-83.6557,-83.5743,-83.3955,-83.1856,-82.9818,-82.7999,-82.6448,-82.5170,-82.4142,-82.3338,-82.2729,-82.2287,-82.1986,-82.1806,-82.1726,-82.1732,-82.1808,-82.1944,-82.2130,-82.2357,-82.2617,-82.2905,-82.3214,-82.3542,-82.3883,-82.4234,-82.4593,-82.4956,-82.5322,-82.5689,-82.6056,-82.6420,-82.6781,-82.7137,-82.7489,-82.7834,-82.8174,-82.8506,-82.8832,-82.9149,-82.9205,-82.8334,-82.6917,-82.5346,-82.3837,-82.2493,-82.1352,-82.0420,-81.9685,-81.9129,-81.8730,-81.8470,-81.8327,-81.8286,-81.8331,-81.8448,-81.8627,-81.8858,-81.9131,-81.9440,-81.9777,-82.0139,-82.0519,-82.0914,-82.1319,-82.1733,-82.2153,-82.2575,-82.2998,-82.3421,-82.3842,-82.4259,-82.4672,-82.5079,-82.5480,-82.5874,-82.6261,-82.6640,-82.7010,-82.7373,-82.7726,-82.8070,-82.8405,-82.8732,-82.9049,-82.9356,-82.9655,-82.9945,-83.0226,-83.0498,-83.0761,-83.1016,-83.1263,-83.1501,-83.1731,-83.1954,-83.2169,-83.2377,-83.2577,-83.2771,-83.2958,-83.3138,-83.3313,-83.3481,-83.3643,-83.3799,-83.3950,-83.4096,-83.4237,-83.4372,-83.4503,-83.4630,-83.4752,-83.4870,-83.4984,-83.5094,-83.5200,-83.5303,-83.5403,-83.5499,-83.5592,-83.5682,-83.5769,-83.5853,-83.5935,-83.6014,-83.6091,-83.6166,-83.6238,-83.6308,-83.6377,-83.6443,-83.6507,-83.6570,-83.6631,-83.6690,-83.6748,-83.6804,-83.6859,-83.6913,-83.6965,-83.7016,-83.7066,-83.7115,-83.7162,-83.7209,-83.7254,-83.7299,-83.7343,-83.7386,-83.7427,-83.7469,-83.7509,-83.7549,-83.7588,-83.7626,-83.7664,-83.7701,-83.7737,-83.7773,-83.7808,-83.7843,-83.7877,-83.7911,-83.7944,-83.7977,-83.8000,-83.7662,-83.6708,-83.5368,-83.3877,-83.2393,-83.1009,-82.9773,-82.8705,-82.7807,-82.7071,-82.6483,-82.6029,-82.5691,-82.5456,-82.5309,-82.4792,-82.3108,-82.0922,-81.8738,-81.6789,-81.5126,-81.3317,-81.1239,-80.9111,-80.7112,-80.5347,-80.3866,-80.2682,-80.1787,-80.1158,-80.0769,-80.0592,-80.0597,-80.0759,-80.1053,-80.1458,-80.1955,-80.2529,-80.3164,-80.3850,-80.4576,-80.5334,-80.6115,-80.6914,-80.7725,-80.8544,-80.9366,-81.0188,-81.1008,-81.1822,-81.2628,-81.3425,-81.4211,-81.4984,-81.5744,-81.6489,-81.7219,-81.7933,-81.8631,-81.9311,-81.9974,-82.0620,-82.1248,-82.1858,-82.2451,-82.3026,-82.3583,-82.4123,-82.4646,-82.5151,-82.5640,-82.6113,-82.6569,-82.7009,-82.7435,-82.7844,-82.8240,-82.8621,-82.8988,-82.9341,-82.9681,-83.0009,-83.0324,-83.0627,-83.0919,-83.1200,-83.1470,-83.1729,-83.1979,-83.2218,-83.2449,-83.2671,-83.2884,-83.3089,-83.3285,-83.3475,-83.3657,-83.3832,-83.4000,-83.4162,-83.4317,-83.4467,-83.4611,-83.4750,-83.4883,-83.5012,-83.5136,-83.5255,-83.5370,-83.5481,-83.5588,-83.5691,-83.5790,-83.5886,-83.5979,-83.6068,-83.6155,-83.6239,-83.6320,-83.6398,-83.6474,-83.6547,-83.6199,-83.4213,-83.1719,-82.9313,-82.7199,-82.5434,-82.4009,-82.2894,-82.2048,-82.1433,-82.1011,-82.0732,-82.0145,-81.9046,-81.7666,-81.6221,-81.4852,-81.3640,-81.2625,-81.1819,-81.1217,-81.0805,-81.0563,-81.0473,-81.0513,-81.0665,-81.0912,-81.1238,-81.1629,-81.2075,-81.2565,-81.3091,-81.3644,-81.4220,-81.4812,-81.5415,-81.6027,-81.6642,-81.7260,-81.7876,-81.8489,-81.9096,-81.9697,-82.0290,-82.0874,-82.1448,-82.2011,-82.2562,-82.3101,-82.3627,-82.4140,-82.4640,-82.5127,-82.5600,-82.6060,-82.6506,-82.6938,-82.7201,-82.6113,-82.4128,-82.2034,-82.0148,-81.8559,-81.7271,-81.6259,-81.5493,-81.4938,-81.4566,-81.4348,-81.4259,-81.4281,-81.4393,-81.4582,-81.4834,-81.5138,-81.5484,-81.5865,-81.6273,-81.6702,-81.7148,-81.7606,-81.8073,-81.8545,-81.9020,-81.9495,-81.9968,-82.0405,-81.9759,-81.7909,-81.5733,-81.3674,-81.1886,-81.0406,-80.9222,-80.8308,-80.6431,-80.3131,-79.9920,-79.7190,-79.5016,-79.3369,-79.2187,-79.1402,-79.0950,-79.0774,-79.0825,-79.1060,-79.1447,-79.1954,-79.2560,-79.3243,-79.3987,-79.4778,-79.5604,-79.6457,-79.7328,-79.8211,-79.9100,-79.9990,-80.0879,-80.1762,-80.2638,-80.3504,-80.4357,-80.5198,-80.6025,-80.6836,-80.7632,-80.8410,-80.9172,-80.9917,-81.0644,-81.1353,-81.2044,-81.2718,-81.3373,-81.4012,-81.4632,-81.5236,-81.5822,-81.6392,-81.6944,-81.7481,-81.8002,-81.8506,-81.8996,-81.9470,-81.9930,-82.0376,-82.0807,-82.1225,-82.1630,-82.2022,-82.2401,-82.2768,-82.3123,-82.3467,-82.3800,-82.4122,-82.4434,-82.4735,-82.5027,-82.5309,-82.5583,-82.5847,-82.6104,-82.6351,-82.6592,-82.6824,-82.7049,-82.7267,-82.7479,-82.7683,-82.7882,-82.8074,-82.8261,-82.8442,-82.8617,-82.8788,-82.8953,-82.9114,-82.9270,-82.9421,-82.9569,-82.9712,-82.9851,-82.9987,-83.0119,-83.0247,-83.0372,-83.0494,-83.0613,-83.0729,-83.0842,-83.0952,-83.1059,-83.1164,-83.1267,-83.1368,-83.1466,-83.1562,-83.1656,-83.1747,-83.1838,-83.1926,-83.2012,-83.2097,-83.2180,-83.2262,-83.2342,-83.2420,-83.2497,-83.2573,-83.2648,-83.2721,-83.2793,-83.2864,-83.2934,-83.3003,-83.3070,-83.3137,-83.3203,-83.3267,-83.3331,-83.3394,-83.3456,-83.3518,-83.3578,-83.3638,-83.3697,-83.3755,-83.3813,-83.3870,-83.3926,-83.3982,-83.4037,-83.4092,-83.4145,-83.4160,-83.3630,-83.2473,-83.0962,-82.9327,-82.7718,-82.6226,-82.4896,-82.3750,-82.2788,-82.2003,-82.1380,-82.0903,-82.0556,-82.0026,-81.8168,-81.5762,-81.3383,-81.1279,-80.9538,-80.8169,-80.7144,-80.6425,-80.5968,-80.5732,-80.5680,-80.5781,-80.6007,-80.6336,-80.6747,-80.7225,-80.7757,-80.8330,-80.8936,-80.9567,-81.0217,-81.0878,-81.1548,-81.2221,-81.2896,-81.3568,-81.4235,-81.4896,-81.5549,-81.6193,-81.6825,-81.7271,-81.6971,-81.6068,-81.4916,-81.3760,-81.2730,-81.1878,-81.1215,-81.0734,-81.0419,-81.0249,-81.0205,-81.0269,-81.0424,-81.0657,-81.0954,-81.1305,-81.1701,-81.2133,-81.2596,-81.3082,-81.3588,-81.4107,-81.4638,-81.5175,-81.5717,-81.6261,-81.6805,-81.7346,-81.7884,-81.8417,-81.8943,-81.9463,-81.9974,-82.0476,-82.0969,-82.1451,-82.1924,-82.2385,-82.2836,-82.3275,-82.3704,-82.4121,-82.4526,-82.4920,-82.5303,-82.5675,-82.6036,-82.6386,-82.6725,-82.7053,-82.7371,-82.7679,-82.7977,-82.8265,-82.8544,-82.8813,-82.9074,-82.9326,-82.9569,-82.9805,-83.0020,-82.9610,-82.8405,-82.6824,-82.5146,-82.3534,-82.2075,-82.0808,-81.9744,-81.8880,-81.8200,-81.7686,-81.7321,-81.7084,-81.6959,-81.6928,-81.6978,-81.7096,-81.7272,-81.7495,-81.7758,-81.8054,-81.8376,-81.8720,-81.9081,-81.9455,-81.9839,-82.0203,-81.8797,-81.6384,-81.4007,-81.1973,-81.0352,-80.9131,-80.8264,-80.7692,-80.7271,-80.6837,-80.6353,-80.5846,-80.5356,-80.4918,-80.4559,-80.4292,-80.4125,-80.4057,-80.4085,-80.4201,-80.4396,-80.4663,-80.4991,-80.5372,-80.5799,-80.6264,-80.6760,-80.7282,-80.7826,-80.8387,-80.8961,-80.9546,-81.0138,-81.0735,-81.1336,-81.1938,-81.2540,-81.3140,-81.3737,-81.4330,-81.4919,-81.5501,-81.6077,-81.6646,-81.7207,-81.7760,-81.8303,-81.8837,-81.9362,-81.9876,-82.0380,-82.0873,-82.1356,-82.1827,-82.2287,-82.2736,-82.3174,-82.3601,-82.4016,-82.4420,-82.4813,-82.5195,-82.5565,-82.5925,-82.6274,-82.6613,-82.6941,-82.7259,-82.7567,-82.7865,-82.8153,-82.8433,-82.8703,-82.8964,-82.9217,-82.9461,-82.9697,-82.9925,-83.0146,-83.0359,-83.0565,-83.0764,-83.0956,-83.1142,-83.1322,-83.1496,-83.1664,-83.1826,-83.1983,-83.2135,-83.2282,-83.2424,-83.2561,-83.2694,-83.2823,-83.2948,-83.3069,-83.3186,-83.3299,-83.3409,-83.3516,-83.3620,-83.3720,-83.3770,-83.3378,-83.2466,-83.1216,-82.9812,-82.8393,-82.7051,-82.5837,-82.4779,-82.3876,-82.2958,-82.1796,-82.0414,-81.8947,-81.7500,-81.6033,-81.4500,-81.2939,-81.1416,-80.9989,-80.8698,-80.7568,-80.6609,-80.5823,-80.5204,-80.4745,-80.4431,-80.4250,-80.4187,-80.4230,-80.4365,-80.4582,-80.4869,-80.5217,-80.5617,-80.6062,-80.6546,-80.7063,-80.7607,-80.8174,-80.8760,-80.9362,-80.9976,-81.0600,-81.1128,-81.1249,-81.0919,-81.0202,-80.9144,-80.7863,-80.6495,-80.5150,-80.3903,-80.2144,-79.9527,-79.6697,-79.4018,-79.1654,-78.9663,-78.8049,-78.6788,-78.5844,-78.5181,-78.4760,-78.4550,-78.4518,-78.4639,-78.4890,-78.5251,-78.5706,-78.6240,-78.6840,-78.7074,-78.6519,-78.5559,-78.4484,-78.3466,-78.2599,-78.1926,-78.1462,-78.1202,-78.1132,-78.1235,-78.1488,-78.1873,-78.1106,-77.9133,-77.7100,-77.5367,-77.4032,-77.3097,-77.2525,-77.2269,-77.2283,-77.2522,-77.2679,-77.1919,-77.0701,-76.9431,-76.8325,-76.7476,-76.6913,-76.6630,-76.6603,-76.6803,-76.7196,-76.7754,-76.8448,-76.9254,-77.0152,-77.1123,-77.2152,-77.3227,-77.4336,-77.5470,-77.6621,-77.7784,-77.8953,-78.0124,-78.1292,-78.2455,-78.3610,-78.4755,-78.5888,-78.7008,-78.8113,-78.9203,-79.0276,-79.1331,-79.2369,-79.3389,-79.4390,-79.5372,-79.6334,-79.7278,-79.8201,-79.9105,-79.9990,-80.0855,-80.1701,-80.2527,-80.3333,-80.4121,-80.4890,-80.5639,-80.6371,-80.7083,-80.7778,-80.8455,-80.9114,-80.9756,-81.0380,-81.0988,-81.1580,-81.2155,-81.2715,-81.3259,-81.3788,-81.4302,-81.4802,-81.5287,-81.5575,-81.5207,-81.4326,-81.3185,-81.1973,-81.0811,-80.9767,-80.8878,-80.8154,-80.7594,-80.7187,-80.6921,-80.6778,-80.6744,-80.6804,-80.6944,-80.7151,-80.7416,-80.7729,-80.8082,-80.8468,-80.8880,-80.9314,-80.9766,-81.0231,-81.0701,-81.0626,-80.9704,-80.8399,-80.7029,-80.5762,-80.4676,-80.3794,-80.2838,-79.9940,-79.6663,-79.3742,-79.1355,-78.9510,-78.8155,-78.7222,-78.6647,-78.6369,-78.6335,-78.6501,-78.6831,-78.7293,-78.7862,-78.8517,-78.9239,-79.0014,-79.0831,-79.1678,-79.2549,-79.3435,-79.4330,-79.5231,-79.6134,-79.7033,-79.7928,-79.8816,-79.9694,-80.0562,-80.1418,-80.2260,-80.3088,-80.3902,-80.4700,-80.5482,-80.6248,-80.6998,-80.7731,-80.8447,-80.9147,-80.9830,-81.0496,-81.1145,-81.1778,-81.2395,-81.2995,-81.3539,-81.3847,-81.3844,-81.3593,-81.3183,-81.2696,-81.2192,-81.1713,-81.1286,-81.0924,-81.0635,-81.0421,-81.0278,-81.0203,-81.0189,-81.0229,-81.0318,-81.0450,-81.0620,-81.0822,-81.1052,-81.1307,-81.1584,-81.1879,-81.2191,-81.2516,-81.2853,-81.3200,-81.3556,-81.3919,-81.4288,-81.4661,-81.5039,-81.5419,-81.5800,-81.6183,-81.6566,-81.6948,-81.7329,-81.7708,-81.8085,-81.8459,-81.8830,-81.9197,-81.9560,-81.9918,-82.0272,-82.0620,-82.0964,-82.1301,-82.1633,-82.1958,-82.2278,-82.2592,-82.2899,-82.3199,-82.3494,-82.3782,-82.4063,-82.4338,-82.4607,-82.4869,-82.5125,-82.5374,-82.5617,-82.5855,-82.6086,-82.6311,-82.6531,-82.6744,-82.6953,-82.7155,-82.7353,-82.7545,-82.7732,-82.7712,-82.6391,-82.4387,-82.2272,-82.0293,-81.8550,-81.7075,-81.5863,-81.4898,-81.4151,-81.3598,-81.3211,-81.2967,-81.2843,-81.2821,-81.2885,-81.3020,-81.3214,-81.3457,-81.3740,-81.4056,-81.4398,-81.4761,-81.5140,-81.5532,-81.5933,-81.6341,-81.6752,-81.7166,-81.7579,-81.7991,-81.8401,-81.8807,-81.9208,-81.9604,-81.9995,-82.0379,-82.0756,-82.1126,-82.1488,-82.1843,-82.2190,-82.2428,-82.1248,-81.9320,-81.7304,-81.5450,-81.3851,-81.2531,-81.1482,-81.0683,-81.0104,-80.9717,-80.9495,-80.9412,-80.9446,-80.9578,-80.9790,-81.0069,-81.0402,-81.0778,-81.1189,-81.1628,-81.2089,-81.2565,-81.3053,-81.3549,-81.4049,-81.4482,-81.4448,-81.3910,-81.3050,-81.2044,-81.1023,-81.0073,-80.9244,-80.8561,-80.8030,-80.7647,-80.7403,-80.7043,-80.5580,-80.3525,-80.1429,-79.9558,-79.8016,-79.6821,-79.5954,-79.5379,-79.5059,-79.4953,-79.5027,-79.5251,-79.5598,-79.6046,-79.6576,-79.7172,-79.7822,-79.8514,-79.9238,-79.9988,-80.0755,-80.1536,-80.2324,-80.3116,-80.3909,-80.4700,-80.5486,-80.6266,-80.7037,-80.7798,-80.8548,-80.9286,-81.0011,-81.0722,-81.1419,-81.2101,-81.2768,-81.3420,-81.4056,-81.4677,-81.5281,-81.5870,-81.6444,-81.7002,-81.7544,-81.8071,-81.8583,-81.9080
19,-86.0000,-89.4354,-90.0479,-90.3269,-90.5046,-90.6371,-90.7443,-90.8350,-90.9136,-90.9827,-91.0441,-91.0989,-91.1479,-91.1865,-91.2010,-91.1915,-91.1662,-91.1330,-91.0863,-90.9653,-90.8207,-90.6846,-90.5395,-90.3584,-90.1852,-90.0367,-89.9162,-89.8223,-89.7523,-89.7033,-89.6723,-89.6568,-89.6547,-89.6639,-89.6828,-89.7097,-89.7434,-89.7827,-89.8266,-89.8707,-89.8962,-89.8975,-89.8840,-89.8662,-89.8436,-89.7948,-89.7285,-89.6593,-89.5963,-89.5444,-89.5049,-89.4469,-89.3672,-89.2912,-89.2296,-89.1852,-89.1577,-89.1458,-89.1474,-89.1610,-89.1847,-89.2171,-89.2568,-89.3027,-89.3536,-89.4087,-89.4635,-89.5048,-89.5284,-89.5390,-89.5430,-89.5455,-89.5497,-89.5575,-89.5700,-89.5874,-89.6096,-89.6363,-89.6671,-89.7016,-89.7391,-89.7794,-89.8132,-89.8062,-89.7745,-89.7375,-89.7048,-89.6802,-89.6648,-89.6584,-89.6604,-89.6645,-89.6248,-89.5360,-89.4224,-89.3036,-89.1919,-89.0939,-89.0126,-88.9490,-88.9029,-88.8732,-88.8586,-88.8576,-88.8687,-88.8903,-88.9211,-88.9597,-89.0050,-89.0557,-89.1109,-89.1697,-89.2313,-89.2949,-89.3599,-89.4258,-89.4921,-89.5582,-89.6240,-89.6890,-89.7530,-89.8149,-89.8315,-89.8055,-89.7700,-89.7327,-89.6870,-89.6364,-89.5871,-89.5427,-89.4835,-89.4044,-89.3207,-89.2418,-89.1713,-89.0950,-89.0033,-88.8988,-88.7651,-88.6101,-88.4551,-88.3159,-88.2004,-88.1110,-88.0472,-88.0071,-87.9880,-87.9875,-88.0030,-88.0324,-88.0735,-88.1245,-88.1838,-88.2499,-88.3217,-88.3978,-88.4774,-88.5596,-88.6077,-88.5698,-88.5221,-88.4543,-88.3745,-88.3054,-88.2550,-88.2242,-88.2112,-88.2140,-88.2302,-88.2579,-88.2952,-88.3406,-88.3928,-88.4506,-88.5131,-88.5793,-88.6287,-88.6429,-88.6412,-88.6372,-88.6374,-88.6447,-88.6599,-88.6830,-88.7134,-88.7505,-88.7934,-88.8412,-88.8931,-88.9388,-88.9622,-88.9647,-88.9074,-88.7655,-88.5837,-88.4009,-88.2376,-88.1017,-87.9767,-87.7862,-87.6011,-87.4499,-87.3358,-87.2558,-87.2058,-87.1814,-87.1789,-87.1951,-87.2271,-87.2724,-87.3187,-87.3476,-87.3623,-87.3721,-87.3803,-87.3873,-87.3954,-87.3973,-87.3804,-87.3507,-87.3189,-87.2921,-87.2745,-87.2680,-87.2730,-87.2894,-87.3166,-87.3537,-87.3998,-87.4538,-87.5150,-87.5822,-87.6546,-87.7314,-87.8118,-87.8951,-87.9806,-88.0676,-88.1557,-88.2443,-88.3330,-88.3932,-88.3338,-88.2300,-88.1396,-88.0747,-87.9842,-87.8680,-87.7561,-87.6627,-87.5922,-87.5447,-87.5183,-87.5107,-87.5194,-87.5419,-87.5687,-87.5827,-87.5848,-87.5830,-87.5802,-87.5358,-87.4632,-87.3895,-87.3268,-87.2797,-87.2497,-87.2365,-87.2391,-87.2562,-87.2862,-87.3276,-87.3753,-87.4137,-87.4394,-87.4579,-87.4746,-87.4931,-87.5153,-87.5423,-87.5744,-87.6118,-87.6542,-87.7012,-87.7527,-87.8081,-87.8671,-87.9294,-87.9945,-88.0620,-88.1317,-88.2032,-88.2760,-88.3498,-88.4243,-88.4992,-88.5740,-88.6476,-88.7061,-88.7405,-88.7560,-88.7506,-88.7184,-88.6660,-88.6037,-88.5395,-88.4751,-88.3856,-88.2773,-88.1676,-88.0665,-87.9790,-87.9077,-87.8532,-87.8152,-87.7930,-87.7855,-87.7913,-87.8090,-87.8373,-87.8613,-87.8556,-87.8340,-87.8098,-87.7900,-87.7781,-87.7756,-87.7829,-87.7997,-87.8254,-87.8593,-87.9004,-87.9479,-88.0008,-88.0583,-88.1196,-88.1839,-88.2506,-88.3191,-88.3888,-88.4592,-88.5298,-88.6004,-88.6706,-88.7394,-88.7972,-88.8347,-88.8542,-88.8625,-88.8658,-88.8685,-88.8734,-88.8819,-88.8948,-88.9120,-88.9248,-88.9156,-88.8859,-88.8466,-88.8069,-88.7724,-88.7461,-88.7289,-88.7208,-88.7215,-88.7300,-88.7457,-88.7675,-88.7947,-88.8266,-88.8623,-88.9012,-88.9428,-88.8801,-88.7066,-88.5653,-88.4687,-88.4106,-88.3827,-88.3777,-88.3903,-88.4161,-88.4520,-88.4956,-88.5451,-88.5990,-88.6563,-88.7159,-88.7763,-88.7932,-88.7568,-88.6929,-88.5772,-88.4441,-88.3224,-88.2230,-88.1486,-88.0980,-88.0688,-88.0583,-88.0638,-88.0827,-88.1129,-88.1525,-88.1713,-88.1433,-88.1060,-88.0742,-88.0528,-88.0432,-88.0456,-88.0591,-88.0829,-88.1157,-88.1565,-88.2041,-88.2481,-88.2449,-88.2166,-88.1871,-88.1660,-88.1561,-88.1579,-88.1708,-88.1937,-88.2253,-88.2645,-88.3095,-88.3449,-88.3553,-88.3468,-88.3305,-88.3145,-88.3026,-88.2575,-88.1799,-88.0993,-88.0289,-87.9719,-87.9024,-87.8144,-87.7264,-87.6509,-87.5934,-87.5554,-87.5360,-87.5337,-87.5467,-87.5729,-87.6107,-87.6584,-87.7143,-87.7772,-87.8458,-87.9190,-87.9958,-88.0754,-88.1570,-88.2399,-88.3235,-88.4074,-88.4909,-88.5738,-88.6557,-88.7363,-88.8078,-88.8495,-88.8563,-88.8380,-88.8065,-88.7707,-88.7361,-88.7059,-88.6741,-88.6302,-88.5752,-88.5161,-88.4593,-88.4092,-88.3684,-88.3381,-88.3185,-88.3094,-88.3101,-88.3198,-88.3377,-88.3629,-88.3944,-88.4315,-88.4735,-88.5195,-88.5689,-88.6206,-88.6592,-88.6725,-88.6687,-88.6573,-88.6453,-88.6369,-88.6341,-88.6380,-88.6487,-88.6661,-88.6897,-88.7187,-88.7527,-88.7908,-88.8326,-88.8772,-88.9243,-88.9733,-89.0237,-89.0752,-89.1272,-89.1796,-89.2320,-89.2841,-89.3357,-89.3867,-89.4369,-89.4861,-89.5343,-89.5813,-89.6270,-89.6715,-89.7147,-89.7564,-89.7968,-89.8358,-89.8735,-89.9098,-89.9447,-89.9782,-90.0105,-90.0408,-90.0500,-90.0197,-89.9627,-89.8967,-89.8337,-89.7796,-89.7364,-89.7043,-89.6824,-89.6659,-89.6243,-89.5595,-89.4875,-89.4175,-89.3542,-89.3000,-89.2559,-89.2220,-89.1980,-89.1833,-89.1773,-89.1789,-89.1876,-89.2023,-89.2224,-89.2471,-89.2758,-89.3077,-89.3424,-89.3792,-89.4178,-89.4577,-89.4985,-89.5399,-89.5817,-89.6234,-89.6649,-89.6924,-89.6869,-89.6594,-89.6236,-89.5878,-89.5561,-89.5270,-89.4865,-89.4206,-89.3305,-89.2273,-89.1218,-89.0213,-88.9300,-88.8501,-88.7823,-88.7267,-88.6829,-88.6500,-88.6258,-88.5929,-88.5432,-88.4834,-88.3930,-88.2762,-88.1560,-88.0456,-87.9466,-87.7776,-87.5900,-87.4260,-87.2944,-87.1181,-86.8325,-86.5807,-86.3902,-86.2298,-86.0905,-85.9804,-85.9015,-85.8528,-85.8317,-85.8353,-85.8607,-85.9050,-85.9657,-86.0379,-86.0853,-86.1088,-86.1283,-86.1534,-86.1878,-86.2331,-86.2894,-86.3561,-86.4323,-86.5171,-86.6093,-86.7065,-86.7932,-86.8397,-86.7349,-86.6090,-86.5077,-86.4379,-86.3981,-86.3850,-86.3949,-86.4244,-86.4694,-86.4695,-86.4376,-86.4116,-86.4024,-86.4118,-86.4388,-86.4813,-86.5371,-86.6042,-86.6807,-86.7650,-86.8557,-86.9515,-87.0514,-87.1543,-87.2595,-87.3662,-87.4736,-87.5812,-87.6885,-87.7949,-87.9002,-88.0039,-88.1057,-88.2055,-88.3029,-88.3979,-88.4902,-88.5798,-88.6666,-88.7505,-88.8315,-88.9096,-88.9849,-89.0572,-89.1267,-89.1934,-89.2574,-89.3186,-89.3773,-89.4334,-89.4731,-89.4074,-89.3084,-89.2168,-89.1441,-89.0851,-89.0038,-88.9048,-88.8085,-88.7255,-88.6587,-88.5930,-88.5143,-88.4315,-88.3533,-88.2850,-88.2293,-88.1873,-88.1591,-88.1440,-88.1412,-88.1496,-88.1679,-88.1949,-88.2296,-88.2709,-88.3176,-88.3691,-88.4243,-88.4825,-88.5431,-88.6055,-88.6691,-88.7334,-88.7981,-88.8627,-88.9270,-88.9907,-89.0534,-89.1150,-89.1567,-89.1544,-89.1268,-89.0928,-89.0617,-89.0344,-88.9975,-88.9032,-88.7406,-88.5122,-88.2535,-87.9951,-87.6626,-87.3015,-86.9642,-86.6706,-86.4256,-86.2282,-86.0750,-85.9617,-85.8819,-85.8125,-85.7423,-85.6773,-85.6255,-85.5916,-85.5780,-85.5848,-85.6111,-85.6553,-85.7156,-85.7900,-85.8765,-85.9733,-86.0787,-86.1911,-86.3092,-86.4317,-86.5575,-86.6728,-86.7573,-86.8231,-86.8815,-86.9391,-86.9994,-87.0641,-87.1298,-87.1645,-87.1713,-87.1683,-87.1672,-87.1739,-87.1910,-87.2193,-87.2584,-87.3074,-87.3652,-87.4305,-87.5022,-87.5777,-87.6436,-87.6895,-87.7198,-87.7418,-87.7616,-87.7826,-87.8070,-87.8359,-87.8697,-87.9085,-87.9520,-88.0000,-88.0519,-88.1054,-88.1097,-88.0649,-88.0086,-87.9596,-87.9255,-87.9083,-87.9073,-87.9207,-87.9408,-87.8317,-87.7011,-87.6056,-87.5466,-87.5182,-87.5143,-87.5299,-87.5610,-87.6045,-87.6580,-87.6280,-87.5259,-87.4346,-87.3275,-87.1928,-87.0751,-86.9864,-86.9276,-86.8958,-86.8874,-86.8991,-86.9276,-86.9702,-87.0246,-87.0888,-87.1609,-87.2397,-87.3236,-87.4117,-87.5028,-87.5962,-87.6911,-87.7868,-87.8827,-87.9784,-88.0733,-88.1671,-88.2596,-88.3503,-88.4392,-88.5259,-88.6104,-88.6925,-88.7722,-88.8494,-88.9239,-88.9959,-89.0653,-89.1321,-89.1904,-89.2210,-89.2233,-89.2032,-89.1439,-89.0575,-88.9004,-88.6170,-88.2944,-87.9589,-87.6441,-87.3681,-87.1364,-86.9484,-86.8008,-86.6897,-86.6111,-86.5612,-86.5365,-86.5339,-86.5504,-86.5837,-86.6312,-86.6911,-86.7613,-86.8404,-86.9266,-87.0188,-87.1157,-87.2163,-87.3195,-87.4245,-87.5307,-87.6373,-87.7438,-87.8495,-87.9542,-88.0575,-88.1589,-88.2583,-88.3554,-88.3830,-88.2755,-88.1284,-87.9854,-87.8622,-87.7633,-87.6892,-87.6378,-87.5906,-87.5238,-87.4453,-87.3707,-87.3103,-87.2687,-87.2467,-87.2433,-87.2563,-87.2837,-87.3234,-87.3734,-87.4206,-87.4265,-87.4141,-87.4009,-87.3940,-87.3948,-87.3813,-87.3490,-87.3114,-87.2784,-87.2553,-87.2442,-87.2456,-87.2590,-87.2836,-87.3181,-87.3616,-87.4128,-87.4707,-87.5343,-87.5998,-87.6440,-87.6364,-87.5900,-87.5303,-87.4716,-87.4210,-87.3820,-87.3558,-87.3368,-87.3082,-87.2716,-87.2355,-87.2062,-87.1872,-87.1796,-87.1836,-87.1988,-87.2242,-87.2589,-87.3020,-87.3525,-87.4094,-87.4718,-87.5364,-87.5844,-87.6109,-87.6243,-87.6335,-87.6444,-87.6604,-87.6833,-87.7135,-87.7510,-87.7951,-87.8450,-87.8852,-87.8972,-87.8919,-87.8817,-87.8743,-87.8733,-87.8802,-87.8954,-87.9186,-87.9494,-87.9870,-88.0307,-88.0795,-88.1328,-88.1898,-88.2498,-88.3121,-88.3763,-88.4417,-88.5080,-88.5746,-88.6412,-88.7076,-88.7733,-88.8383,-88.9022,-88.9650,-89.0264,-89.0863,-89.1394,-89.0995,-89.0125,-88.9277,-88.8583,-88.7968,-88.7137,-88.5728,-88.3968,-88.2174,-88.0535,-87.9142,-87.8024,-87.7177,-87.6581,-87.6212,-87.6040,-87.6041,-87.6191,-87.6466,-87.6848,-87.7319,-87.7842,-87.7745,-87.7277,-87.6847,-87.6560,-87.6434,-87.6462,-87.6627,-87.6912,-87.7300,-87.7776,-87.8326,-87.8936,-87.9596,-88.0296,-88.1026,-88.1780,-88.2549,-88.3327,-88.4018,-88.4466,-88.4713,-88.4843,-88.4924,-88.5002,-88.5107,-88.5254,-88.5452,-88.5701,-88.5999,-88.6343,-88.6729,-88.7149,-88.7600,-88.8076,-88.8572,-88.9083,-88.9605,-89.0134,-89.0667,-89.1201,-89.1732,-89.2260,-89.2782,-89.3295,-89.3800,-89.4293,-89.4776,-89.5246,-89.5703,-89.6147,-89.6577,-89.6993,-89.7395,-89.7783,-89.8157,-89.8518,-89.8865,-89.9198,-89.9519,-89.9827,-90.0122,-90.0406,-90.0678,-90.0938,-90.1188,-90.1428,-90.1657,-90.1877,-90.2088,-90.2290,-90.2483,-90.2669,-90.2846,-90.3017,-90.3181,-90.3338,-90.3488,-90.3632,-90.3675,-90.3101,-90.1755,-90.0188,-89.8646,-89.7039,-89.5296,-89.3560,-89.1950,-89.0524,-88.9304,-88.8292,-88.7478,-88.6849,-88.6390,-88.6084,-88.5914,-88.5867,-88.5926,-88.6079,-88.6314,-88.6617,-88.6981,-88.7394,-88.7848,-88.8336,-88.8851,-88.9386,-88.9937,-89.0498,-89.1065,-89.1635,-89.2204,-89.2770,-89.3330,-89.3881,-89.4423,-89.4954,-89.5472,-89.5977,-89.6468,-89.6945,-89.7406,-89.7852,-89.8283,-89.8699,-89.9098,-89.9483,-89.9853,-90.0208,-90.0548,-90.0875,-90.1188,-90.1487,-90.1774,-90.2048,-90.2310,-90.2561,-90.2800,-90.3030,-90.3248,-90.3458,-90.3658,-90.3849,-90.4032,-90.4206,-90.4373,-90.4533,-90.4686,-90.4832,-90.4973,-90.5107,-90.5236,-90.5359,-90.5478,-90.5592,-90.5701,-90.5806,-90.5907,-90.6005,-90.6090,-90.6065,-90.5888,-90.5618,-90.5306,-90.4865,-90.4143,-90.3232,-90.2253,-90.1291,-90.0399,-89.9606,-89.8925,-89.8358,-89.7902,-89.7550,-89.7294,-89.7124,-89.7033,-89.7010,-89.7049,-89.7140,-89.7278,-89.7455,-89.7663,-89.7817,-89.7738,-89.7181,-89.6224,-89.4175,-89.1442,-88.8874,-88.6690,-88.4895,-88.3451,-88.2318,-88.1457,-88.0834,-88.0419,-88.0186,-88.0111,-88.0174,-88.0356,-88.0629,-88.0733,-88.0591,-88.0362,-88.0151,-88.0009,-87.9961,-88.0016,-88.0174,-88.0427,-88.0768,-88.1187,-88.1674,-88.2217,-88.2808,-88.3438,-88.4098,-88.4782,-88.5483,-88.6159,-88.6586,-88.6742,-88.6736,-88.6662,-88.6586,-88.6544,-88.6558,-88.6636,-88.6781,-88.6988,-88.7254,-88.7571,-88.7935,-88.8337,-88.8773,-88.9235,-88.9718,-89.0218,-89.0730,-89.1250,-89.1774,-89.2299,-89.2823,-89.3343,-89.3856,-89.4362,-89.4859,-89.5345,-89.5820,-89.6282,-89.6732,-89.7168,-89.7590,-89.7999,-89.8393,-89.8774,-89.9140,-89.9493,-89.9833,-90.0159,-90.0472,-90.0772,-90.1060,-90.1337,-90.1540,-90.1344,-90.0834,-90.0198,-89.9554,-89.8964,-89.8457,-89.8044,-89.7726,-89.7387,-89.6461,-89.5232,-89.3911,-89.2406,-89.0832,-88.9362,-88.8051,-88.6377,-88.3513,-88.0386,-87.7654,-87.5492,-87.3875,-87.2728,-87.1974,-87.1511,-87.1088,-87.0635,-87.0230,-86.9942,-86.9805,-86.9827,-86.9818,-86.9623,-86.9405,-86.9263,-86.9237,-86.9337,-86.9562,-86.9904,-87.0355,-87.0899,-87.1399,-87.1701,-87.1873,-87.2011,-87.2179,-87.2416,-87.2684,-87.2774,-87.2711,-87.2603,-87.2521,-87.2505,-87.2575,-87.2738,-87.2994,-87.3339,-87.3768,-87.4272,-87.4845,-87.5479,-87.6165,-87.6896,-87.7665,-87.8464,-87.9288,-88.0130,-88.0985,-88.1847,-88.2711,-88.3573,-88.4430,-88.5277,-88.6113,-88.6934,-88.7738,-88.8523,-88.9288,-89.0032,-89.0753,-89.1452,-89.2127,-89.2779,-89.3406,-89.3954,-89.4066,-89.3752,-89.3161,-89.2387,-89.1584,-89.0848,-89.0221,-88.9715,-88.9325,-88.9044,-88.8860,-88.8764,-88.8747,-88.8798,-88.8912,-88.9080,-88.9296,-88.9553,-88.9645,-88.9295,-88.8788,-88.8276,-88.7827,-88.7472,-88.7219,-88.7072,-88.7024,-88.7067,-88.7193,-88.7393,-88.7656,-88.7973,-88.8338,-88.8741,-88.9175,-88.9635,-89.0115,-89.0610,-89.1115,-89.1627,-89.2141,-89.2656,-89.3168,-89.3675,-89.4175,-89.4667,-89.5114,-89.5008,-89.4561,-89.4050,-89.3574,-89.3172,-89.2852,-89.2474,-89.1907,-89.1220,-89.0517,-88.9874,-88.9318,-88.8754,-88.7781,-88.6249,-88.4644,-88.3178,-88.1926,-88.0907,-88.0116,-87.9537,-87.9151,-87.8938,-87.8878,-87.8953,-87.9073,-87.8933,-87.8640,-87.8342,-87.8109,-87.7972,-87.7941,-87.8017,-87.8194,-87.8467,-87.8826,-87.9262,-87.9765,-88.0327,-88.0938,-88.1591,-88.2278,-88.2991,-88.3725,-88.4473,-88.5230,-88.5992,-88.6753,-88.7511,-88.8261,-88.9002,-88.9731,-89.0446,-89.1145,-89.1826,-89.2489,-89.3132,-89.3718,-89.4056,-89.4109,-89.3979,-89.3769,-89.3547,-89.3354,-89.3213,-89.3134,-89.3117,-89.3161,-89.3262,-89.3414,-89.3610,-89.3845,-89.4113,-89.4409,-89.4726,-89.5062,-89.5388,-89.5529,-89.5405,-89.5101,-89.4671,-89.4070,-89.2488,-89.0022,-88.6237,-88.2837,-88.0101,-87.7974,-87.6360,-87.5170,-87.4330,-87.3780,-87.3473,-87.3366,-87.2995,-87.2367,-87.1811,-87.1429,-87.1237,-87.1225,-87.1372,-87.1657,-87.2061,-87.2565,-87.3156,-87.3818,-87.4541,-87.5309,-87.5848,-87.6084,-87.6246,-87.6440,-87.6703,-87.7044,-87.7457,-87.7932,-87.8347,-87.8535,-87.8134,-87.7313,-87.6415,-87.5603,-87.4942,-87.4454,-87.4138,-87.3986,-87.3986,-87.4122,-87.4379,-87.4743,-87.5199,-87.5734,-87.6338,-87.6997,-87.7704,-87.8447,-87.9220,-88.0016,-88.0826,-88.1647,-88.2472,-88.3297,-88.4118,-88.4930,-88.5595,-88.5875,-88.5848,-88.5691,-88.5535,-88.5447,-88.5453,-88.5556,-88.5747,-88.6016,-88.6351,-88.6740,-88.7173,-88.7354,-88.7023,-88.6568,-88.6141,-88.5798,-88.5559,-88.5427,-88.5399,-88.5467,-88.5621,-88.5853,-88.6135,-88.6199,-88.5958,-88.5278,-88.4248,-88.2980,-88.1551,-88.0123,-87.8818,-87.7701,-87.6800,-87.6118,-87.5647,-87.5371,-87.5271,-87.5297,-87.5167,-87.4882,-87.4572,-87.4320,-87.4170,-87.4141,-87.4217,-87.4228,-87.4111,-87.3935,-87.3772,-87.3670,-87.3660,-87.3753,-87.3954,-87.4258,-87.4658,-87.4733,-87.3628,-87.1776,-86.9821,-86.8030,-86.6472,-86.5055,-86.3745,-86.2577,-86.1589,-86.0806,-86.0238,-85.9883,-85.9734,-85.9776,-85.9993,-86.0368,-86.0883,-86.1459,-86.1582,-86.1517,-86.1520,-86.1666,-86.1866,-86.1882,-86.1804,-86.1743,-86.1764,-86.1829,-86.1779,-86.1653,-86.1535,-86.1479,-86.1439,-86.1362,-86.1277,-86.1233,-86.1272,-86.1415,-86.1674,-86.2046,-86.2528,-86.3108,-86.3778,-86.4525,-86.4956,-86.4961,-86.4909,-86.4938,-86.5089,-86.5366,-86.5759,-86.6221,-86.6625,-86.6927,-86.7165,-86.7386,-86.7631,-86.7924,-86.8278,-86.8699,-86.9186,-86.9737,-87.0292,-87.0492,-87.0340,-87.0075,-86.9858,-86.9766,-86.9332,-86.7762,-86.6147,-86.4686,-86.3449,-86.2462,-86.1726,-86.1229,-86.0953,-86.0878,-86.0981,-86.1244,-86.1647,-86.2142,-86.2140,-86.1712,-86.1255,-86.0941,-86.0580,-85.9918,-85.9250,-85.8736,-85.8427,-85.8328,-85.8424,-85.8696,-85.9123,-85.9683,-86.0357,-86.1128,-86.1979,-86.2898,-86.3870,-86.4885,-86.5933,-86.7004,-86.8092,-86.9189,-87.0289,-87.1266,-87.1857,-87.2160,-87.2057,-87.1581,-87.0940,-87.0310,-86.9793,-86.9434,-86.9245,-86.9218,-86.9325,-86.9266,-86.8927,-86.8511,-86.8153,-86.7912,-86.7802,-86.7821,-86.7961,-86.8210,-86.8559,-86.8995,-86.9508,-87.0087,-87.0724,-87.1410,-87.2135,-87.2894,-87.3678,-87.4481,-87.5278,-87.4538,-87.3269,-87.2319,-87.1744,-87.1484,-87.1472,-87.1653,-87.1981,-87.2424,-87.2956,-87.3556,-87.4209,-87.4893,-87.5168,-87.4732,-87.3668,-87.2249,-87.0801,-86.9487,-86.8372,-86.7474,-86.6789,-86.6305,-86.6006,-86.5875,-86.5658,-86.5079,-86.4426,-86.3851,-86.2930,-86.1033,-85.9212,-85.7769,-85.6072,-85.4147,-85.2538,-85.1344,-85.0548,-85.0106,-84.9969,-85.0095,-85.0444,-85.0983,-85.1681,-85.2514,-85.3447,-85.4145,-85.4550,-85.4726,-85.4544,-85.4160,-85.3452,-85.2595,-85.1754,-85.1024,-85.0424,-84.9456,-84.8289,-84.7251,-84.6449,-84.5906,-84.5460,-84.4815,-84.4177,-84.3680,-84.3370,-84.2937,-84.1772,-84.0576,-83.9634,-83.9003,-83.8677,-83.8629,-83.8827,-83.9240,-83.9839,-84.0599,-84.1495,-84.2508,-84.3620,-84.4814,-84.6076,-84.7392,-84.8752,-85.0145,-85.1562,-85.2995,-85.4435,-85.5877,-85.7315,-85.8743,-86.0156,-86.1552,-86.2925,-86.4265,-86.5385,-86.6109,-86.6545,-86.6857,-86.7156,-86.7499,-86.7908,-86.8388,-86.8932,-86.9534,-87.0184,-87.0873,-87.1572,-87.1696,-87.1372,-87.0991,-87.0691,-87.0517,-87.0478,-87.0569,-87.0777,-87.1091,-87.1495,-87.1976,-87.2520,-87.3111,-87.3666,-87.4115,-87.4466,-87.4755,-87.5017,-87.5277,-87.5553,-87.5856,-87.6192,-87.6561,-87.6965,-87.7401,-87.7865,-87.8211,-87.8086,-87.7462,-87.6560,-87.5597,-87.4685,-87.3884,-87.3197,-87.2351,-87.1323,-87.0277,-86.9310,-86.8470,-86.7747,-86.7084,-86.6467,-86.5895,-86.5189,-86.4147,-86.2874,-86.1500,-85.9908,-85.8191,-85.6534,-85.5051,-85.3800,-85.2580,-85.1226,-84.9913,-84.8775,-84.7877,-84.7240,-84.6864,-84.6734,-84.6830,-84.7129,-84.7361,-84.6874,-84.6359,-84.6065,-84.6030,-84.6237,-84.6658,-84.7261,-84.8018,-84.8903,-84.9562,-84.9840,-85.0065,-85.0359,-85.0759,-85.1276,-85.1906,-85.2641,-85.3471,-85.4384,-85.5335,-85.5959,-85.5989,-85.5615,-85.4867,-85.3001,-85.0822,-84.8988,-84.7680,-84.6876,-84.6499,-84.6472,-84.6726,-84.7209,-84.7879,-84.8701,-84.9647,-85.0695,-85.1826,-85.3022,-85.4246,-85.5435,-85.6562,-85.7637,-85.8675,-85.9686,-86.0505,-86.0952,-86.1105,-86.0132,-85.8663,-85.7365,-85.6360,-85.5656,-85.5226,-85.5040,-85.5044,-85.5163,-85.5365,-85.5642,-85.5997,-85.6431,-85.6941,-85.7526,-85.8180,-85.8898,-85.9673,-86.0499,-86.1370,-86.2196,-86.2274,-86.2054,-86.1895,-86.1884,-86.2030,-86.2319,-86.2733,-86.3256,-86.3870,-86.4562,-86.5154,-86.4903,-86.3980,-86.2942,-86.2066,-86.1437,-86.1063,-86.0922,-86.0983,-86.1217,-86.1600,-86.2109,-86.2725,-86.3429,-86.4209,-86.5050,-86.5941,-86.6872,-86.7770,-86.8385,-86.7931,-86.6768,-86.5362,-86.3952,-86.2674,-86.1598,-86.0756,-86.0048,-85.9257,-85.8463,-85.7776,-85.7256,-85.6927,-85.6787,-85.6714,-85.6557,-85.6346,-85.6082,-85.5483,-85.4556,-85.3382,-85.1323,-84.9016,-84.6934,-84.5218,-84.3860,-84.2733,-84.1791,-84.0968,-83.9393,-83.7437,-83.5557,-83.3930,-83.2532,-83.1202,-82.9408,-82.6795,-82.4095,-82.1629,-81.9265,-81.7040,-81.5102,-81.3516,-81.2301,-81.1452,-81.0776,-81.0093,-80.9499,-80.9095,-80.8929,-80.9022,-80.9372,-80.9968,-81.0792,-81.1823,-81.3041,-81.4423,-81.5951,-81.7604,-81.9363,-82.1213,-82.3136,-82.5118,-82.7014,-82.8129,-82.8660,-82.9017,-82.9387,-82.9849,-83.0436,-83.1154,-83.2000,-83.2965,-83.4037,-83.5195,-83.6234,-83.7040,-83.7724,-83.8383,-83.9075,-83.9832,-84.0668,-84.1586,-84.2585,-84.3656,-84.4713,-84.5623,-84.6383,-84.7057,-84.7702,-84.8362,-84.9060,-84.9808,-85.0612,-85.0891,-85.0676,-85.0481,-85.0444,-85.0588,-85.0902,-85.1365,-85.1957,-85.2657,-85.3344,-85.3696,-85.3631,-85.3307,-85.2887,-85.2486,-85.2023,-85.1344,-85.0594,-84.9902,-84.9339,-84.8941,-84.8721,-84.8680,-84.8804,-84.8997,-84.9148,-84.9260,-84.9382,-84.9561,-84.9828,-85.0200,-85.0620,-85.0944,-85.1152,-85.1297,-85.1435,-85.1487,-85.1352,-85.1017,-85.0474,-84.9801,-84.9093,-84.8427,-84.7859,-84.7419,-84.7123,-84.6971,-84.6958,-84.7073,-84.7305,-84.7644,-84.8079,-84.8602,-84.9205,-84.9882,-85.0627,-85.1435,-85.2300,-85.3218,-85.4184,-85.5194,-85.6244,-85.7328,-85.8442,-85.9580,-86.0342,-86.0576,-86.0674,-86.0808,-86.1036,-86.1375,-86.1822,-86.2367,-86.2999,-86.3704,-86.4470,-86.5234,-86.5795,-86.6169,-86.6440,-86.6679,-86.6838,-86.6586,-86.6000,-86.5178,-86.4154,-86.3074,-86.1971,-86.0203,-85.7877,-85.5489,-85.3258,-85.0565,-84.7913,-84.5216,-84.2565,-84.0248,-83.8343,-83.6752,-83.4950,-83.3018,-83.1226,-82.9713,-82.8482,-82.7394,-82.6394,-82.5486,-82.4370,-82.2469,-82.0100,-81.7892,-81.6035,-81.4572,-81.3495,-81.2779,-81.2393,-81.2304,-81.2482,-81.2897,-81.3523,-81.4337,-81.5316,-81.6443,-81.7701,-81.9075,-82.0553,-82.2123,-82.3773,-82.5494,-82.7276,-82.9110,-83.0988,-83.2900,-83.4839,-83.6797,-83.8751,-84.0499,-84.1745,-84.2495,-84.2777,-84.2552,-84.2100,-84.1650,-84.1317,-84.1152,-84.1168,-84.1363,-84.1727,-84.2245,-84.2902,-84.3092,-84.2382,-84.1720,-84.1330,-84.1071,-84.0834,-84.0648,-84.0477,-83.9726,-83.8825,-83.8086,-83.7421,-83.6630,-83.5882,-83.5001,-83.3601,-83.2253,-83.0863,-82.9469,-82.7906,-82.5995,-82.4276,-82.2924,-82.1962,-82.1373,-82.1123,-82.1178,-82.1503,-82.2067,-82.2839,-82.3794,-82.4907,-82.6157,-82.7524,-82.8989,-83.0459,-83.1780,-83.2867,-83.3649,-83.4176,-83.4549,-83.4851,-83.4992,-83.4921,-83.4547,-83.3854,-83.3033,-83.2201,-83.1147,-82.9910,-82.8706,-82.7666,-82.6844,-82.6253,-82.5888,-82.5738,-82.5784,-82.6010,-82.6400,-82.6937,-82.7606,-82.8356,-82.9113,-82.9869,-83.0641,-83.0716,-82.9398,-82.8303,-82.7656,-82.7415,-82.7504,-82.7833,-82.8170,-82.8341,-82.8163,-82.7497,-82.6467,-82.5284,-82.3937,-82.1759,-81.8071,-81.4054,-81.0414,-80.7363,-80.4920,-80.2967,-80.1395,-80.0164,-79.9255,-79.8653,-79.8337,-79.8284,-79.8473,-79.8880,-79.9487,-80.0275,-80.1228,-80.2325,-80.3262,-80.3864,-80.4340,-80.4826,-80.5352,-80.5673,-80.5765,-80.5774,-80.5635,-80.5382,-80.5099,-80.4785,-80.4274,-80.3590,-80.2868,-80.2218,-80.0897,-79.7943,-79.4596,-79.1561,-78.9046,-78.7080,-78.5630,-78.4648,-78.4052,-78.3057,-78.1381,-77.9593,-77.7940,-77.6527,-77.5400,-77.4576,-77.4056,-77.3829,-77.3882,-77.4198,-77.4760,-77.5549,-77.6548,-77.7740,-77.9108,-78.0637,-78.2312,-78.4118,-78.6043,-78.7829,-78.8034,-78.7367,-78.6252,-78.4831,-78.3492,-78.2429,-78.1701,-78.1315,-78.1256,-78.1499,-78.2018,-78.2779,-78.3636,-78.4470,-78.5271,-78.6069,-78.6909,-78.7835,-78.8874,-79.0024,-79.1111,-79.1672,-79.0165,-78.7916,-78.5634,-78.3610,-78.1956,-78.0695,-77.9696,-77.8418,-77.6824,-77.5207,-77.3752,-77.2550,-77.1639,-77.1030,-77.0720,-77.0695,-77.0921,-77.1113,-77.1211,-77.1344,-77.1593,-77.1999,-77.2512,-77.2483,-77.0656,-76.8191,-76.5869,-76.3923,-76.2406,-76.1316,-76.0631,-76.0320,-76.0353,-76.0687,-76.0553,-75.9219,-75.7032,-75.4363,-75.1432,-74.8324,-74.5198,-74.2236,-73.9569,-73.7268,-73.5365,-73.3851,-73.2586,-73.1475,-73.0540,-72.9822,-72.9353,-72.9150,-72.9214,-72.9536,-72.9839,-72.9759,-72.9421,-72.8915,-72.8312,-72.7736,-72.7296,-72.7059,-72.7058,-72.7303,-72.7786,-72.8494,-72.9413,-73.0528,-73.1829,-73.3306,-73.4746,-73.5440,-73.5857,-73.6152,-73.6470,-73.6933,-73.7613,-73.8547,-73.9682,-74.0823,-74.1763,-74.2507,-74.3135,-74.2911,-74.1830,-74.0697,-73.9779,-73.8943,-73.7847,-73.6527,-73.5159,-73.3735,-73.2347,-73.1140,-73.0182,-72.8826,-72.7456,-72.6441,-72.5851,-72.5555,-72.5194,-72.4795,-72.4531,-72.4520,-72.4810,-72.5411,-72.6308,-72.7476,-72.8888,-73.0519,-73.2182,-73.3631,-73.5037,-73.6511,-73.8103,-73.9836,-74.1706,-74.3548,-74.5251,-74.6894,-74.8118,-74.8827,-74.9464,-75.0262,-75.1199,-75.2021,-75.2303,-75.2378,-75.2516,-75.2827,-75.3347,-75.4065,-75.4698,-75.4795,-75.4231,-75.3086,-75.1758,-75.0555,-74.9639,-74.9067,-74.8785,-74.8600,-74.8496,-74.8529,-74.8739,-74.9120,-74.9233,-74.9166,-74.9178,-74.9245,-74.9139,-74.9023,-74.9023,-74.9202,-74.9587,-75.0186,-75.0995,-75.1888,-75.2469,-75.3001,-75.3641,-75.4440,-75.5415,-75.6568,-75.7831,-75.8715,-75.9309,-75.9939,-76.0760,-76.1815,-76.3035,-76.2559,-76.1520,-76.0722,-76.0209,-75.9220,-75.8251,-75.7614,-75.7367,-75.7491,-75.7796,-75.8038,-75.7594,-75.6898,-75.6374,-75.6103,-75.5594,-75.4892,-75.4327,-75.4056,-75.4123,-75.4518,-75.5130,-75.5334,-75.4858,-75.3797,-75.2436,-75.1059,-74.9853,-74.8299,-74.6036,-74.3785,-74.1862,-74.0368,-73.9319,-73.8624,-73.7994,-73.7355,-73.6640,-73.5913,-73.5281,-73.4821,-73.4583,-73.4591,-73.4852,-73.5364,-73.6119,-73.7104,-73.8186,-73.9067,-73.9877,-74.0758,-74.1783,-74.2981,-74.4334,-74.5701,-74.6994,-74.8220,-74.9421,-75.0643,-75.1927,-75.3304,-75.4790,-75.6386,-75.8087,-75.9882,-76.1758,-76.3704,-76.5710,-76.7767,-76.9869,-77.2010,-77.4184,-77.6388,-77.8450,-78.0147,-78.1233,-78.1247,-78.0377,-77.8751,-77.6814,-77.4738,-77.2749,-77.0714,-76.8694,-76.6494,-76.3188,-75.9773,-75.6762,-75.4284,-75.2301,-75.0538,-74.8952,-74.7626,-74.6610,-74.5534,-74.4321,-74.3237,-74.1339,-73.7957,-73.4199,-73.0451,-72.6848,-72.3611,-72.0825,-71.8158,-71.5115,-71.1977,-70.8847,-70.5896,-70.3149,-70.0611,-69.8362,-69.6470,-69.4971,-69.3878,-69.3188,-69.2883,-69.2944,-69.3346,-69.4067,-69.5082,-69.6371,-69.7912,-69.9669,-70.1310,-70.2585,-70.3512,-70.4101,-70.4503,-70.4848,-70.5130,-70.4722,-70.3382,-70.1763,-70.0119,-69.8613,-69.7362,-69.6434,-69.5855,-69.5624,-69.5636,-69.5694,-69.5808,-69.6051,-69.6461,-69.6534,-69.5693,-69.4407,-69.2994,-69.1645,-69.0346,-68.9090,-68.7342,-68.4824,-68.2310,-67.9979,-67.7477,-67.4694,-67.1911,-66.9329,-66.6624,-66.2747,-65.8434,-65.4376,-65.0849,-64.7953,-64.5532,-64.3233,-64.1251,-63.9513,-63.8017,-63.6837,-63.6020,-63.5293,-63.4477,-63.3665,-63.3031,-63.2710,-63.2781,-63.3284,-63.4230,-63.5614,-63.7417,-63.9616,-64.2180,-64.4940,-64.7633,-65.0258,-65.2826,-65.5126,-65.7054,-65.8675,-66.0264,-66.2013,-66.4007,-66.6257,-66.8737,-67.1315,-67.3651,-67.5837,-67.7870,-67.9651,-68.1238,-68.2748,-68.3793,-68.4059,-68.4046,-68.3798,-68.3577,-68.3593,-68.3945,-68.4658,-68.5727,-68.7127,-68.8830,-69.0805,-69.3019,-69.5442,-69.8047,-70.0749,-70.3301,-70.5392,-70.6841,-70.7740,-70.8319,-70.8806,-70.9357,-71.0060,-71.0861,-71.1059,-71.0948,-71.0850,-71.0894,-71.1140,-71.1609,-71.2306,-71.3225,-71.4355,-71.5684,-71.7155,-71.8407,-71.9450,-72.0449,-72.1507,-72.2682,-72.3996,-72.5458,-72.7067,-72.8818,-73.0681,-73.2465,-73.4050,-73.5483,-73.6667,-73.7152,-73.7243,-73.7083,-73.6748,-73.6366,-73.6045,-73.5858,-73.5846,-73.6028,-73.6413,-73.6999,-73.7782,-73.8753,-73.9902,-74.1218,-74.2691,-74.4312,-74.6069,-74.7952,-74.9827,-75.1489,-75.3015,-75.4435,-75.5685,-75.6747,-75.7341,-75.7543,-75.7437,-75.7179,-75.6781,-75.6203,-75.5538,-75.4889,-75.4334,-75.3922,-75.3683,-75.3574,-75.3421,-75.3220,-75.3053,-75.2992,-75.3085,-75.3358,-75.3823,-75.4335,-75.4527,-75.4499,-75.4092,-75.3343,-75.2628,-75.1857,-75.0850,-74.9968,-74.9427,-74.9283,-74.9521,-75.0104,-75.0989,-75.2135,-75.3507,-75.5016,-75.5741,-75.5932,-75.6250,-75.6877,-75.7811,-75.9011,-76.0433,-76.2042,-76.3809,-76.5709,-76.7721,-76.9830,-77.2019,-77.4277,-77.6590,-77.8948,-78.0885,-78.2191,-78.3403,-78.4696,-78.5989,-78.6730,-78.6707,-78.6491,-78.6193,-78.5772,-78.5302,-78.4874,-78.4551,-78.4372,-78.4353,-78.4405,-78.4382,-78.4321,-78.4307,-78.4405,-78.4649,-78.5048,-78.5453,-78.5726,-78.5916,-78.6119,-78.6410,-78.6835,-78.7414,-78.8154,-78.7994,-78.6669,-78.5216,-78.4016,-78.3170,-78.2683,-78.2531,-78.2680,-78.3097,-78.3747,-78.4268,-78.3730,-78.2780,-78.1830,-78.0912,-77.9984,-77.8985,-77.7962,-77.7008,-77.6207,-77.5485,-77.4564,-77.3297,-77.1256,-76.9127,-76.7247,-76.5714,-76.4536,-76.3693,-76.3155,-76.2891,-76.2875,-76.3083,-76.3496,-76.4098,-76.4875,-76.5815,-76.6902,-76.7893,-76.8648,-76.9314,-77.0006,-77.0796,-77.1720,-77.2794,-77.4023,-77.5407,-77.6939,-77.8610,-78.0411,-78.2331,-78.4356,-78.6476,-78.8677,-79.0947,-79.3272,-79.5564,-79.7585,-79.9283,-80.0635,-80.1728,-80.2688,-80.3612,-80.4399,-80.4798,-80.4975,-80.4762,-80.4418,-80.4115,-80.3923,-80.3873,-80.3976,-80.4233,-80.4642,-80.5196,-80.5889,-80.6711,-80.7652,-80.8705,-80.9858,-81.1103,-81.2429,-81.3828,-81.5291,-81.6809,-81.8374,-81.9685,-81.9725,-81.9428,-81.9148,-81.8896,-81.8777,-81.8840,-81.9092,-81.9522,-82.0111,-82.0101,-81.9267,-81.8500,-81.8020,-81.7851,-81.7966,-81.8325,-81.8892,-81.9304,-81.9001,-81.8332,-81.7614,-81.7003,-81.6563,-81.6318,-81.6267,-81.6405,-81.6719,-81.7196,-81.7820,-81.8579,-81.9459,-82.0446,-82.1528,-82.2694,-82.3932,-82.5233,-82.6587,-82.7985,-82.9410,-83.0506,-83.1244,-83.1853,-83.2435,-83.3040,-83.3183,-83.2391,-83.1272,-83.0232,-82.9406,-82.8823,-82.8473,-82.8335,-82.8387,-82.8605,-82.8973,-82.9472,-83.0089,-83.0810,-83.1623,-83.2518,-83.3485,-83.4514,-83.5591,-83.6404,-83.6870,-83.7219,-83.7567,-83.7880,-83.7417,-83.6621,-83.5848,-83.5107,-83.4198,-83.3156,-83.1999,-83.0807,-82.9667,-82.8640,-82.7686,-82.6540,-82.5304,-82.4130,-82.3102,-82.2261,-82.1614,-82.1060,-82.0244,-81.8944,-81.7577,-81.6332,-81.5285,-81.4470,-81.3893,-81.3549,-81.3370,-81.3171,-81.2935,-81.2740,-81.2653,-81.2708,-81.2922,-81.3297,-81.3829,-81.4508,-81.5324,-81.6265,-81.7319,-81.8473,-81.9718,-82.1040,-82.2431,-82.3879,-82.5377,-82.6914,-82.8484,-83.0077,-83.1689,-83.3311,-83.4939,-83.6566,-83.8188,-83.9800,-84.1399,-84.2980,-84.4541,-84.6078,-84.7589,-84.9072,-85.0525,-85.1947,-85.3336,-85.4691,-85.6011,-85.7297,-85.8546,-85.9760,-86.0938,-86.2080,-86.3187,-86.4259,-86.5296,-86.6248,-86.6801,-86.7031,-86.7102,-86.7004,-86.6466,-86.5705,-86.4914,-86.4182,-86.3553,-86.3047,-86.2670,-86.2422,-86.2297,-86.2287,-86.2252,-86.1733,-86.0991,-86.0281,-85.9719,-85.9339,-85.9141,-85.9110,-85.9226,-85.9470,-85.9823,-86.0269,-86.0720,-86.0996,-86.1118,-86.1177,-86.1238,-86.1342,-86.1509,-86.1749,-86.2062,-86.2446,-86.2887,-86.3232,-86.3386,-86.3408,-86.3371,-86.3332,-86.3329,-86.3384,-86.3509,-86.3708,-86.3981,-86.4324,-86.4734,-86.5204,-86.5727,-86.6298,-86.6910,-86.7497,-86.7801,-86.7858,-86.7804,-86.7728,-86.7681,-86.7690,-86.7765,-86.7910,-86.8125,-86.8404,-86.8744,-86.9138,-86.9580,-87.0064,-87.0585,-87.1137,-87.1714,-87.2313,-87.2928,-87.3556,-87.4193,-87.4836,-87.5481,-87.6127,-87.6770,-87.7410,-87.8043,-87.8668,-87.9285,-87.9891,-88.0487,-88.1070,-88.1641,-88.2198,-88.2743,-88.3273,-88.3789,-88.4291,-88.4780,-88.5254,-88.5714,-88.6075,-88.6109,-88.5877,-88.5523,-88.5141,-88.4781,-88.4469,-88.4218,-88.4032,-88.3911,-88.3854,-88.3855,-88.3910,-88.4014,-88.4163,-88.4350,-88.4572,-88.4823,-88.5099,-88.5397,-88.5712,-88.6042,-88.6384,-88.6734,-88.7090,-88.7451,-88.7814,-88.8177,-88.8540,-88.8901,-88.9242,-88.9285,-88.8971,-88.8497,-88.8002,-88.7557,-88.7192,-88.6916,-88.6726,-88.6617,-88.6580,-88.6608,-88.6693,-88.6827,-88.7005,-88.7219,-88.7465,-88.7738,-88.8033,-88.8345,-88.8577,-88.8558,-88.8189,-88.7258,-88.6106,-88.4963,-88.3779,-88.2514,-88.1245,-88.0046,-87.8966,-87.8034,-87.7262,-87.6651,-87.6197,-87.5890,-87.5719,-87.5673,-87.5739,-87.5905,-87.6160,-87.6493,-87.6893,-87.7352,-87.7859,-87.8408,-87.8991,-87.9602,-88.0234,-88.0882,-88.1542,-88.2209,-88.2878,-88.3548,-88.4215,-88.4876,-88.5529,-88.6172,-88.6804,-88.7423,-88.8028,-88.8619,-88.9194,-88.9686,-88.9574,-88.9162,-88.8729,-88.8369,-88.8105,-88.7937,-88.7855,-88.7848,-88.7907,-88.8023,-88.8186,-88.6421,-88.3080,-87.9947,-87.7423,-87.5520,-87.4158,-87.3243,-87.2691,-87.2430,-87.2405,-87.2570,-87.2887,-87.3328,-87.3869,-87.4111,-87.3946,-87.3719,-87.3548,-87.3478,-87.3519,-87.3671,-87.3930,-87.4285,-87.4725,-87.5242,-87.5823,-87.6459,-87.7140,-87.7858,-87.8604,-87.9022,-87.8139,-87.6736,-87.5317,-87.3958,-87.2496,-87.0984,-86.9533,-86.8218,-86.7086,-86.6157,-86.5435,-86.4913,-86.4213,-86.3228,-86.2287,-86.1502,-86.0835,-86.0235,-85.9729,-85.9352,-85.9122,-85.9042,-85.9109,-85.9313,-85.9644,-86.0091,-86.0641,-86.1284,-86.2008,-86.2683,-86.3082,-86.3316,-86.3505,-86.3721,-86.4003,-86.4369,-86.4824,-86.5366,-86.5988,-86.6209,-86.5286,-86.4481,-86.4015,-86.3862,-86.3966,-86.4276,-86.4750,-86.5354,-86.6063,-86.6855,-86.7713,-86.8624,-86.9574,-87.0553,-87.1553,-87.2566,-87.3586,-87.4606,-87.5619,-87.6494,-87.7091,-87.7487,-87.7778,-87.8031,-87.8285,-87.8561,-87.8870,-87.9217,-87.9602,-88.0024,-88.0481,-88.0968,-88.1481,-88.2017,-88.2571,-88.3140,-88.3719,-88.4306,-88.4897,-88.5489,-88.6081,-88.6669,-88.7251,-88.7826,-88.8002,-88.6442,-88.4950,-88.3880,-88.3202,-88.2837,-88.2711,-88.2766,-88.2957,-88.3250,-88.3623,-88.3938,-88.3368,-88.2561,-88.1858,-88.1324,-88.0913,-88.0580,-88.0314,-88.0118,-87.9997,-87.9952,-87.9982,-88.0082,-88.0248,-88.0474,-88.0756,-88.1087,-88.1461,-88.1875,-88.2322,-88.2798,-88.3298,-88.3819,-88.4356,-88.4906,-88.5466,-88.6016,-88.6276,-88.6184,-88.5610,-88.4267,-88.2388,-88.0130,-87.7762,-87.5495,-87.3451,-87.1692,-87.0238,-86.9086,-86.8219,-86.7616,-86.7251,-86.7099,-86.7135,-86.7320,-86.7193,-86.6635,-86.5889,-86.5028,-86.4178,-86.3437,-86.2861,-86.2470,-86.2267,-86.2245,-86.2390,-86.2688,-86.3120,-86.3671,-86.4324,-86.5067,-86.5884,-86.6755,-86.7554,-86.8176,-86.8651,-86.9047,-86.9424,-86.9820,-87.0258,-87.0750,-87.1297,-87.1900,-87.2527,-87.2736,-87.2661,-87.2563,-87.2510,-87.2293,-87.1896,-87.1463,-87.1080,-87.0792,-87.0619,-87.0569,-87.0639,-87.0823,-87.1114,-87.1502,-87.1975,-87.2524,-87.3138,-87.3808,-87.4524,-87.5279,-87.5798,-87.5854,-87.5783,-87.5672,-87.5271,-87.4689,-87.4101,-87.3596,-87.3210,-87.2956,-87.2750,-87.2326,-87.1510,-87.0456,-86.9357,-86.8344,-86.7490,-86.6829,-86.6370,-86.6107,-86.6028,-86.6116,-86.6355,-86.6726,-86.7212,-86.7799,-86.8470,-86.9214,-87.0017,-87.0869,-87.1760,-87.2680,-87.3622,-87.4579,-87.4485,-87.3259,-87.2328,-87.1823,-87.1683,-87.1828,-87.2186,-87.2704,-87.3340,-87.4062,-87.4849,-87.5681,-87.6545,-87.7430,-87.8326,-87.9228,-88.0129,-88.0996,-88.1580,-88.1691,-88.1393,-88.0899,-88.0355,-87.9840,-87.9397,-87.9048,-87.8801,-87.8659,-87.8617,-87.8669,-87.8809,-87.9028,-87.9319,-87.9673,-88.0082,-88.0539,-88.1037,-88.1569,-88.1571,-88.0884,-88.0201,-87.9689,-87.9371,-87.9183,-87.8955,-87.8588,-87.8018,-87.7305,-87.6554,-87.5849,-87.5245,-87.4770,-87.4113,-87.2969,-87.1732,-87.0635,-86.9773,-86.9161,-86.8582,-86.7905,-86.7174,-86.6297,-86.5336,-86.4408,-86.3600,-86.2961,-86.2515,-86.2265,-86.2203,-86.2317,-86.2582,-86.2805,-86.2798,-86.2394,-86.1765,-86.1118,-86.0563,-86.0153,-85.9279,-85.7650,-85.6140,-85.5022,-85.4301,-85.3848,-85.3411,-85.2964,-85.2583,-85.2335,-85.2256,-85.2360,-85.2645,-85.3099,-85.3706,-85.4449,-85.5309,-85.6270,-85.7313,-85.8398,-85.9227,-85.9795,-86.0256,-86.0702,-86.1181,-86.1717,-86.2319,-86.2989,-86.3724,-86.4517,-86.5147,-86.5475,-86.5683,-86.5884,-86.6131,-86.6447,-86.6839,-86.7309,-86.7851,-86.8404,-86.8777,-86.9001,-86.9009,-86.8658,-86.8119,-86.7525,-86.6959,-86.6470,-86.6086,-86.5822,-86.5657,-86.5356,-86.4932,-86.4498,-86.4122,-86.3844,-86.3683,-86.3648,-86.3737,-86.3947,-86.4269,-86.4695,-86.5211,-86.5605,-86.5748,-86.4750,-86.3131,-86.1682,-86.0574,-85.9815,-85.9370,-85.9192,-85.9241,-85.9479,-85.9875,-86.0403,-86.0537,-85.9908,-85.9252,-85.8802,-85.8608,-85.8659,-85.8924,-85.9367,-85.9958,-86.0669,-86.1476,-86.2346,-86.3060,-86.3541,-86.3718,-86.3565,-86.3211,-86.2787,-86.2373,-86.1694,-86.0389,-85.8832,-85.7288,-85.5891,-85.4707,-85.3761,-85.3059,-85.2594,-85.2351,-85.2313,-85.2457,-85.2364,-85.2021,-85.1706,-85.1511,-85.1466,-85.1577,-85.1840,-85.2244,-85.2779,-85.3431,-85.4187,-85.5034,-85.5959,-85.6950,-85.7997,-85.9090,-86.0217,-86.1372,-86.2546,-86.3731,-86.4922,-86.6113,-86.7299,-86.8474,-86.9636,-87.0780,-87.1905,-87.3007,-87.4084,-87.5135,-87.6158,-87.7153,-87.8118,-87.9053,-87.9957,-88.0832,-88.1675,-88.2489,-88.3273,-88.4028,-88.4753,-88.5450,-88.6120,-88.6763,-88.7380,-88.7971,-88.8538,-88.9082,-88.9602,-89.0101,-89.0510,-89.0573,-89.0369,-89.0037,-88.9668,-88.9314,-88.8991,-88.8509,-88.7842,-88.7114,-88.4393,-88.1077,-87.8418,-87.6430,-87.4972,-87.3874,-87.3017,-87.2307,-87.1696,-87.1180,-87.0764,-87.0451,-87.0241,-87.0132,-87.0119,-87.0121,-86.8547,-86.6701,-86.5270,-86.4280,-86.3665,-86.3352,-86.3282,-86.3408,-86.3693,-86.4108,-86.4630,-86.5242,-86.5911,-86.6349,-86.6485,-86.6503,-86.6535,-86.6646,-86.6859,-86.7179,-86.7598,-86.8106,-86.8692,-86.9346,-87.0056,-87.0812,-87.1590,-87.2214,-87.2619,-87.2891,-87.3114,-87.3344,-87.3609,-87.3925,-87.4297,-87.4725,-87.5204,-87.5728,-87.5899,-87.5504,-87.4935,-87.4417,-87.4044,-87.3843,-87.3811,-87.3910,-87.3642,-87.2983,-87.2270,-87.1678,-87.1273,-87.1066,-87.1048,-87.1196,-87.1490,-87.1904,-87.2420,-87.3018,-87.3683,-87.4400,-87.5159,-87.5948,-87.6759,-87.7586,-87.8107,-87.6833,-87.5568,-87.4722,-87.4275,-87.4147,-87.4264,-87.4564,-87.5002,-87.5542,-87.6160,-87.6834,-87.7549,-87.8295,-87.9060,-87.9838,-88.0582,-88.0995,-88.0806,-88.0143,-87.9286,-87.8282,-87.7113,-87.5894,-87.4738,-87.3721,-87.2881,-87.2232,-87.1776,-87.1503,-87.1197,-87.0459,-86.9693,-86.9088,-86.8651,-86.8188,-86.7689,-86.7227,-86.6859,-86.6619,-86.6519,-86.6561,-86.6739,-86.7042,-86.7405,-86.7669,-86.7810,-86.7899,-86.8000,-86.8006,-86.7512,-86.6815,-86.6169,-86.5687,-86.5403,-86.5317,-86.5376,-86.4873,-86.3708,-86.2355,-86.0878,-85.9368,-85.7963,-85.6765,-85.5826,-85.5161,-85.4763,-85.4614,-85.4690,-85.4867,-85.4967,-85.5027,-85.5115,-85.5254,-85.5418,-85.5613,-85.5861,-85.6180,-85.6580,-85.6940,-85.6923,-85.6678,-85.6414,-85.6231,-85.6164,-85.6221,-85.6396,-85.6681,-85.7066,-85.7543,-85.8101,-85.8733,-85.9431,-86.0188,-86.0997,-86.1851,-86.2746,-86.3675,-86.4633,-86.5616,-86.6620,-86.7629,-86.8209,-86.8424,-86.8587,-86.8809,-86.9121,-86.9523,-87.0008,-87.0565,-87.1182,-87.1851,-87.2561,-87.3307,-87.4080,-87.4874,-87.5685,-87.6508,-87.7337,-87.8168,-87.9000,-87.9827,-88.0647,-88.1457,-88.2256,-88.3041,-88.3811,-88.4546,-88.4956,-88.4949,-88.4385,-88.3002,-88.1524,-88.0217,-87.9153,-87.8338,-87.7756,-87.7382,-87.7187,-87.7149,-87.7244,-87.7452,-87.7757,-87.8031,-87.7620,-87.6998,-87.6458,-87.6071,-87.5846,-87.5772,-87.5834,-87.6014,-87.6298,-87.6671,-87.7120,-87.7631,-87.8196,-87.8804,-87.9447,-88.0116,-88.0806,-88.1510,-88.2223,-88.2941,-88.3631,-88.4069,-88.4046,-88.3594,-88.2884,-88.1919,-88.0740,-87.9494,-87.8304,-87.7247,-87.6364,-87.5669,-87.5000,-87.4218,-87.3432,-87.2730,-87.2160,-87.1742,-87.1481,-87.1373,-87.1408,-87.1573,-87.1855,-87.2242,-87.2720,-87.3277,-87.3901,-87.4428,-87.4128,-87.2594,-87.0606,-86.8666,-86.6975,-86.5599,-86.4545,-86.3797,-86.3326,-86.2600,-86.1537,-86.0586,-85.9877,-85.9421,-85.9092,-85.8792,-85.8534,-85.8364,-85.8320,-85.8421,-85.8671,-85.9067,-85.9598,-86.0252,-86.0878,-86.1053,-86.0980,-86.0820,-86.0680,-86.0623,-86.0678,-86.0854,-86.1150,-86.1561,-86.2078,-86.2691,-86.3389,-86.4164,-86.5004,-86.5901,-86.6845,-86.7829,-86.8843,-86.9882,-87.0938,-87.2005,-87.3079,-87.4140,-87.3923,-87.3244,-87.2800,-87.2640,-87.2722,-87.2952,-87.2917,-87.2524,-87.1934,-87.1291,-87.0696,-87.0208,-86.9856,-86.9653,-86.9599,-86.9687,-86.9907,-87.0246,-87.0690,-87.1228,-87.1845,-87.2531,-87.3269,-87.3954,-87.4464,-87.4752,-87.4686,-87.4357,-87.3922,-87.3495,-87.3142,-87.2894,-87.2763,-87.2570,-87.1579,-87.0486,-86.9582,-86.8926,-86.8513,-86.8320,-86.8323,-86.8495,-86.8811,-86.9126,-86.9255,-86.9233,-86.9162,-86.9120,-86.9155,-86.9290,-86.9532,-86.9881,-87.0329,-87.0865,-87.1479,-87.2160,-87.2897,-87.3679,-87.4498,-87.5345,-87.6212,-87.7093,-87.7982,-87.8873,-87.9762,-88.0646,-88.1519,-88.2380,-88.3226,-88.4055,-88.4865,-88.5655,-88.6423,-88.7053,-88.6467,-88.5546,-88.4750,-88.4175,-88.3821,-88.3661,-88.3662,-88.3793,-88.4029,-88.4348,-88.4732,-88.5168,-88.5643,-88.6142,-88.6438,-88.6385,-88.6175,-88.5955,-88.5791,-88.5662,-88.5365,-88.4891,-88.4164,-88.3109,-88.1915,-88.0675,-87.8929,-87.6914,-87.4988,-87.3311,-87.1741,-87.0011,-86.8207,-86.6289,-86.3631,-86.0993,-85.8701,-85.6829,-85.5373,-85.4304,-85.3586,-85.3181,-85.3053,-85.3168,-85.3495,-85.4005,-85.4674,-85.5478,-85.6396,-85.7411,-85.8506,-85.9665,-86.0877,-86.2127,-86.3407,-86.4707,-86.6018,-86.7307,-86.8462,-86.9474,-87.0395,-87.1268,-87.2116,-87.2954,-87.3786,-87.4616,-87.5445,-87.6272,-87.7064,-87.7647,-87.7979,-87.8057,-87.7722,-87.7148,-87.6498,-87.5872,-87.5327,-87.4894,-87.4588,-87.4410,-87.4359,-87.4427,-87.4604,-87.4881,-87.5246,-87.5688,-87.6134,-87.6395,-87.6474,-87.6468,-87.6458,-87.6486,-87.6534,-87.6577,-87.6621,-87.6021,-87.4550,-87.3123,-87.1960,-87.1097,-87.0514,-87.0179,-87.0056,-87.0112,-87.0320,-87.0656,-87.1025,-87.1080,-87.0887,-87.0656,-87.0500,-87.0458,-87.0539,-87.0739,-87.1047,-87.1451,-87.1941,-87.2506,-87.3081,-87.3444,-87.3404,-87.2986,-87.2381,-87.1735,-87.1138,-87.0638,-87.0140,-86.9265,-86.8267,-86.7343,-86.6572,-86.5986,-86.5589,-86.5376,-86.5334,-86.5447,-86.5702,-86.6081,-86.6570,-86.7155,-86.7821,-86.8557,-86.9351,-87.0193,-87.1072,-87.1982,-87.2913,-87.3836,-87.4556,-87.5010,-87.5117,-87.4854,-87.4416,-87.3942,-87.3512,-87.3172,-87.2940,-87.2824,-87.2823,-87.2932,-87.3142,-87.3445,-87.3831,-87.3929,-87.2892,-87.1769,-87.0907,-86.9972,-86.8451,-86.6793,-86.5274,-86.4001,-86.3004,-86.2247,-86.1465,-86.0558,-85.9661,-85.8909,-85.8376,-85.8072,-85.7940,-85.7924,-85.7897,-85.7765,-85.7561,-85.7347,-85.7178,-85.7092,-85.7109,-85.7237,-85.7433,-85.7428,-85.7251,-85.7072,-85.6988,-85.7032,-85.7212,-85.7521,-85.7949,-85.8484,-85.9116,-85.9832,-86.0622,-86.1476,-86.1767,-86.1476,-86.1162,-86.0988,-86.0838,-86.0582,-86.0281,-86.0030,-85.9892,-85.9901,-86.0065,-86.0377,-86.0827,-86.1398,-86.2074,-86.2840,-86.3681,-86.3948,-86.3147,-86.2505,-86.2170,-86.1931,-86.1683,-86.1464,-86.1325,-86.1299,-86.1403,-86.1639,-86.2004,-86.2487,-86.3076,-86.3759,-86.4522,-86.5353,-86.6241,-86.7176,-86.8147,-86.9146,-87.0164,-87.1196,-87.2235,-87.3274,-87.4310,-87.5338,-87.6355,-87.7356,-87.8339,-87.9303,-88.0245,-88.1163,-88.2057,-88.2924,-88.3766,-88.4581,-88.5368,-88.6129,-88.6862,-88.7568,-88.8247,-88.8901,-88.9528,-89.0131,-89.0709,-89.1263,-89.1793,-89.2302,-89.2789,-89.3254,-89.3700,-89.4127,-89.4534,-89.4717,-89.4285,-89.3669,-89.3077,-89.2572,-89.2167,-89.1857,-89.1633,-89.1483,-89.1399,-89.1372,-89.1394,-89.1460,-89.1564,-89.1701,-89.1866,-89.2056,-89.2268,-89.2417,-89.2271,-89.1905,-89.1438,-89.0785,-88.9927,-88.8979,-88.8044,-88.7191,-88.6451,-88.5840,-88.5359,-88.5004,-88.4766,-88.4637,-88.4606,-88.4662,-88.4796,-88.4998,-88.5260,-88.5572,-88.5928,-88.6092,-88.5871,-88.5503,-88.5126,-88.4803,-88.4561,-88.4411,-88.4353,-88.4384,-88.4498,-88.4686,-88.4940,-88.5253,-88.5614,-88.6018,-88.6457,-88.6925,-88.7415,-88.7923,-88.8443,-88.8973,-88.9506,-89.0042,-89.0576,-89.1107,-89.1632,-89.2149,-89.2657,-89.3155,-89.3638,-89.3798,-89.3557,-89.3189,-89.2825,-89.2515,-89.2271,-89.2095,-89.1982,-89.1926,-89.1921,-89.1961,-89.2041,-89.2158,-89.2306,-89.2483,-89.2684,-89.2906,-89.3148,-89.3405,-89.3560,-89.3240,-89.2694,-89.2105,-89.1552,-89.1074,-89.0687,-89.0395,-89.0196,-89.0085,-89.0055,-89.0097,-89.0204,-89.0367,-89.0579,-89.0833,-89.1123,-89.1442,-89.1784,-89.2146,-89.2523,-89.2911,-89.3307,-89.3708,-89.4110,-89.4513,-89.4914,-89.5310,-89.5702,-89.6082,-89.6401,-89.6620,-89.6744,-89.6798,-89.6808,-89.6792,-89.6764,-89.6735,-89.6711,-89.6698,-89.6698,-89.6714,-89.6748,-89.6798,-89.6867,-89.6952,-89.7054,-89.7153,-89.6890,-89.5938,-89.4487,-89.2827,-89.1024,-88.9186,-88.7435,-88.5855,-88.4486,-88.3341,-88.2417,-88.1703,-88.1182,-88.0837,-88.0650,-88.0604,-88.0682,-88.0869,-88.1150,-88.1513,-88.1946,-88.2439,-88.2980,-88.3562,-88.4176,-88.4816,-88.5474,-88.6146,-88.6826,-88.7509,-88.8193,-88.8872,-88.9395,-88.9416,-88.9095,-88.8679,-88.8312,-88.8054,-88.7917,-88.7678,-88.7215,-88.6683,-88.6185,-88.5771,-88.5462,-88.5266,-88.5180,-88.5198,-88.5309,-88.5504,-88.5772,-88.6105,-88.6491,-88.6923,-88.7393,-88.7893,-88.8417,-88.8959,-88.9514,-89.0077,-89.0646,-89.1215,-89.1782,-89.2345,-89.2901,-89.3449,-89.3986,-89.4512,-89.4985,-89.5197,-89.4942,-89.3770,-89.1876,-88.9478,-88.6745,-88.3949,-88.1233,-87.8503,-87.5864,-87.3441,-87.1307,-86.9492,-86.8004,-86.6833,-86.5961,-86.5364,-86.5017,-86.4895,-86.4973,-86.5228,-86.5638,-86.6184,-86.6846,-86.7608,-86.8454,-86.9371,-87.0345,-87.1364,-87.2418,-87.3498,-87.4512,-87.5185,-87.5610,-87.5891,-87.5982,-87.5921,-87.5794,-87.5671,-87.5601,-87.5608,-87.5704,-87.5893,-87.6170,-87.6530,-87.6964,-87.7463,-87.7677,-87.7262,-87.6752,-87.6344,-87.6089,-87.5995,-87.6052,-87.6245,-87.6556,-87.6969,-87.7470,-87.8044,-87.8679,-87.9364,-88.0089,-88.0844,-88.1622,-88.2416,-88.3220,-88.4028,-88.4804,-88.5270,-88.5475,-88.5594,-88.5715,-88.5874,-88.6081,-88.6334,-88.6630,-88.6964,-88.7329,-88.7722,-88.8139,-88.8574,-88.9025,-88.9489,-88.9882,-88.9700,-88.9252,-88.8776,-88.8355,-88.8021,-88.7786,-88.7651,-88.7610,-88.7656,-88.7782,-88.7977,-88.8141,-88.7633,-88.6775,-88.5935,-88.5258,-88.4781,-88.4499,-88.4387,-88.4422,-88.4577,-88.4834,-88.5173,-88.5541,-88.5709,-88.5553,-88.3948,-88.0924,-87.8164,-87.5894,-87.4107,-87.2749,-87.1762,-87.1093,-87.0698,-87.0537,-87.0576,-87.0787,-87.1144,-87.1624,-87.2156,-87.2643,-87.3073,-87.3473,-87.3847,-87.3937,-87.3746,-87.3480,-87.3268,-87.3166,-87.3190,-87.3340,-87.3607,-87.3980,-87.4448,-87.4997,-87.5593,-87.5272,-87.4139,-87.2849,-87.1690,-87.0771,-87.0117,-86.9717,-86.9549,-86.9585,-86.9796,-87.0159,-87.0651,-87.1252,-87.1944,-87.2713,-87.3543,-87.4424,-87.5344,-87.6294,-87.7262,-87.8173,-87.8911,-87.9475,-87.9924,-88.0318,-88.0701,-88.1101,-88.1525,-88.1843,-88.1953,-88.1913,-88.1800,-88.1673,-88.1574,-88.1528,-88.1548,-88.1640,-88.1806,-88.2042,-88.2345,-88.2663,-88.2779,-88.2697,-88.2526,-88.2169,-87.9563,-87.6353,-87.3481,-87.1160,-86.9386,-86.8096,-86.7219,-86.6688,-86.6449,-86.6453,-86.6661,-86.7039,-86.7560,-86.8199,-86.8935,-86.9677,-87.0247,-87.0580,-87.0544,-87.0095,-86.9390,-86.8590,-86.7809,-86.7118,-86.6557,-86.6146,-86.5890,-86.5788,-86.5835,-86.6019,-86.6331,-86.6759,-86.7290,-86.7913,-86.8616,-86.9388,-87.0220,-87.1102,-87.2023,-87.2977,-87.3955,-87.4950,-87.5955,-87.6857,-87.7399,-87.7612,-87.7547,-87.7242,-87.6830,-87.6429,-87.6111,-87.5565,-87.3664,-87.1120,-86.8723,-86.6735,-86.4119,-86.1472,-85.9297,-85.7644,-85.6058,-85.4522,-85.3264,-85.2336,-85.1730,-85.1418,-85.1370,-85.1553,-85.1940,-85.2504,-85.3221,-85.4069,-85.5030,-85.6085,-85.7218,-85.8415,-85.9664,-86.0951,-86.2268,-86.3605,-86.4953,-86.6225,-86.7166,-86.7857,-86.8425,-86.8954,-86.9488,-87.0055,-87.0665,-87.1321,-87.2022,-87.2633,-87.2841,-87.2343,-87.1510,-87.0637,-86.9862,-86.9243,-86.8804,-86.8547,-86.8464,-86.8541,-86.8763,-86.9114,-86.9578,-87.0139,-87.0784,-87.1499,-87.2271,-87.3090,-87.3947,-87.3882,-87.3182,-87.2560,-87.2168,-87.2020,-87.2090,-87.2344,-87.2747,-87.3270,-87.3888,-87.4581,-87.5331,-87.6112,-87.6631,-87.6727,-87.6616,-87.6487,-87.6438,-87.6504,-87.6687,-87.6979,-87.7365,-87.7830,-87.8360,-87.8943,-87.9569,-88.0228,-88.0913,-88.1616,-88.2332,-88.3056,-88.3783,-88.4509,-88.5229,-88.5903,-88.6454,-88.6867,-88.7169,-88.7399,-88.7588,-88.7761,-88.7705,-88.7262,-88.6671,-88.6068,-88.5516,-88.5049,-88.4680,-88.4413,-88.4247,-88.4176,-88.4195,-88.4294,-88.4466,-88.4704,-88.4997,-88.5341,-88.5727,-88.6148,-88.6599,-88.6994,-88.7182,-88.7186,-88.7093,-88.6974,-88.6869,-88.6804,-88.6790,-88.6832,-88.6928,-88.7079,-88.7279,-88.7524,-88.7810,-88.8132,-88.8485,-88.8864,-88.9266,-88.9685,-89.0119,-89.0544,-89.0744,-89.0646,-89.0368,-89.0023,-88.9692,-88.9421,-88.9179,-88.8825,-88.8344,-88.7810,-88.7294,-88.6845,-88.6488,-88.6231,-88.6077,-88.6020,-88.6053,-88.6161,-88.6247,-88.6205,-88.6050,-88.5842,-88.5615,-88.5070,-88.4264,-88.3426,-88.2665,-88.2029,-88.1535,-88.1187,-88.0979,-88.0902,-88.0945,-88.1095,-88.1340,-88.1667,-88.2066,-88.2525,-88.3036,-88.3588,-88.4036,-88.4136,-88.4032,-88.3892,-88.3797,-88.3777,-88.3840,-88.3984,-88.4201,-88.4484,-88.4825,-88.5211,-88.5162,-88.4591,-88.3874,-88.3207,-88.2677,-88.2311,-88.2108,-88.2012,-88.1823,-88.1511,-88.1152,-88.0819,-88.0556,-88.0389,-88.0328,-88.0374,-88.0520,-88.0752,-88.0926,-88.0910,-88.0761,-88.0571,-88.0408,-88.0307,-88.0286,-88.0353,-88.0505,-88.0739,-88.1047,-88.1423,-88.1858,-88.2344,-88.2874,-88.3440,-88.4036,-88.4655,-88.5292,-88.5942,-88.6601,-88.7264,-88.7927,-88.8587,-88.9242,-88.9889,-89.0526,-89.1151,-89.1762,-89.2360,-89.2941,-89.3506,-89.4055,-89.4585,-89.5099,-89.5595,-89.6073,-89.6533,-89.6976,-89.7399,-89.7669,-89.7643,-89.7409,-89.7074,-89.6711,-89.6319,-89.5709,-89.4871,-89.3925,-89.2982,-89.2114,-89.1362,-89.0742,-89.0259,-88.9907,-88.9678,-88.9560,-88.9540,-88.9608,-88.9752,-88.9960,-89.0225,-89.0535,-89.0731,-89.0518,-89.0067,-88.9576,-88.9146,-88.8812,-88.8582,-88.8454,-88.8421,-88.8473,-88.8601,-88.8796,-88.9050,-88.9355,-88.9702,-89.0085,-89.0498,-89.0934,-89.1389,-89.1858,-89.2337,-89.2778,-89.2995,-89.2987,-89.2852,-89.2672,-89.2497,-89.2356,-89.2262,-89.2204,-89.2078,-89.1844,-89.1541,-89.1216,-89.0903,-89.0628,-89.0404,-89.0241,-89.0142,-89.0107,-89.0135,-89.0222,-89.0363,-89.0554,-89.0789,-89.1063,-89.1371,-89.1708,-89.2070,-89.2452,-89.2850,-89.3262,-89.3683,-89.4110,-89.4542,-89.4975,-89.5402,-89.5725,-89.5843,-89.5778,-89.5602,-89.5380,-89.5157,-89.4962,-89.4811,-89.4712,-89.4667,-89.4674,-89.4730,-89.4831,-89.4973,-89.5151,-89.5360,-89.5596,-89.5854,-89.6131,-89.6424,-89.6730,-89.7044,-89.7366,-89.7692,-89.8021,-89.8351,-89.8593,-89.8263,-89.7649,-89.7001,-89.6406,-89.5596,-89.4518,-89.3447,-89.2504,-89.1726,-89.1115,-89.0659,-89.0343,-89.0150,-89.0065,-89.0075,-89.0167,-89.0331,-89.0555,-89.0832,-89.1154,-89.1513,-89.1902,-89.2316,-89.2750,-89.3199,-89.3660,-89.4109,-89.3898,-89.3154,-89.2353,-89.1671,-89.1162,-89.0829,-89.0598,-89.0268,-88.9838,-88.9393,-88.8995,-88.8681,-88.8465,-88.8352,-88.8337,-88.8414,-88.8573,-88.8806,-88.9103,-88.9456,-88.9856,-89.0224,-89.0280,-89.0108,-88.9853,-88.9600,-88.9390,-88.9246,-88.9179,-88.9189,-88.9276,-88.9433,-88.9646,-88.9643,-88.9374,-88.9008,-88.8468,-88.7742,-88.6937,-88.6153,-88.5432,-88.4292,-88.2776,-88.1005,-87.8533,-87.6191,-87.4266,-87.2803,-87.1765,-87.1099,-87.0747,-87.0661,-87.0653,-87.0482,-87.0261,-87.0092,-87.0029,-87.0094,-87.0137,-86.9043,-86.7765,-86.6774,-86.6145,-86.5856,-86.5861,-86.6112,-86.6566,-86.7187,-86.7944,-86.8638,-86.8968,-86.9154,-86.9347,-86.9610,-86.9966,-87.0421,-87.0971,-87.1589,-87.2077,-87.2372,-87.2560,-87.2725,-87.2922,-87.3180,-87.3059,-87.1990,-87.0923,-87.0115,-86.9567,-86.9097,-86.8671,-86.8332,-86.8115,-86.8035,-86.7858,-86.7034,-86.6084,-86.5296,-86.4760,-86.4483,-86.4312,-86.4110,-86.3917,-86.3802,-86.3807,-86.3950,-86.4232,-86.4647,-86.5183,-86.5788,-86.6235,-86.6315,-86.6055,-86.5642,-86.5233,-86.4919,-86.4746,-86.4730,-86.4868,-86.5152,-86.5569,-86.6101,-86.5359,-86.3848,-86.2635,-86.1901,-86.1616,-86.1700,-86.2075,-86.2672,-86.3439,-86.4336,-86.5331,-86.6373,-86.7251,-86.7932,-86.8500,-86.9031,-86.9571,-87.0150,-87.0781,-87.1467,-87.2206,-87.2994,-87.3824,-87.4688,-87.5580,-87.6451,-87.7013,-87.7293,-87.7444,-87.7560,-87.7694,-87.7788,-87.7444,-87.6579,-87.5468,-87.4313,-87.3234,-87.2299,-87.1542,-87.0975,-87.0597,-87.0398,-87.0364,-87.0232,-86.9848,-86.9427,-86.9078,-86.8843,-86.8510,-86.7951,-86.7278,-86.6488,-86.5655,-86.4880,-86.4234,-86.3752,-86.3449,-86.3323,-86.3367,-86.3569,-86.3912,-86.4383,-86.4965,-86.5645,-86.6409,-86.7210,-86.7813,-86.8194,-86.8483,-86.8746,-86.8895,-86.8947,-86.8991,-86.9082,-86.9250,-86.9501,-86.9838,-87.0135,-86.9813,-86.9255,-86.8747,-86.8379,-86.8179,-86.8144,-86.8266,-86.8530,-86.8920,-86.9419,-87.0013,-87.0687,-87.1428,-87.2225,-87.3066,-87.3942,-87.4845,-87.5766,-87.6699,-87.7639,-87.8578,-87.9514,-88.0442,-88.1359,-88.2262,-88.3065,-88.3494,-88.3619,-88.3338,-88.2727,-88.1979,-88.1228,-88.0551,-87.9989,-87.9559,-87.9266,-87.9104,-87.9066,-87.9141,-87.9318,-87.9584,-87.9929,-88.0342,-88.0812,-88.1331,-88.1890,-88.2481,-88.3097,-88.3733,-88.4383,-88.5042,-88.5705,-88.6368,-88.7029,-88.7684,-88.8332,-88.8969,-88.9594,-89.0206,-89.0804,-89.1386,-89.1947,-89.2045,-89.1441,-89.0072,-88.8453,-88.6857,-88.5192,-88.3410,-88.1668,-87.9346,-87.6375,-87.3714,-87.1565,-86.9923,-86.8326,-86.6526,-86.4880,-86.3573,-86.2641,-86.2063,-86.1793,-86.1788,-86.2006,-86.2410,-86.2971,-86.3662,-86.4461,-86.5347,-86.6306,-86.7322,-86.8382,-86.9476,-87.0563,-87.1443,-87.2071,-87.2552,-87.2980,-87.3416,-87.3889,-87.4382,-87.4697,-87.4807,-87.4822,-87.4837,-87.4906,-87.5052,-87.5284,-87.5599,-87.5992,-87.6456,-87.6981,-87.7559,-87.8183,-87.8845,-87.9537,-88.0253,-88.0988,-88.1736,-88.2492,-88.3252,-88.4012,-88.4768,-88.5518,-88.6259,-88.6989,-88.7705,-88.8407,-88.9092,-88.9760,-89.0410,-89.1040,-89.1652,-89.2243,-89.2815,-89.3366,-89.3898,-89.4410,-89.4903,-89.5376,-89.5830,-89.6267,-89.6685,-89.7086,-89.6729,-89.5509,-89.4298,-89.3293,-89.2524,-89.1973,-89.1609,-89.1401,-89.1321,-89.1345,-89.1453,-89.1630,-89.1862,-89.1948,-89.1647,-89.1188,-89.0708,-89.0271,-88.9907,-88.9628,-88.9438,-88.9335,-88.9313,-88.9365,-88.9484,-88.9663,-88.9893,-89.0168,-89.0482,-89.0827,-89.1199,-89.1592,-89.2001,-89.2423,-89.2854,-89.3291,-89.3730,-89.4170,-89.4607,-89.5041,-89.5469,-89.5890,-89.6303,-89.6658,-89.6668,-89.6391,-89.5985,-89.5547,-89.5132,-89.4768,-89.4471,-89.4246,-89.4095,-89.4013,-89.3997,-89.4039,-89.4135,-89.4278,-89.4461,-89.4679,-89.4926,-89.5198,-89.5490,-89.5797,-89.6117,-89.6446,-89.6781,-89.7120,-89.7461,-89.7801,-89.8139,-89.8474,-89.8804,-89.9114,-89.9219,-89.9042,-89.8695,-89.8282,-89.7869,-89.7493,-89.7173,-89.6854,-89.6107,-89.5083,-89.4026,-89.3032,-89.1910,-89.0632,-88.8539,-88.5935,-88.3495,-88.1419,-87.9744,-87.8212,-87.5883,-87.3671,-87.1883,-87.0550,-86.9632,-86.9073,-86.8819,-86.8820,-86.9034,-86.9424,-86.9962,-87.0621,-87.1375,-87.2146,-87.2845,-87.3465,-87.4035,-87.4585,-87.5141,-87.5717,-87.6323,-87.6963,-87.7637,-87.8342,-87.9076,-87.9834,-88.0612,-88.1405,-88.2209,-88.2865,-88.3189,-88.3363,-88.3517,-88.3705,-88.3946,-88.4243,-88.4590,-88.4983,-88.5380,-88.5537,-88.5423,-88.4877,-88.3111,-88.0357,-87.7829,-87.5713,-87.3961,-87.2282,-87.0651,-86.9175,-86.7913,-86.6750,-86.5586,-86.4484,-86.3509,-86.2701,-86.2081,-86.1654,-86.1414,-86.1353,-86.1458,-86.1714,-86.2106,-86.2620,-86.3241,-86.3957,-86.4754,-86.5620,-86.6545,-86.7517,-86.8528,-86.9569,-87.0632,-87.1709,-87.2794,-87.3882,-87.4966,-87.6043,-87.7108,-87.8020,-87.8561,-87.8863,-87.9050,-87.9125,-87.8872,-87.8394,-87.7843,-87.7256,-87.6488,-87.5582,-87.4665,-87.3831,-87.3129,-87.2583,-87.2196,-87.1964,-87.1879,-87.1927,-87.2097,-87.2376,-87.2752,-87.3212,-87.3694,-87.3258,-87.2437,-87.1711,-87.1157,-87.0650,-87.0161,-86.9735,-86.9417,-86.9230,-86.9182,-86.9268,-86.9481,-86.9808,-87.0236,-87.0752,-87.1346,-87.2005,-87.2719,-87.3480,-87.4277,-87.5104,-87.5953,-87.6818,-87.7693,-87.8573,-87.9454,-88.0332,-88.1202,-88.2062,-88.2909,-88.3742,-88.4557,-88.5353,-88.6130,-88.6885,-88.7619,-88.8330,-88.9018,-88.9683,-89.0325,-89.0944,-89.1540,-89.2114,-89.2644,-89.2943,-89.2952,-89.2782,-89.2543,-89.2304,-89.2100,-89.1951,-89.1862,-89.1834,-89.1863,-89.1944,-89.2072,-89.2242,-89.2447,-89.2683