{
 "cells": [
  {
   "cell_type": "code",
   "execution_count": 1,
   "metadata": {},
   "outputs": [
    {
     "name": "stdout",
     "output_type": "stream",
     "text": [
      "/home/jofrony/Documents/Repositories/BasalGangliaExperiments/Neuromodulation-software/local/adaptive/Experiment-Simulation\n"
     ]
    }
   ],
   "source": [
    "%cd Experiment-Simulation/"
   ]
  },
  {
   "cell_type": "code",
   "execution_count": 2,
   "metadata": {},
   "outputs": [],
   "source": [
    "root = 'Acetylcholine-Dopamine-concACh-concDA-network/'"
   ]
  },
  {
   "cell_type": "code",
   "execution_count": 3,
   "metadata": {},
   "outputs": [
    {
     "name": "stdout",
     "output_type": "stream",
     "text": [
      "Loading 29 neurons with 21504 synapses and 0 gap junctions\n"
     ]
    }
   ],
   "source": [
    "from snudda.utils.load import SnuddaLoad \n",
    "loadeddata =  SnuddaLoad(root + \"network-synapses.hdf5\")\n",
    "\n",
    "posInfo = loadeddata.data"
   ]
  },
  {
   "cell_type": "code",
   "execution_count": 4,
   "metadata": {},
   "outputs": [
    {
     "data": {
      "text/plain": [
       "dict_keys(['config', 'nNeurons', 'neuronID', 'nSynapses', 'nGapJunctions', 'synapses', 'gapJunctions', 'synapseCoords', 'configFile', 'positionFile', 'SlurmID', 'simulationOrigo', 'voxelSize', 'axonStumpIDFlag', 'neurons', 'neuronPositions', 'name', 'populationUnit', 'morph', 'connectivityDistributions'])"
      ]
     },
     "execution_count": 4,
     "metadata": {},
     "output_type": "execute_result"
    }
   ],
   "source": [
    "posInfo.keys()"
   ]
  },
  {
   "cell_type": "code",
   "execution_count": 5,
   "metadata": {},
   "outputs": [
    {
     "data": {
      "text/plain": [
       "[{'name': 'dSPN_0',\n",
       "  'morphology': '/home/jofrony/Documents/Repositories/BasalGangliaExperiments/Neuromodulation-software/network_parameters/neurons/striatum/dspn/str-dspn-e150917_c9_d1-mWT-1215MSN03-v20210212/WT-1215MSN03-cor-rep-ax-res3.swc',\n",
       "  'type': 'dSPN',\n",
       "  'neuronID': 1,\n",
       "  'volumeID': 'Striatum',\n",
       "  'hoc': '',\n",
       "  'position': array([0.00352479, 0.00461317, 0.00507932]),\n",
       "  'rotation': array([[ 0.1228988 , -0.80843415,  0.57561282],\n",
       "         [ 0.88270944,  0.35412792,  0.30889717],\n",
       "         [-0.45356359,  0.47013578,  0.75713435]]),\n",
       "  'maxDendRadius': 0.0002086135091832571,\n",
       "  'maxAxonRadius': 0.000306811103405483,\n",
       "  'virtualNeuron': False,\n",
       "  'axonDensityType': None,\n",
       "  'axonDensity': None,\n",
       "  'axonDensityBoundsXYZ': None,\n",
       "  'axonDensityRadius': nan,\n",
       "  'parameterID': 872213,\n",
       "  'modulationID': 784100},\n",
       " {'name': 'dSPN_2',\n",
       "  'morphology': '/home/jofrony/Documents/Repositories/BasalGangliaExperiments/Neuromodulation-software/network_parameters/neurons/striatum/dspn/str-dspn-e150917_c10_D1-mWT-P270-20-v20210212/WT-P270-20-15ak-cor-res3.swc',\n",
       "  'type': 'dSPN',\n",
       "  'neuronID': 3,\n",
       "  'volumeID': 'Striatum',\n",
       "  'hoc': '',\n",
       "  'position': array([0.00354614, 0.00461033, 0.0050793 ]),\n",
       "  'rotation': array([[-0.96856743,  0.24860248,  0.00859854],\n",
       "         [-0.07179154, -0.24627324, -0.96653788],\n",
       "         [-0.23816612, -0.93677441,  0.2563798 ]]),\n",
       "  'maxDendRadius': 0.000223966129940661,\n",
       "  'maxAxonRadius': 0.00039396474709155264,\n",
       "  'virtualNeuron': False,\n",
       "  'axonDensityType': None,\n",
       "  'axonDensity': None,\n",
       "  'axonDensityBoundsXYZ': None,\n",
       "  'axonDensityRadius': nan,\n",
       "  'parameterID': 278848,\n",
       "  'modulationID': 524300},\n",
       " {'name': 'dSPN_1',\n",
       "  'morphology': '/home/jofrony/Documents/Repositories/BasalGangliaExperiments/Neuromodulation-software/network_parameters/neurons/striatum/dspn/str-dspn-e150602_c1_D1-mWT-0728MSN01-v20210212/21-6-DE-cor-rep-ax-res3.swc',\n",
       "  'type': 'dSPN',\n",
       "  'neuronID': 6,\n",
       "  'volumeID': 'Striatum',\n",
       "  'hoc': '',\n",
       "  'position': array([0.00352583, 0.00464405, 0.00509181]),\n",
       "  'rotation': array([[ 0.68827124, -0.66850145,  0.28175966],\n",
       "         [ 0.54122618,  0.73179962,  0.41417815],\n",
       "         [-0.48307031, -0.1325712 ,  0.86548712]]),\n",
       "  'maxDendRadius': 0.00023304428101262215,\n",
       "  'maxAxonRadius': 0.00038196600736831274,\n",
       "  'virtualNeuron': False,\n",
       "  'axonDensityType': None,\n",
       "  'axonDensity': None,\n",
       "  'axonDensityBoundsXYZ': None,\n",
       "  'axonDensityRadius': nan,\n",
       "  'parameterID': 643795,\n",
       "  'modulationID': 876252},\n",
       " {'name': 'dSPN_0',\n",
       "  'morphology': '/home/jofrony/Documents/Repositories/BasalGangliaExperiments/Neuromodulation-software/network_parameters/neurons/striatum/dspn/str-dspn-e150917_c9_d1-mWT-1215MSN03-v20210212/WT-1215MSN03-cor-rep-ax-res3.swc',\n",
       "  'type': 'dSPN',\n",
       "  'neuronID': 7,\n",
       "  'volumeID': 'Striatum',\n",
       "  'hoc': '',\n",
       "  'position': array([0.003543  , 0.00463193, 0.00509212]),\n",
       "  'rotation': array([[ 0.87423896,  0.18751682, -0.44782105],\n",
       "         [ 0.45912884, -0.0194828 ,  0.88815603],\n",
       "         [ 0.15781939, -0.98206815, -0.10312701]]),\n",
       "  'maxDendRadius': 0.0002086135091832571,\n",
       "  'maxAxonRadius': 0.000306811103405483,\n",
       "  'virtualNeuron': False,\n",
       "  'axonDensityType': None,\n",
       "  'axonDensity': None,\n",
       "  'axonDensityBoundsXYZ': None,\n",
       "  'axonDensityRadius': nan,\n",
       "  'parameterID': 168450,\n",
       "  'modulationID': 268725},\n",
       " {'name': 'dSPN_1',\n",
       "  'morphology': '/home/jofrony/Documents/Repositories/BasalGangliaExperiments/Neuromodulation-software/network_parameters/neurons/striatum/dspn/str-dspn-e150602_c1_D1-mWT-0728MSN01-v20210212/21-6-DE-cor-rep-ax-res3.swc',\n",
       "  'type': 'dSPN',\n",
       "  'neuronID': 8,\n",
       "  'volumeID': 'Striatum',\n",
       "  'hoc': '',\n",
       "  'position': array([0.00352844, 0.00462755, 0.00510532]),\n",
       "  'rotation': array([[-0.6325557 ,  0.69549834, -0.3408157 ],\n",
       "         [-0.33855466, -0.64406443, -0.68597503],\n",
       "         [-0.69660177, -0.31853267,  0.64287083]]),\n",
       "  'maxDendRadius': 0.00023304428101262215,\n",
       "  'maxAxonRadius': 0.00038196600736831274,\n",
       "  'virtualNeuron': False,\n",
       "  'axonDensityType': None,\n",
       "  'axonDensity': None,\n",
       "  'axonDensityBoundsXYZ': None,\n",
       "  'axonDensityRadius': nan,\n",
       "  'parameterID': 422315,\n",
       "  'modulationID': 377066},\n",
       " {'name': 'dSPN_2',\n",
       "  'morphology': '/home/jofrony/Documents/Repositories/BasalGangliaExperiments/Neuromodulation-software/network_parameters/neurons/striatum/dspn/str-dspn-e150917_c10_D1-mWT-P270-20-v20210212/WT-P270-20-15ak-cor-res3.swc',\n",
       "  'type': 'dSPN',\n",
       "  'neuronID': 9,\n",
       "  'volumeID': 'Striatum',\n",
       "  'hoc': '',\n",
       "  'position': array([0.00356703, 0.00460539, 0.00508806]),\n",
       "  'rotation': array([[ 0.9310091 ,  0.3179423 , -0.1792617 ],\n",
       "         [-0.35856751,  0.70493344, -0.61196257],\n",
       "         [-0.06820122,  0.63402014,  0.77030322]]),\n",
       "  'maxDendRadius': 0.000223966129940661,\n",
       "  'maxAxonRadius': 0.00039396474709155264,\n",
       "  'virtualNeuron': False,\n",
       "  'axonDensityType': None,\n",
       "  'axonDensity': None,\n",
       "  'axonDensityBoundsXYZ': None,\n",
       "  'axonDensityRadius': nan,\n",
       "  'parameterID': 354952,\n",
       "  'modulationID': 655886},\n",
       " {'name': 'dSPN_1',\n",
       "  'morphology': '/home/jofrony/Documents/Repositories/BasalGangliaExperiments/Neuromodulation-software/network_parameters/neurons/striatum/dspn/str-dspn-e150602_c1_D1-mWT-0728MSN01-v20210212/21-6-DE-cor-rep-ax-res3.swc',\n",
       "  'type': 'dSPN',\n",
       "  'neuronID': 10,\n",
       "  'volumeID': 'Striatum',\n",
       "  'hoc': '',\n",
       "  'position': array([0.00354672, 0.0046251 , 0.00511186]),\n",
       "  'rotation': array([[-0.4375711 ,  0.36819656,  0.82034311],\n",
       "         [ 0.01458307, -0.90929382,  0.41589913],\n",
       "         [ 0.89906555,  0.19394856,  0.39251126]]),\n",
       "  'maxDendRadius': 0.00023304428101262215,\n",
       "  'maxAxonRadius': 0.00038196600736831274,\n",
       "  'virtualNeuron': False,\n",
       "  'axonDensityType': None,\n",
       "  'axonDensity': None,\n",
       "  'axonDensityBoundsXYZ': None,\n",
       "  'axonDensityRadius': nan,\n",
       "  'parameterID': 847250,\n",
       "  'modulationID': 837173},\n",
       " {'name': 'dSPN_0',\n",
       "  'morphology': '/home/jofrony/Documents/Repositories/BasalGangliaExperiments/Neuromodulation-software/network_parameters/neurons/striatum/dspn/str-dspn-e150917_c9_d1-mWT-1215MSN03-v20210212/WT-1215MSN03-cor-rep-ax-res3.swc',\n",
       "  'type': 'dSPN',\n",
       "  'neuronID': 11,\n",
       "  'volumeID': 'Striatum',\n",
       "  'hoc': '',\n",
       "  'position': array([0.00354267, 0.0046583 , 0.00508583]),\n",
       "  'rotation': array([[ 0.83067032,  0.53764882, -0.14463946],\n",
       "         [-0.54620777,  0.83728995, -0.02454811],\n",
       "         [ 0.1079069 ,  0.09939458,  0.98917987]]),\n",
       "  'maxDendRadius': 0.0002086135091832571,\n",
       "  'maxAxonRadius': 0.000306811103405483,\n",
       "  'virtualNeuron': False,\n",
       "  'axonDensityType': None,\n",
       "  'axonDensity': None,\n",
       "  'axonDensityBoundsXYZ': None,\n",
       "  'axonDensityRadius': nan,\n",
       "  'parameterID': 822791,\n",
       "  'modulationID': 701195},\n",
       " {'name': 'dSPN_0',\n",
       "  'morphology': '/home/jofrony/Documents/Repositories/BasalGangliaExperiments/Neuromodulation-software/network_parameters/neurons/striatum/dspn/str-dspn-e150917_c9_d1-mWT-1215MSN03-v20210212/WT-1215MSN03-cor-rep-ax-res3.swc',\n",
       "  'type': 'dSPN',\n",
       "  'neuronID': 12,\n",
       "  'volumeID': 'Striatum',\n",
       "  'hoc': '',\n",
       "  'position': array([0.00356742, 0.00463573, 0.00510311]),\n",
       "  'rotation': array([[ 0.92555118,  0.32145628,  0.20005218],\n",
       "         [-0.2326526 ,  0.06600512,  0.97031752],\n",
       "         [ 0.29871019, -0.94462119,  0.13587875]]),\n",
       "  'maxDendRadius': 0.0002086135091832571,\n",
       "  'maxAxonRadius': 0.000306811103405483,\n",
       "  'virtualNeuron': False,\n",
       "  'axonDensityType': None,\n",
       "  'axonDensity': None,\n",
       "  'axonDensityBoundsXYZ': None,\n",
       "  'axonDensityRadius': nan,\n",
       "  'parameterID': 728408,\n",
       "  'modulationID': 754885},\n",
       " {'name': 'dSPN_1',\n",
       "  'morphology': '/home/jofrony/Documents/Repositories/BasalGangliaExperiments/Neuromodulation-software/network_parameters/neurons/striatum/dspn/str-dspn-e150602_c1_D1-mWT-0728MSN01-v20210212/21-6-DE-cor-rep-ax-res3.swc',\n",
       "  'type': 'dSPN',\n",
       "  'neuronID': 13,\n",
       "  'volumeID': 'Striatum',\n",
       "  'hoc': '',\n",
       "  'position': array([0.00354226, 0.00464238, 0.00512135]),\n",
       "  'rotation': array([[-0.41622774,  0.55532455,  0.71997855],\n",
       "         [-0.31371044, -0.83091383,  0.45953016],\n",
       "         [ 0.85342851, -0.03459559,  0.52006049]]),\n",
       "  'maxDendRadius': 0.00023304428101262215,\n",
       "  'maxAxonRadius': 0.00038196600736831274,\n",
       "  'virtualNeuron': False,\n",
       "  'axonDensityType': None,\n",
       "  'axonDensity': None,\n",
       "  'axonDensityBoundsXYZ': None,\n",
       "  'axonDensityRadius': nan,\n",
       "  'parameterID': 763567,\n",
       "  'modulationID': 50517},\n",
       " {'name': 'dSPN_2',\n",
       "  'morphology': '/home/jofrony/Documents/Repositories/BasalGangliaExperiments/Neuromodulation-software/network_parameters/neurons/striatum/dspn/str-dspn-e150917_c10_D1-mWT-P270-20-v20210212/WT-P270-20-15ak-cor-res3.swc',\n",
       "  'type': 'dSPN',\n",
       "  'neuronID': 14,\n",
       "  'volumeID': 'Striatum',\n",
       "  'hoc': '',\n",
       "  'position': array([0.00358465, 0.00461129, 0.00508048]),\n",
       "  'rotation': array([[ 0.90991294, -0.14472025,  0.38873447],\n",
       "         [-0.35713029, -0.75001643,  0.55671654],\n",
       "         [ 0.21098908, -0.64539244, -0.73413364]]),\n",
       "  'maxDendRadius': 0.000223966129940661,\n",
       "  'maxAxonRadius': 0.00039396474709155264,\n",
       "  'virtualNeuron': False,\n",
       "  'axonDensityType': None,\n",
       "  'axonDensity': None,\n",
       "  'axonDensityBoundsXYZ': None,\n",
       "  'axonDensityRadius': nan,\n",
       "  'parameterID': 618767,\n",
       "  'modulationID': 784626},\n",
       " {'name': 'dSPN_1',\n",
       "  'morphology': '/home/jofrony/Documents/Repositories/BasalGangliaExperiments/Neuromodulation-software/network_parameters/neurons/striatum/dspn/str-dspn-e150602_c1_D1-mWT-0728MSN01-v20210212/21-6-DE-cor-rep-ax-res3.swc',\n",
       "  'type': 'dSPN',\n",
       "  'neuronID': 15,\n",
       "  'volumeID': 'Striatum',\n",
       "  'hoc': '',\n",
       "  'position': array([0.00353557, 0.00462121, 0.00513488]),\n",
       "  'rotation': array([[-0.18933218,  0.96729392,  0.16880699],\n",
       "         [ 0.76535188,  0.03767816,  0.64250826],\n",
       "         [ 0.61513399,  0.25084423, -0.74745391]]),\n",
       "  'maxDendRadius': 0.00023304428101262215,\n",
       "  'maxAxonRadius': 0.00038196600736831274,\n",
       "  'virtualNeuron': False,\n",
       "  'axonDensityType': None,\n",
       "  'axonDensity': None,\n",
       "  'axonDensityBoundsXYZ': None,\n",
       "  'axonDensityRadius': nan,\n",
       "  'parameterID': 764637,\n",
       "  'modulationID': 135948},\n",
       " {'name': 'dSPN_2',\n",
       "  'morphology': '/home/jofrony/Documents/Repositories/BasalGangliaExperiments/Neuromodulation-software/network_parameters/neurons/striatum/dspn/str-dspn-e150917_c10_D1-mWT-P270-20-v20210212/WT-P270-20-15ak-cor-res3.swc',\n",
       "  'type': 'dSPN',\n",
       "  'neuronID': 16,\n",
       "  'volumeID': 'Striatum',\n",
       "  'hoc': '',\n",
       "  'position': array([0.0035285 , 0.00463816, 0.00513402]),\n",
       "  'rotation': array([[ 0.17301449,  0.96058382, -0.21758839],\n",
       "         [-0.98352185,  0.15673607, -0.09010316],\n",
       "         [-0.05244769,  0.22959208,  0.97187279]]),\n",
       "  'maxDendRadius': 0.000223966129940661,\n",
       "  'maxAxonRadius': 0.00039396474709155264,\n",
       "  'virtualNeuron': False,\n",
       "  'axonDensityType': None,\n",
       "  'axonDensity': None,\n",
       "  'axonDensityBoundsXYZ': None,\n",
       "  'axonDensityRadius': nan,\n",
       "  'parameterID': 927324,\n",
       "  'modulationID': 985843},\n",
       " {'name': 'dSPN_2',\n",
       "  'morphology': '/home/jofrony/Documents/Repositories/BasalGangliaExperiments/Neuromodulation-software/network_parameters/neurons/striatum/dspn/str-dspn-e150917_c10_D1-mWT-P270-20-v20210212/WT-P270-20-15ak-cor-res3.swc',\n",
       "  'type': 'dSPN',\n",
       "  'neuronID': 17,\n",
       "  'volumeID': 'Striatum',\n",
       "  'hoc': '',\n",
       "  'position': array([0.00356977, 0.0046537 , 0.00509363]),\n",
       "  'rotation': array([[ 0.80579152, -0.24441077, -0.53941024],\n",
       "         [-0.19004071,  0.7559627 , -0.62642233],\n",
       "         [ 0.56087838,  0.6072757 ,  0.56270033]]),\n",
       "  'maxDendRadius': 0.000223966129940661,\n",
       "  'maxAxonRadius': 0.00039396474709155264,\n",
       "  'virtualNeuron': False,\n",
       "  'axonDensityType': None,\n",
       "  'axonDensity': None,\n",
       "  'axonDensityBoundsXYZ': None,\n",
       "  'axonDensityRadius': nan,\n",
       "  'parameterID': 271235,\n",
       "  'modulationID': 754075},\n",
       " {'name': 'dSPN_2',\n",
       "  'morphology': '/home/jofrony/Documents/Repositories/BasalGangliaExperiments/Neuromodulation-software/network_parameters/neurons/striatum/dspn/str-dspn-e150917_c10_D1-mWT-P270-20-v20210212/WT-P270-20-15ak-cor-res3.swc',\n",
       "  'type': 'dSPN',\n",
       "  'neuronID': 18,\n",
       "  'volumeID': 'Striatum',\n",
       "  'hoc': '',\n",
       "  'position': array([0.00354982, 0.00466311, 0.00511289]),\n",
       "  'rotation': array([[-0.51052739,  0.83604315, -0.2009817 ],\n",
       "         [-0.52984656, -0.12178369,  0.83930409],\n",
       "         [ 0.67721814,  0.53497719,  0.5051485 ]]),\n",
       "  'maxDendRadius': 0.000223966129940661,\n",
       "  'maxAxonRadius': 0.00039396474709155264,\n",
       "  'virtualNeuron': False,\n",
       "  'axonDensityType': None,\n",
       "  'axonDensity': None,\n",
       "  'axonDensityBoundsXYZ': None,\n",
       "  'axonDensityRadius': nan,\n",
       "  'parameterID': 187180,\n",
       "  'modulationID': 559869},\n",
       " {'name': 'dSPN_0',\n",
       "  'morphology': '/home/jofrony/Documents/Repositories/BasalGangliaExperiments/Neuromodulation-software/network_parameters/neurons/striatum/dspn/str-dspn-e150917_c9_d1-mWT-1215MSN03-v20210212/WT-1215MSN03-cor-rep-ax-res3.swc',\n",
       "  'type': 'dSPN',\n",
       "  'neuronID': 19,\n",
       "  'volumeID': 'Striatum',\n",
       "  'hoc': '',\n",
       "  'position': array([0.00356802, 0.0046686 , 0.00508176]),\n",
       "  'rotation': array([[ 0.42212237, -0.31172866,  0.85125668],\n",
       "         [ 0.09849676,  0.94923052,  0.29876379],\n",
       "         [-0.90117206, -0.04226886,  0.4313957 ]]),\n",
       "  'maxDendRadius': 0.0002086135091832571,\n",
       "  'maxAxonRadius': 0.000306811103405483,\n",
       "  'virtualNeuron': False,\n",
       "  'axonDensityType': None,\n",
       "  'axonDensity': None,\n",
       "  'axonDensityBoundsXYZ': None,\n",
       "  'axonDensityRadius': nan,\n",
       "  'parameterID': 221175,\n",
       "  'modulationID': 180842},\n",
       " {'name': 'dSPN_2',\n",
       "  'morphology': '/home/jofrony/Documents/Repositories/BasalGangliaExperiments/Neuromodulation-software/network_parameters/neurons/striatum/dspn/str-dspn-e150917_c10_D1-mWT-P270-20-v20210212/WT-P270-20-15ak-cor-res3.swc',\n",
       "  'type': 'dSPN',\n",
       "  'neuronID': 20,\n",
       "  'volumeID': 'Striatum',\n",
       "  'hoc': '',\n",
       "  'position': array([0.00356973, 0.00464351, 0.00511736]),\n",
       "  'rotation': array([[ 0.54191112,  0.83851613,  0.05677184],\n",
       "         [-0.83832836,  0.5440983 , -0.03409693],\n",
       "         [-0.05948028, -0.02911594,  0.99780477]]),\n",
       "  'maxDendRadius': 0.000223966129940661,\n",
       "  'maxAxonRadius': 0.00039396474709155264,\n",
       "  'virtualNeuron': False,\n",
       "  'axonDensityType': None,\n",
       "  'axonDensity': None,\n",
       "  'axonDensityBoundsXYZ': None,\n",
       "  'axonDensityRadius': nan,\n",
       "  'parameterID': 183019,\n",
       "  'modulationID': 159281},\n",
       " {'name': 'dSPN_0',\n",
       "  'morphology': '/home/jofrony/Documents/Repositories/BasalGangliaExperiments/Neuromodulation-software/network_parameters/neurons/striatum/dspn/str-dspn-e150917_c9_d1-mWT-1215MSN03-v20210212/WT-1215MSN03-cor-rep-ax-res3.swc',\n",
       "  'type': 'dSPN',\n",
       "  'neuronID': 21,\n",
       "  'volumeID': 'Striatum',\n",
       "  'hoc': '',\n",
       "  'position': array([0.00353741, 0.00466955, 0.00512118]),\n",
       "  'rotation': array([[-0.74608037, -0.49835244, -0.44159815],\n",
       "         [-0.10758416, -0.56426832,  0.81855172],\n",
       "         [-0.65710709,  0.65821433,  0.36737469]]),\n",
       "  'maxDendRadius': 0.0002086135091832571,\n",
       "  'maxAxonRadius': 0.000306811103405483,\n",
       "  'virtualNeuron': False,\n",
       "  'axonDensityType': None,\n",
       "  'axonDensity': None,\n",
       "  'axonDensityBoundsXYZ': None,\n",
       "  'axonDensityRadius': nan,\n",
       "  'parameterID': 494465,\n",
       "  'modulationID': 622153},\n",
       " {'name': 'dSPN_1',\n",
       "  'morphology': '/home/jofrony/Documents/Repositories/BasalGangliaExperiments/Neuromodulation-software/network_parameters/neurons/striatum/dspn/str-dspn-e150602_c1_D1-mWT-0728MSN01-v20210212/21-6-DE-cor-rep-ax-res3.swc',\n",
       "  'type': 'dSPN',\n",
       "  'neuronID': 22,\n",
       "  'volumeID': 'Striatum',\n",
       "  'hoc': '',\n",
       "  'position': array([0.00356867, 0.00461125, 0.00513218]),\n",
       "  'rotation': array([[-0.62272885,  0.23244923,  0.74711187],\n",
       "         [-0.41204956, -0.90914487, -0.06058681],\n",
       "         [ 0.66514956, -0.34557628,  0.66193134]]),\n",
       "  'maxDendRadius': 0.00023304428101262215,\n",
       "  'maxAxonRadius': 0.00038196600736831274,\n",
       "  'virtualNeuron': False,\n",
       "  'axonDensityType': None,\n",
       "  'axonDensity': None,\n",
       "  'axonDensityBoundsXYZ': None,\n",
       "  'axonDensityRadius': nan,\n",
       "  'parameterID': 192577,\n",
       "  'modulationID': 162569},\n",
       " {'name': 'dSPN_1',\n",
       "  'morphology': '/home/jofrony/Documents/Repositories/BasalGangliaExperiments/Neuromodulation-software/network_parameters/neurons/striatum/dspn/str-dspn-e150602_c1_D1-mWT-0728MSN01-v20210212/21-6-DE-cor-rep-ax-res3.swc',\n",
       "  'type': 'dSPN',\n",
       "  'neuronID': 23,\n",
       "  'volumeID': 'Striatum',\n",
       "  'hoc': '',\n",
       "  'position': array([0.00357795, 0.00462138, 0.00512251]),\n",
       "  'rotation': array([[ 0.69071637,  0.71128192, -0.13034159],\n",
       "         [ 0.67008315, -0.56180741,  0.4851402 ],\n",
       "         [ 0.27184458, -0.42243398, -0.8646676 ]]),\n",
       "  'maxDendRadius': 0.00023304428101262215,\n",
       "  'maxAxonRadius': 0.00038196600736831274,\n",
       "  'virtualNeuron': False,\n",
       "  'axonDensityType': None,\n",
       "  'axonDensity': None,\n",
       "  'axonDensityBoundsXYZ': None,\n",
       "  'axonDensityRadius': nan,\n",
       "  'parameterID': 341823,\n",
       "  'modulationID': 199444},\n",
       " {'name': 'dSPN_2',\n",
       "  'morphology': '/home/jofrony/Documents/Repositories/BasalGangliaExperiments/Neuromodulation-software/network_parameters/neurons/striatum/dspn/str-dspn-e150917_c10_D1-mWT-P270-20-v20210212/WT-P270-20-15ak-cor-res3.swc',\n",
       "  'type': 'dSPN',\n",
       "  'neuronID': 24,\n",
       "  'volumeID': 'Striatum',\n",
       "  'hoc': '',\n",
       "  'position': array([0.00356888, 0.00466999, 0.00510033]),\n",
       "  'rotation': array([[-0.13878642,  0.92889907, -0.34334362],\n",
       "         [ 0.92596054,  0.24466551,  0.28763842],\n",
       "         [ 0.3511914 , -0.27800234, -0.89408014]]),\n",
       "  'maxDendRadius': 0.000223966129940661,\n",
       "  'maxAxonRadius': 0.00039396474709155264,\n",
       "  'virtualNeuron': False,\n",
       "  'axonDensityType': None,\n",
       "  'axonDensity': None,\n",
       "  'axonDensityBoundsXYZ': None,\n",
       "  'axonDensityRadius': nan,\n",
       "  'parameterID': 943970,\n",
       "  'modulationID': 306945},\n",
       " {'name': 'dSPN_2',\n",
       "  'morphology': '/home/jofrony/Documents/Repositories/BasalGangliaExperiments/Neuromodulation-software/network_parameters/neurons/striatum/dspn/str-dspn-e150917_c10_D1-mWT-P270-20-v20210212/WT-P270-20-15ak-cor-res3.swc',\n",
       "  'type': 'dSPN',\n",
       "  'neuronID': 25,\n",
       "  'volumeID': 'Striatum',\n",
       "  'hoc': '',\n",
       "  'position': array([0.00353523, 0.00466094, 0.00514105]),\n",
       "  'rotation': array([[-0.35006578, -0.91972166, -0.17766831],\n",
       "         [ 0.51675131, -0.031413  , -0.85555906],\n",
       "         [ 0.7812951 , -0.39131228,  0.48626399]]),\n",
       "  'maxDendRadius': 0.000223966129940661,\n",
       "  'maxAxonRadius': 0.00039396474709155264,\n",
       "  'virtualNeuron': False,\n",
       "  'axonDensityType': None,\n",
       "  'axonDensity': None,\n",
       "  'axonDensityBoundsXYZ': None,\n",
       "  'axonDensityRadius': nan,\n",
       "  'parameterID': 922447,\n",
       "  'modulationID': 93022},\n",
       " {'name': 'dSPN_1',\n",
       "  'morphology': '/home/jofrony/Documents/Repositories/BasalGangliaExperiments/Neuromodulation-software/network_parameters/neurons/striatum/dspn/str-dspn-e150602_c1_D1-mWT-0728MSN01-v20210212/21-6-DE-cor-rep-ax-res3.swc',\n",
       "  'type': 'dSPN',\n",
       "  'neuronID': 26,\n",
       "  'volumeID': 'Striatum',\n",
       "  'hoc': '',\n",
       "  'position': array([0.00358561, 0.00464545, 0.00511881]),\n",
       "  'rotation': array([[-0.42345268, -0.56935498,  0.70464369],\n",
       "         [-0.3304753 , -0.62713661, -0.7053267 ],\n",
       "         [ 0.84348912, -0.53153982,  0.07740492]]),\n",
       "  'maxDendRadius': 0.00023304428101262215,\n",
       "  'maxAxonRadius': 0.00038196600736831274,\n",
       "  'virtualNeuron': False,\n",
       "  'axonDensityType': None,\n",
       "  'axonDensity': None,\n",
       "  'axonDensityBoundsXYZ': None,\n",
       "  'axonDensityRadius': nan,\n",
       "  'parameterID': 365269,\n",
       "  'modulationID': 312000},\n",
       " {'name': 'dSPN_0',\n",
       "  'morphology': '/home/jofrony/Documents/Repositories/BasalGangliaExperiments/Neuromodulation-software/network_parameters/neurons/striatum/dspn/str-dspn-e150917_c9_d1-mWT-1215MSN03-v20210212/WT-1215MSN03-cor-rep-ax-res3.swc',\n",
       "  'type': 'dSPN',\n",
       "  'neuronID': 27,\n",
       "  'volumeID': 'Striatum',\n",
       "  'hoc': '',\n",
       "  'position': array([0.00357602, 0.0046366 , 0.00513458]),\n",
       "  'rotation': array([[ 0.74960295, -0.45425209,  0.48140468],\n",
       "         [ 0.6590249 ,  0.57979968, -0.47908091],\n",
       "         [-0.06149477,  0.67637813,  0.73398298]]),\n",
       "  'maxDendRadius': 0.0002086135091832571,\n",
       "  'maxAxonRadius': 0.000306811103405483,\n",
       "  'virtualNeuron': False,\n",
       "  'axonDensityType': None,\n",
       "  'axonDensity': None,\n",
       "  'axonDensityBoundsXYZ': None,\n",
       "  'axonDensityRadius': nan,\n",
       "  'parameterID': 686401,\n",
       "  'modulationID': 571009},\n",
       " {'name': 'dSPN_0',\n",
       "  'morphology': '/home/jofrony/Documents/Repositories/BasalGangliaExperiments/Neuromodulation-software/network_parameters/neurons/striatum/dspn/str-dspn-e150917_c9_d1-mWT-1215MSN03-v20210212/WT-1215MSN03-cor-rep-ax-res3.swc',\n",
       "  'type': 'dSPN',\n",
       "  'neuronID': 28,\n",
       "  'volumeID': 'Striatum',\n",
       "  'hoc': '',\n",
       "  'position': array([0.00356372, 0.0046576 , 0.00513765]),\n",
       "  'rotation': array([[ 0.14270183,  0.34445529,  0.92789371],\n",
       "         [-0.82225747, -0.48057749,  0.30485723],\n",
       "         [ 0.55093451, -0.80647122,  0.21465165]]),\n",
       "  'maxDendRadius': 0.0002086135091832571,\n",
       "  'maxAxonRadius': 0.000306811103405483,\n",
       "  'virtualNeuron': False,\n",
       "  'axonDensityType': None,\n",
       "  'axonDensity': None,\n",
       "  'axonDensityBoundsXYZ': None,\n",
       "  'axonDensityRadius': nan,\n",
       "  'parameterID': 938674,\n",
       "  'modulationID': 956765}]"
      ]
     },
     "execution_count": 5,
     "metadata": {},
     "output_type": "execute_result"
    }
   ],
   "source": [
    "[k for k in posInfo['neurons'] if 'dSPN' in k['name']]"
   ]
  },
  {
   "cell_type": "code",
   "execution_count": 6,
   "metadata": {},
   "outputs": [
    {
     "data": {
      "text/plain": [
       "['dSPN_0',\n",
       " 'dSPN_2',\n",
       " 'dSPN_1',\n",
       " 'dSPN_0',\n",
       " 'dSPN_1',\n",
       " 'dSPN_2',\n",
       " 'dSPN_1',\n",
       " 'dSPN_0',\n",
       " 'dSPN_0',\n",
       " 'dSPN_1',\n",
       " 'dSPN_2',\n",
       " 'dSPN_1',\n",
       " 'dSPN_2',\n",
       " 'dSPN_2',\n",
       " 'dSPN_2',\n",
       " 'dSPN_0',\n",
       " 'dSPN_2',\n",
       " 'dSPN_0',\n",
       " 'dSPN_1',\n",
       " 'dSPN_1',\n",
       " 'dSPN_2',\n",
       " 'dSPN_2',\n",
       " 'dSPN_1',\n",
       " 'dSPN_0',\n",
       " 'dSPN_0']"
      ]
     },
     "execution_count": 6,
     "metadata": {},
     "output_type": "execute_result"
    }
   ],
   "source": [
    "[k['name'] for k in posInfo['neurons'] if 'dSPN' in k['name']]"
   ]
  },
  {
   "cell_type": "code",
   "execution_count": 6,
   "metadata": {},
   "outputs": [
    {
     "data": {
      "text/plain": [
       "[{('DopaminergicAxon', 'dSPN'): 27},\n",
       " {('DopaminergicAxon', 'iSPN'): 28},\n",
       " {('DopaminergicAxon', 'FSN'): 29},\n",
       " {('DopaminergicAxon', 'LTS'): 30},\n",
       " {('DopaminergicAxon', 'ChIN'): 31}]"
      ]
     },
     "execution_count": 6,
     "metadata": {},
     "output_type": "execute_result"
    }
   ],
   "source": [
    "[{k : info['Dopamine']['channelModelID']} for k, info in posInfo['connectivityDistributions'].items() if 'DopaminergicAxon' in k ]"
   ]
  },
  {
   "cell_type": "markdown",
   "metadata": {},
   "source": [
    "# Line  174 detect.py\n",
    "\n",
    "        # Columns in hyperVoxelSynapses:\n",
    "        # 0: sourceCellID, 1: destCellID, 2: voxelX, 3: voxelY, 4: voxelZ,\n",
    "        # 5: hyperVoxelID, 6: channelModelID,\n",
    "        # 7: sourceAxonSomaDist (not SI scaled 1e6, micrometers),\n",
    "        # 8: destDendSomaDist (not SI scaled 1e6, micrometers)\n",
    "        # 9: destSegID, 10: destSegX (int 0 - 1000, SONATA wants float 0.0-1.0)\n",
    "        # 11: conductance (int, not SI scaled 1e12, in pS)\n",
    "        # 12: parameterID\n",
    "        #\n",
    "        # Note on parameterID:\n",
    "        # If there are n parameter sets for the particular synapse type, then\n",
    "        # the ID to use is parameterID % n, this way we can reuse connectivity\n",
    "        # if we add more synapse parameter sets later.\n",
    "\n",
    "        self.hyper_voxel_synapses = None\n",
    "\n",
    "        # Columns in hyperVoxelGapJunctions\n",
    "        # 0: sourceCellID, 1: destCellID, 2: sourceSegID, 3: destSegID,\n",
    "        # 4: sourceSegX, 5: destSegX, 6: voxelX, 7: voxelY, 8: voxelZ,\n",
    "        # 9: hyperVoxelID, 10: conductance (integer, in pS)"
   ]
  },
  {
   "cell_type": "code",
   "execution_count": 7,
   "metadata": {},
   "outputs": [],
   "source": [
    "d = [k for k in posInfo['synapses'] if k[6] in [27,28,29,30,31]]"
   ]
  },
  {
   "cell_type": "code",
   "execution_count": 8,
   "metadata": {},
   "outputs": [],
   "source": [
    "d = [k for k in posInfo['synapses'] if k[6] in [27]]"
   ]
  },
  {
   "cell_type": "code",
   "execution_count": 9,
   "metadata": {},
   "outputs": [],
   "source": [
    "num_synapses = dict()\n",
    "for ra in d:\n",
    "    \n",
    "    cell = ra[1]\n",
    "    \n",
    "    if cell in num_synapses.keys():\n",
    "        num_synapses[cell]['count'] +=1 \n",
    "        num_synapses[cell]['section'].append(ra[9])\n",
    "        num_synapses[cell]['pos'].append(ra[10])\n",
    "        \n",
    "        \n",
    "    else:\n",
    "        num_synapses.update({cell : {'count' : 1}})\n",
    "        num_synapses[cell].update({'section' : [ra[9]]})\n",
    "        num_synapses[cell].update({'pos' : [ra[10]]})"
   ]
  },
  {
   "cell_type": "code",
   "execution_count": 10,
   "metadata": {},
   "outputs": [],
   "source": [
    "re = dict()\n",
    "import numpy as np\n",
    "for kl, infor in num_synapses.items():\n",
    "    re.update({ kl : len(np.unique(infor['pos']))})"
   ]
  },
  {
   "cell_type": "code",
   "execution_count": 11,
   "metadata": {},
   "outputs": [
    {
     "data": {
      "text/plain": [
       "dict_keys([1, 3, 4, 5, 6, 7, 8, 9, 10, 11, 12, 13, 14, 15, 16, 17, 18, 19, 20, 21, 22, 23, 24, 25, 26])"
      ]
     },
     "execution_count": 11,
     "metadata": {},
     "output_type": "execute_result"
    }
   ],
   "source": [
    "re.keys()"
   ]
  },
  {
   "cell_type": "code",
   "execution_count": 12,
   "metadata": {},
   "outputs": [],
   "source": [
    "from project_wide.compare_plot_traces import comparePlotTraces\n",
    "from project_wide.compare_activity_analyse import compareTraces"
   ]
  },
  {
   "cell_type": "code",
   "execution_count": 13,
   "metadata": {},
   "outputs": [
    {
     "name": "stdout",
     "output_type": "stream",
     "text": [
      "Unable to guess ID, using 666.\n",
      "Loading 27 neurons with 11266 synapses and 0 gap junctions\n",
      "Loading 27 neurons with 11266 synapses and 0 gap junctions\n"
     ]
    }
   ],
   "source": [
    "root = 'Acetylcholine-Dopamine-concACh-concDA-network/'\n",
    "simroot = root + 'simulation/'\n",
    "fn = [simroot + 'network-voltage-ACh-DA-network-burst-control.csv',\\\n",
    "      simroot + 'network-voltage-ACh-DA-network-burst.csv']\n",
    "\n",
    "nf = [root + 'network-synapses.hdf5',\\\n",
    "      root + 'network-synapses.hdf5']\n",
    "\n",
    "\n",
    "kl = compareTraces(fileNames=fn,\\\n",
    "                      networkFiles=nf,labels=['Control', 'DA'],colours=['black','red'])\n",
    "\n"
   ]
  },
  {
   "cell_type": "code",
   "execution_count": 18,
   "metadata": {},
   "outputs": [
    {
     "name": "stderr",
     "output_type": "stream",
     "text": [
      "/home/jofrony/miniconda3/envs/py37/lib/python3.7/site-packages/ipykernel_launcher.py:6: RuntimeWarning: More than 20 figures have been opened. Figures created through the pyplot interface (`matplotlib.pyplot.figure`) are retained until explicitly closed and may consume too much memory. (To control this warning, see the rcParam `figure.max_open_warning`).\n",
      "  \n"
     ]
    },
    {
     "data": {
